 1.00000000e+00  1.08871852e+02 
 1.05925373e+00  1.08477591e+02 
 1.12201845e+00  1.08074051e+02 
 1.18850223e+00  1.07661865e+02 
 1.25892541e+00  1.07241655e+02 
 1.33352143e+00  1.06814024e+02 
 1.41253754e+00  1.06379555e+02 
 1.49623566e+00  1.05938805e+02 
 1.58489319e+00  1.05492302e+02 
 1.67880402e+00  1.05040543e+02 
 1.77827941e+00  1.04583994e+02 
 1.88364909e+00  1.04123090e+02 
 1.99526231e+00  1.03658233e+02 
 2.11348904e+00  1.03189796e+02 
 2.23872114e+00  1.02718121e+02 
 2.37137371e+00  1.02243522e+02 
 2.51188643e+00  1.01766287e+02 
 2.66072506e+00  1.01286677e+02 
 2.81838293e+00  1.00804931e+02 
 2.98538262e+00  1.00321265e+02 
 3.16227766e+00  9.98358741e+01 
 3.34965439e+00  9.93489362e+01 
 3.54813389e+00  9.88606111e+01 
 3.75837404e+00  9.83710429e+01 
 3.98107171e+00  9.78803614e+01 
 4.21696503e+00  9.73886834e+01 
 4.46683592e+00  9.68961138e+01 
 4.73151259e+00  9.64027469e+01 
 5.01187234e+00  9.59086673e+01 
 5.30884444e+00  9.54139506e+01 
 5.62341325e+00  9.49186647e+01 
 5.95662144e+00  9.44228706e+01 
 6.30957344e+00  9.39266225e+01 
 6.68343918e+00  9.34299691e+01 
 7.07945784e+00  9.29329539e+01 
 7.49894209e+00  9.24356159e+01 
 7.94328235e+00  9.19379897e+01 
 8.41395142e+00  9.14401065e+01 
 8.91250938e+00  9.09419940e+01 
 9.44060876e+00  9.04436769e+01 
 1.00000000e+01  8.99451773e+01 
 1.05925373e+01  8.94465150e+01 
 1.12201845e+01  8.89477076e+01 
 1.18850223e+01  8.84487708e+01 
 1.25892541e+01  8.79497185e+01 
 1.33352143e+01  8.74505634e+01 
 1.41253754e+01  8.69513165e+01 
 1.49623566e+01  8.64519879e+01 
 1.58489319e+01  8.59525863e+01 
 1.67880402e+01  8.54531197e+01 
 1.77827941e+01  8.49535952e+01 
 1.88364909e+01  8.44540190e+01 
 1.99526231e+01  8.39543967e+01 
 2.11348904e+01  8.34547334e+01 
 2.23872114e+01  8.29550335e+01 
 2.37137371e+01  8.24553010e+01 
 2.51188643e+01  8.19555394e+01 
 2.66072506e+01  8.14557519e+01 
 2.81838293e+01  8.09559413e+01 
 2.98538262e+01  8.04561101e+01 
 3.16227766e+01  7.99562605e+01 
 3.34965439e+01  7.94563946e+01 
 3.54813389e+01  7.89565141e+01 
 3.75837404e+01  7.84566206e+01 
 3.98107171e+01  7.79567156e+01 
 4.21696503e+01  7.74568002e+01 
 4.46683592e+01  7.69568756e+01 
 4.73151259e+01  7.64569428e+01 
 5.01187234e+01  7.59570027e+01 
 5.30884444e+01  7.54570561e+01 
 5.62341325e+01  7.49571037e+01 
 5.95662144e+01  7.44571461e+01 
 6.30957344e+01  7.39571839e+01 
 6.68343918e+01  7.34572176e+01 
 7.07945784e+01  7.29572476e+01 
 7.49894209e+01  7.24572744e+01 
 7.94328235e+01  7.19572983e+01 
 8.41395142e+01  7.14573195e+01 
 8.91250938e+01  7.09573385e+01 
 9.44060876e+01  7.04573554e+01 
 1.00000000e+02  6.99573704e+01 
 1.05925373e+02  6.94573838e+01 
 1.12201845e+02  6.89573958e+01 
 1.18850223e+02  6.84574064e+01 
 1.25892541e+02  6.79574159e+01 
 1.33352143e+02  6.74574244e+01 
 1.41253754e+02  6.69574319e+01 
 1.49623566e+02  6.64574387e+01 
 1.58489319e+02  6.59574447e+01 
 1.67880402e+02  6.54574500e+01 
 1.77827941e+02  6.49574548e+01 
 1.88364909e+02  6.44574590e+01 
 1.99526231e+02  6.39574628e+01 
 2.11348904e+02  6.34574662e+01 
 2.23872114e+02  6.29574692e+01 
 2.37137371e+02  6.24574719e+01 
 2.51188643e+02  6.19574743e+01 
 2.66072506e+02  6.14574764e+01 
 2.81838293e+02  6.09574783e+01 
 2.98538262e+02  6.04574800e+01 
 3.16227766e+02  5.99574816e+01 
 3.34965439e+02  5.94574829e+01 
 3.54813389e+02  5.89574841e+01 
 3.75837404e+02  5.84574852e+01 
 3.98107171e+02  5.79574862e+01 
 4.21696503e+02  5.74574871e+01 
 4.46683592e+02  5.69574879e+01 
 4.73151259e+02  5.64574886e+01 
 5.01187234e+02  5.59574893e+01 
 5.30884444e+02  5.54574898e+01 
 5.62341325e+02  5.49574904e+01 
 5.95662144e+02  5.44574909e+01 
 6.30957344e+02  5.39574913e+01 
 6.68343918e+02  5.34574918e+01 
 7.07945784e+02  5.29574922e+01 
 7.49894209e+02  5.24574925e+01 
 7.94328235e+02  5.19574929e+01 
 8.41395142e+02  5.14574932e+01 
 8.91250938e+02  5.09574936e+01 
 9.44060876e+02  5.04574939e+01 
 1.00000000e+03  4.99574943e+01 
 1.05925373e+03  4.94574946e+01 
 1.12201845e+03  4.89574950e+01 
 1.18850223e+03  4.84574954e+01 
 1.25892541e+03  4.79574958e+01 
 1.33352143e+03  4.74574962e+01 
 1.41253754e+03  4.69574966e+01 
 1.49623566e+03  4.64574971e+01 
 1.58489319e+03  4.59574977e+01 
 1.67880402e+03  4.54574983e+01 
 1.77827941e+03  4.49574989e+01 
 1.88364909e+03  4.44574997e+01 
 1.99526231e+03  4.39575005e+01 
 2.11348904e+03  4.34575014e+01 
 2.23872114e+03  4.29575024e+01 
 2.37137371e+03  4.24575035e+01 
 2.51188643e+03  4.19575047e+01 
 2.66072506e+03  4.14575061e+01 
 2.81838293e+03  4.09575077e+01 
 2.98538262e+03  4.04575094e+01 
 3.16227766e+03  3.99575114e+01 
 3.34965439e+03  3.94575135e+01 
 3.54813389e+03  3.89575160e+01 
 3.75837404e+03  3.84575187e+01 
 3.98107171e+03  3.79575218e+01 
 4.21696503e+03  3.74575252e+01 
 4.46683592e+03  3.69575291e+01 
 4.73151259e+03  3.64575334e+01 
 5.01187234e+03  3.59575383e+01 
 5.30884444e+03  3.54575437e+01 
 5.62341325e+03  3.49575499e+01 
 5.95662144e+03  3.44575567e+01 
 6.30957344e+03  3.39575644e+01 
 6.68343918e+03  3.34575730e+01 
 7.07945784e+03  3.29575827e+01 
 7.49894209e+03  3.24575936e+01 
 7.94328235e+03  3.19576058e+01 
 8.41395142e+03  3.14576195e+01 
 8.91250938e+03  3.09576348e+01 
 9.44060876e+03  3.04576520e+01 
 1.00000000e+04  2.99576713e+01 
 1.05925373e+04  2.94576930e+01 
 1.12201845e+04  2.89577173e+01 
 1.18850223e+04  2.84577446e+01 
 1.25892541e+04  2.79577752e+01 
 1.33352143e+04  2.74578096e+01 
 1.41253754e+04  2.69578481e+01 
 1.49623566e+04  2.64578914e+01 
 1.58489319e+04  2.59579399e+01 
 1.67880402e+04  2.54579943e+01 
 1.77827941e+04  2.49580554e+01 
 1.88364909e+04  2.44581239e+01 
 1.99526231e+04  2.39582008e+01 
 2.11348904e+04  2.34582871e+01 
 2.23872114e+04  2.29583839e+01 
 2.37137371e+04  2.24584926e+01 
 2.51188643e+04  2.19586145e+01 
 2.66072506e+04  2.14587512e+01 
 2.81838293e+04  2.09589046e+01 
 2.98538262e+04  2.04590768e+01 
 3.16227766e+04  1.99592700e+01 
 3.34965439e+04  1.94594867e+01 
 3.54813389e+04  1.89597299e+01 
 3.75837404e+04  1.84600028e+01 
 3.98107171e+04  1.79603089e+01 
 4.21696503e+04  1.74606525e+01 
 4.46683592e+04  1.69610379e+01 
 4.73151259e+04  1.64614704e+01 
 5.01187234e+04  1.59619557e+01 
 5.30884444e+04  1.54625001e+01 
 5.62341325e+04  1.49631111e+01 
 5.95662144e+04  1.44637966e+01 
 6.30957344e+04  1.39645657e+01 
 6.68343918e+04  1.34654287e+01 
 7.07945784e+04  1.29663971e+01 
 7.49894209e+04  1.24674836e+01 
 7.94328235e+04  1.19687027e+01 
 8.41395142e+04  1.14700707e+01 
 8.91250938e+04  1.09716056e+01 
 9.44060876e+04  1.04733280e+01 
 1.00000000e+05  9.97526053e+00 
 1.05925373e+05  9.47742905e+00 
 1.12201845e+05  8.97986234e+00 
 1.18850223e+05  8.48259273e+00 
 1.25892541e+05  7.98565655e+00 
 1.33352143e+05  7.48909454e+00 
 1.41253754e+05  6.99295245e+00 
 1.49623566e+05  6.49728161e+00 
 1.58489319e+05  6.00213967e+00 
 1.67880402e+05  5.50759132e+00 
 1.77827941e+05  5.01370922e+00 
 1.88364909e+05  4.52057491e+00 
 1.99526231e+05  4.02827999e+00 
 2.11348904e+05  3.53692730e+00 
 2.23872114e+05  3.04663233e+00 
 2.37137371e+05  2.55752481e+00 
 2.51188643e+05  2.06975046e+00 
 2.66072506e+05  1.58347302e+00 
 2.81838293e+05  1.09887642e+00 
 2.98538262e+05  6.16167423e-01 
 3.16227766e+05  1.35578397e-01 
 3.34965439e+05 -3.42629409e-01 
 3.54813389e+05 -8.18162227e-01 
 3.75837404e+05 -1.29068965e+00 
 3.98107171e+05 -1.75983997e+00 
 4.21696503e+05 -2.22519489e+00 
 4.46683592e+05 -2.68628362e+00 
 4.73151259e+05 -3.14257603e+00 
 5.01187234e+05 -3.59347515e+00 
 5.30884444e+05 -4.03830842e+00 
 5.62341325e+05 -4.47631806e+00 
 5.95662144e+05 -4.90665006e+00 
 6.30957344e+05 -5.32834189e+00 
 6.68343918e+05 -5.74030880e+00 
 7.07945784e+05 -6.14132865e+00 
 7.49894209e+05 -6.53002539e+00 
 7.94328235e+05 -6.90485149e+00 
 8.41395142e+05 -7.26406996e+00 
 8.91250938e+05 -7.60573729e+00 
 9.44060876e+05 -7.92768966e+00 
 1.00000000e+06 -8.22753688e+00 
 1.05925373e+06 -8.50267148e+00 
 1.12201845e+06 -8.75030651e+00 
 1.18850223e+06 -8.96756521e+00 
 1.25892541e+06 -9.15166288e+00 
 1.33352143e+06 -9.30025073e+00 
 1.41253754e+06 -9.41204024e+00 
 1.49623566e+06 -9.48790425e+00 
 1.58489319e+06 -9.53275818e+00 
 1.67880402e+06 -9.55862424e+00 
 1.77827941e+06 -9.58919942e+00 
 1.88364909e+06 -9.66549178e+00 
 1.99526231e+06 -9.84976258e+00 
 2.11348904e+06 -1.02209755e+01 
 2.23872114e+06 -1.08538088e+01 
 2.37137371e+06 -1.17851681e+01 
 2.51188643e+06 -1.29929215e+01 
 2.66072506e+06 -1.44080740e+01 
 2.81838293e+06 -1.59478470e+01 
 2.98538262e+06 -1.75418469e+01 
 3.16227766e+06 -1.91409473e+01 
 3.34965439e+06 -2.07150166e+01 
 3.54813389e+06 -2.22473541e+01 
 3.75837404e+06 -2.37297023e+01 
 3.98107171e+06 -2.51587624e+01 
 4.21696503e+06 -2.65340117e+01 
 4.46683592e+06 -2.78564136e+01 
 4.73151259e+06 -2.91276808e+01 
 5.01187234e+06 -3.03498665e+01 
 5.30884444e+06 -3.15251448e+01 
 5.62341325e+06 -3.26556983e+01 
 5.95662144e+06 -3.37436661e+01 
 6.30957344e+06 -3.47911241e+01 
 6.68343918e+06 -3.58000820e+01 
 7.07945784e+06 -3.67724885e+01 
 7.49894209e+06 -3.77102388e+01 
 7.94328235e+06 -3.86151822e+01 
 8.41395142e+06 -3.94891289e+01 
 8.91250938e+06 -4.03338532e+01 
 9.44060876e+06 -4.11510962e+01 
 1.00000000e+07 -4.19425652e+01 
 1.05925373e+07 -4.27099311e+01 
 1.12201845e+07 -4.34548259e+01 
 1.18850223e+07 -4.41788372e+01 
 1.25892541e+07 -4.48835042e+01 
 1.33352143e+07 -4.55703116e+01 
 1.41253754e+07 -4.62406855e+01 
 1.49623566e+07 -4.68959887e+01 
 1.58489319e+07 -4.75375166e+01 
 1.67880402e+07 -4.81664947e+01 
 1.77827941e+07 -4.87840758e+01 
 1.88364909e+07 -4.93913396e+01 
 1.99526231e+07 -4.99892915e+01 
 2.11348904e+07 -5.05788636e+01 
 2.23872114e+07 -5.11609165e+01 
 2.37137371e+07 -5.17362406e+01 
 2.51188643e+07 -5.23055604e+01 
 2.66072506e+07 -5.28695376e+01 
 2.81838293e+07 -5.34287761e+01 
 2.98538262e+07 -5.39838275e+01 
 3.16227766e+07 -5.45351966e+01 
 3.34965439e+07 -5.50833480e+01 
 3.54813389e+07 -5.56287126e+01 
 3.75837404e+07 -5.61716937e+01 
 3.98107171e+07 -5.67126743e+01 
 4.21696503e+07 -5.72520221e+01 
 4.46683592e+07 -5.77900960e+01 
 4.73151259e+07 -5.83272498e+01 
 5.01187234e+07 -5.88638373e+01 
 5.30884444e+07 -5.94002145e+01 
 5.62341325e+07 -5.99367422e+01 
 5.95662144e+07 -6.04737874e+01 
 6.30957344e+07 -6.10117236e+01 
 6.68343918e+07 -6.15509309e+01 
 7.07945784e+07 -6.20917943e+01 
 7.49894209e+07 -6.26347027e+01 
 7.94328235e+07 -6.31800455e+01 
 8.41395142e+07 -6.37282092e+01 
 8.91250938e+07 -6.42795726e+01 
 9.44060876e+07 -6.48345006e+01 
 1.00000000e+08 -6.53933366e+01 
 1.05925373e+08 -6.59563928e+01 
 1.12201845e+08 -6.65239392e+01 
 1.18850223e+08 -6.70961897e+01 
 1.25892541e+08 -6.76732867e+01 
 1.33352143e+08 -6.82552830e+01 
 1.41253754e+08 -6.88421226e+01 
 1.49623566e+08 -6.94336202e+01 
 1.58489319e+08 -7.00294399e+01 
 1.67880402e+08 -7.06290759e+01 
 1.77827941e+08 -7.12318359e+01 
 1.88364909e+08 -7.18368291e+01 
 1.99526231e+08 -7.24429627e+01 
 2.11348904e+08 -7.30489474e+01 
 2.23872114e+08 -7.36533171e+01 
 2.37137371e+08 -7.42544617e+01 
 2.51188643e+08 -7.48506762e+01 
 2.66072506e+08 -7.54402225e+01 
 2.81838293e+08 -7.60214044e+01 
 2.98538262e+08 -7.65926467e+01 
 3.16227766e+08 -7.71525746e+01 
 3.34965439e+08 -7.77000838e+01 
 3.54813389e+08 -7.82343941e+01 
 3.75837404e+08 -7.87550805e+01 
 3.98107171e+08 -7.92620782e+01 
 4.21696503e+08 -7.97556620e+01 
 4.46683592e+08 -8.02364024e+01 
 4.73151259e+08 -8.07051067e+01 
 5.01187234e+08 -8.11627494e+01 
 5.30884444e+08 -8.16104025e+01 
 5.62341325e+08 -8.20491694e+01 
 5.95662144e+08 -8.24801290e+01 
 6.30957344e+08 -8.29042913e+01 
 6.68343918e+08 -8.33225647e+01 
 7.07945784e+08 -8.37357363e+01 
 7.49894209e+08 -8.41444607e+01 
 7.94328235e+08 -8.45492568e+01 
 8.41395142e+08 -8.49505091e+01 
 8.91250938e+08 -8.53484730e+01 
 9.44060876e+08 -8.57432799e+01 
 1.00000000e+09 -8.61349437e+01 
