 1.00000000e+00  1.18164822e+02 
 1.05925373e+00  1.16814542e+02 
 1.12201845e+00  1.15509554e+02 
 1.18850223e+00  1.14250953e+02 
 1.25892541e+00  1.13039433e+02 
 1.33352143e+00  1.11875316e+02 
 1.41253754e+00  1.10758594e+02 
 1.49623566e+00  1.09688966e+02 
 1.58489319e+00  1.08665874e+02 
 1.67880402e+00  1.07688541e+02 
 1.77827941e+00  1.06756008e+02 
 1.88364909e+00  1.05867165e+02 
 1.99526231e+00  1.05020780e+02 
 2.11348904e+00  1.04215530e+02 
 2.23872114e+00  1.03450021e+02 
 2.37137371e+00  1.02722812e+02 
 2.51188643e+00  1.02032433e+02 
 2.66072506e+00  1.01377398e+02 
 2.81838293e+00  1.00756225e+02 
 2.98538262e+00  1.00167440e+02 
 3.16227766e+00  9.96095895e+01 
 3.34965439e+00  9.90812499e+01 
 3.54813389e+00  9.85810301e+01 
 3.75837404e+00  9.81075781e+01 
 3.98107171e+00  9.76595841e+01 
 4.21696503e+00  9.72357830e+01 
 4.46683592e+00  9.68349561e+01 
 4.73151259e+00  9.64559324e+01 
 5.01187234e+00  9.60975886e+01 
 5.30884444e+00  9.57588495e+01 
 5.62341325e+00  9.54386873e+01 
 5.95662144e+00  9.51361212e+01 
 6.30957344e+00  9.48502159e+01 
 6.68343918e+00  9.45800809e+01 
 7.07945784e+00  9.43248690e+01 
 7.49894209e+00  9.40837750e+01 
 7.94328235e+00  9.38560340e+01 
 8.41395142e+00  9.36409201e+01 
 8.91250938e+00  9.34377444e+01 
 9.44060876e+00  9.32458542e+01 
 1.00000000e+01  9.30646306e+01 
 1.05925373e+01  9.28934875e+01 
 1.12201845e+01  9.27318699e+01 
 1.18850223e+01  9.25792525e+01 
 1.25892541e+01  9.24351379e+01 
 1.33352143e+01  9.22990560e+01 
 1.41253754e+01  9.21705618e+01 
 1.49623566e+01  9.20492345e+01 
 1.58489319e+01  9.19346764e+01 
 1.67880402e+01  9.18265115e+01 
 1.77827941e+01  9.17243843e+01 
 1.88364909e+01  9.16279589e+01 
 1.99526231e+01  9.15369179e+01 
 2.11348904e+01  9.14509614e+01 
 2.23872114e+01  9.13698060e+01 
 2.37137371e+01  9.12931840e+01 
 2.51188643e+01  9.12208425e+01 
 2.66072506e+01  9.11525428e+01 
 2.81838293e+01  9.10880591e+01 
 2.98538262e+01  9.10271785e+01 
 3.16227766e+01  9.09696996e+01 
 3.34965439e+01  9.09154324e+01 
 3.54813389e+01  9.08641974e+01 
 3.75837404e+01  9.08158252e+01 
 3.98107171e+01  9.07701556e+01 
 4.21696503e+01  9.07270376e+01 
 4.46683592e+01  9.06863283e+01 
 4.73151259e+01  9.06478931e+01 
 5.01187234e+01  9.06116046e+01 
 5.30884444e+01  9.05773428e+01 
 5.62341325e+01  9.05449941e+01 
 5.95662144e+01  9.05144514e+01 
 6.30957344e+01  9.04856135e+01 
 6.68343918e+01  9.04583850e+01 
 7.07945784e+01  9.04326755e+01 
 7.49894209e+01  9.04084000e+01 
 7.94328235e+01  9.03854780e+01 
 8.41395142e+01  9.03638335e+01 
 8.91250938e+01  9.03433948e+01 
 9.44060876e+01  9.03240943e+01 
 1.00000000e+02  9.03058679e+01 
 1.05925373e+02  9.02886553e+01 
 1.12201845e+02  9.02723993e+01 
 1.18850223e+02  9.02570462e+01 
 1.25892541e+02  9.02425451e+01 
 1.33352143e+02  9.02288479e+01 
 1.41253754e+02  9.02159092e+01 
 1.49623566e+02  9.02036861e+01 
 1.58489319e+02  9.01921381e+01 
 1.67880402e+02  9.01812270e+01 
 1.77827941e+02  9.01709165e+01 
 1.88364909e+02  9.01611725e+01 
 1.99526231e+02  9.01519628e+01 
 2.11348904e+02  9.01432568e+01 
 2.23872114e+02  9.01350255e+01 
 2.37137371e+02  9.01272419e+01 
 2.51188643e+02  9.01198799e+01 
 2.66072506e+02  9.01129153e+01 
 2.81838293e+02  9.01063250e+01 
 2.98538262e+02  9.01000871e+01 
 3.16227766e+02  9.00941810e+01 
 3.34965439e+02  9.00885870e+01 
 3.54813389e+02  9.00832867e+01 
 3.75837404e+02  9.00782624e+01 
 3.98107171e+02  9.00734975e+01 
 4.21696503e+02  9.00689763e+01 
 4.46683592e+02  9.00646836e+01 
 4.73151259e+02  9.00606054e+01 
 5.01187234e+02  9.00567280e+01 
 5.30884444e+02  9.00530387e+01 
 5.62341325e+02  9.00495252e+01 
 5.95662144e+02  9.00461758e+01 
 6.30957344e+02  9.00429795e+01 
 6.68343918e+02  9.00399257e+01 
 7.07945784e+02  9.00370041e+01 
 7.49894209e+02  9.00342053e+01 
 7.94328235e+02  9.00315198e+01 
 8.41395142e+02  9.00289388e+01 
 8.91250938e+02  9.00264537e+01 
 9.44060876e+02  9.00240563e+01 
 1.00000000e+03  9.00217386e+01 
 1.05925373e+03  9.00194930e+01 
 1.12201845e+03  9.00173120e+01 
 1.18850223e+03  9.00151884e+01 
 1.25892541e+03  9.00131151e+01 
 1.33352143e+03  9.00110853e+01 
 1.41253754e+03  9.00090922e+01 
 1.49623566e+03  9.00071293e+01 
 1.58489319e+03  9.00051900e+01 
 1.67880402e+03  9.00032679e+01 
 1.77827941e+03  9.00013567e+01 
 1.88364909e+03  8.99994499e+01 
 1.99526231e+03  8.99975413e+01 
 2.11348904e+03  8.99956246e+01 
 2.23872114e+03  8.99936933e+01 
 2.37137371e+03  8.99917412e+01 
 2.51188643e+03  8.99897616e+01 
 2.66072506e+03  8.99877482e+01 
 2.81838293e+03  8.99856941e+01 
 2.98538262e+03  8.99835926e+01 
 3.16227766e+03  8.99814367e+01 
 3.34965439e+03  8.99792193e+01 
 3.54813389e+03  8.99769330e+01 
 3.75837404e+03  8.99745703e+01 
 3.98107171e+03  8.99721232e+01 
 4.21696503e+03  8.99695837e+01 
 4.46683592e+03  8.99669435e+01 
 4.73151259e+03  8.99641936e+01 
 5.01187234e+03  8.99613251e+01 
 5.30884444e+03  8.99583283e+01 
 5.62341325e+03  8.99551934e+01 
 5.95662144e+03  8.99519100e+01 
 6.30957344e+03  8.99484672e+01 
 6.68343918e+03  8.99448535e+01 
 7.07945784e+03  8.99410570e+01 
 7.49894209e+03  8.99370651e+01 
 7.94328235e+03  8.99328646e+01 
 8.41395142e+03  8.99284415e+01 
 8.91250938e+03  8.99237812e+01 
 9.44060876e+03  8.99188681e+01 
 1.00000000e+04  8.99136861e+01 
 1.05925373e+04  8.99082179e+01 
 1.12201845e+04  8.99024454e+01 
 1.18850223e+04  8.98963494e+01 
 1.25892541e+04  8.98899098e+01 
 1.33352143e+04  8.98831050e+01 
 1.41253754e+04  8.98759126e+01 
 1.49623566e+04  8.98683086e+01 
 1.58489319e+04  8.98602679e+01 
 1.67880402e+04  8.98517637e+01 
 1.77827941e+04  8.98427677e+01 
 1.88364909e+04  8.98332501e+01 
 1.99526231e+04  8.98231793e+01 
 2.11348904e+04  8.98125217e+01 
 2.23872114e+04  8.98012418e+01 
 2.37137371e+04  8.97893023e+01 
 2.51188643e+04  8.97766632e+01 
 2.66072506e+04  8.97632826e+01 
 2.81838293e+04  8.97491158e+01 
 2.98538262e+04  8.97341155e+01 
 3.16227766e+04  8.97182317e+01 
 3.34965439e+04  8.97014114e+01 
 3.54813389e+04  8.96835981e+01 
 3.75837404e+04  8.96647325e+01 
 3.98107171e+04  8.96447511e+01 
 4.21696503e+04  8.96235869e+01 
 4.46683592e+04  8.96011689e+01 
 4.73151259e+04  8.95774214e+01 
 5.01187234e+04  8.95522645e+01 
 5.30884444e+04  8.95256130e+01 
 5.62341325e+04  8.94973766e+01 
 5.95662144e+04  8.94674593e+01 
 6.30957344e+04  8.94357593e+01 
 6.68343918e+04  8.94021681e+01 
 7.07945784e+04  8.93665704e+01 
 7.49894209e+04  8.93288435e+01 
 7.94328235e+04  8.92888568e+01 
 8.41395142e+04  8.92464711e+01 
 8.91250938e+04  8.92015380e+01 
 9.44060876e+04  8.91538991e+01 
 1.00000000e+05  8.91033854e+01 
 1.05925373e+05  8.90498162e+01 
 1.12201845e+05  8.89929980e+01 
 1.18850223e+05  8.89327236e+01 
 1.25892541e+05  8.88687711e+01 
 1.33352143e+05  8.88009016e+01 
 1.41253754e+05  8.87288585e+01 
 1.49623566e+05  8.86523654e+01 
 1.58489319e+05  8.85711237e+01 
 1.67880402e+05  8.84848106e+01 
 1.77827941e+05  8.83930763e+01 
 1.88364909e+05  8.82955409e+01 
 1.99526231e+05  8.81917906e+01 
 2.11348904e+05  8.80813737e+01 
 2.23872114e+05  8.79637956e+01 
 2.37137371e+05  8.78385132e+01 
 2.51188643e+05  8.77049281e+01 
 2.66072506e+05  8.75623789e+01 
 2.81838293e+05  8.74101320e+01 
 2.98538262e+05  8.72473703e+01 
 3.16227766e+05  8.70731807e+01 
 3.34965439e+05  8.68865385e+01 
 3.54813389e+05  8.66862886e+01 
 3.75837404e+05  8.64711238e+01 
 3.98107171e+05  8.62395582e+01 
 4.21696503e+05  8.59898945e+01 
 4.46683592e+05  8.57201856e+01 
 4.73151259e+05  8.54281865e+01 
 5.01187234e+05  8.51112967e+01 
 5.30884444e+05  8.47664879e+01 
 5.62341325e+05  8.43902163e+01 
 5.95662144e+05  8.39783122e+01 
 6.30957344e+05  8.35258426e+01 
 6.68343918e+05  8.30269383e+01 
 7.07945784e+05  8.24745748e+01 
 7.49894209e+05  8.18602925e+01 
 7.94328235e+05  8.11738369e+01 
 8.41395142e+05  8.04026932e+01 
 8.91250938e+05  7.95314769e+01 
 9.44060876e+05  7.85411322e+01 
 1.00000000e+06  7.74078685e+01 
 1.05925373e+06  7.61017399e+01 
 1.12201845e+06  7.45847395e+01 
 1.18850223e+06  7.28082436e+01 
 1.25892541e+06  7.07096043e+01 
 1.33352143e+06  6.82077011e+01 
 1.41253754e+06  6.51974037e+01 
 1.49623566e+06  6.15434250e+01 
 1.58489319e+06  5.70754899e+01 
 1.67880402e+06  5.15901717e+01 
 1.77827941e+06  4.48714386e+01 
 1.88364909e+06  3.67506339e+01 
 1.99526231e+06  2.72241040e+01 
 2.11348904e+06  1.65993890e+01 
 2.23872114e+06  5.54208950e+00 
 2.37137371e+06 -5.11360957e+00 
 2.51188643e+06 -1.46968787e+01 
 2.66072506e+06 -2.28943652e+01 
 2.81838293e+06 -2.97069083e+01 
 2.98538262e+06 -3.53036554e+01 
 3.16227766e+06 -3.99032460e+01 
 3.34965439e+06 -4.37127217e+01 
 3.54813389e+06 -4.69063104e+01 
 3.75837404e+06 -4.96232358e+01 
 3.98107171e+06 -5.19723492e+01 
 4.21696503e+06 -5.40381432e+01 
 4.46683592e+06 -5.58861849e+01 
 4.73151259e+06 -5.75674793e+01 
 5.01187234e+06 -5.91218079e+01 
 5.30884444e+06 -6.05802389e+01 
 5.62341325e+06 -6.19670086e+01 
 5.95662144e+06 -6.33009446e+01 
 6.30957344e+06 -6.45965578e+01 
 6.68343918e+06 -6.58648952e+01 
 7.07945784e+06 -6.71142224e+01 
 7.49894209e+06 -6.83505778e+01 
 7.94328235e+06 -6.95782330e+01 
 8.41395142e+06 -7.08000786e+01 
 8.91250938e+06 -7.20179498e+01 
 9.44060876e+06 -7.32329024e+01 
 1.00000000e+07 -7.44454437e+01 
 1.05925373e+07 -7.56557259e+01 
 1.12201845e+07 -7.68637036e+01 
 1.18850223e+07 -7.80692607e+01 
 1.25892541e+07 -7.92723097e+01 
 1.33352143e+07 -8.04728661e+01 
 1.41253754e+07 -8.16711034e+01 
 1.49623566e+07 -8.28673901e+01 
 1.58489319e+07 -8.40623129e+01 
 1.67880402e+07 -8.52566896e+01 
 1.77827941e+07 -8.64515742e+01 
 1.88364909e+07 -8.76482555e+01 
 1.99526231e+07 -8.88482539e+01 
 2.11348904e+07 -9.00533148e+01 
 2.23872114e+07 -9.12654020e+01 
 2.37137371e+07 -9.24866910e+01 
 2.51188643e+07 -9.37195624e+01 
 2.66072506e+07 -9.49665956e+01 
 2.81838293e+07 -9.62305616e+01 
 2.98538262e+07 -9.75144163e+01 
 3.16227766e+07 -9.88212905e+01 
 3.34965439e+07 -1.00154479e+02 
 3.54813389e+07 -1.01517426e+02 
 3.75837404e+07 -1.02913707e+02 
 3.98107171e+07 -1.04347008e+02 
 4.21696503e+07 -1.05821095e+02 
 4.46683592e+07 -1.07339790e+02 
 4.73151259e+07 -1.08906934e+02 
 5.01187234e+07 -1.10526350e+02 
 5.30884444e+07 -1.12201802e+02 
 5.62341325e+07 -1.13936951e+02 
 5.95662144e+07 -1.15735309e+02 
 6.30957344e+07 -1.17600186e+02 
 6.68343918e+07 -1.19534637e+02 
 7.07945784e+07 -1.21541400e+02 
 7.49894209e+07 -1.23622834e+02 
 7.94328235e+07 -1.25780842e+02 
 8.41395142e+07 -1.28016802e+02 
 8.91250938e+07 -1.30331477e+02 
 9.44060876e+07 -1.32724932e+02 
 1.00000000e+08 -1.35196447e+02 
 1.05925373e+08 -1.37744422e+02 
 1.12201845e+08 -1.40366299e+02 
 1.18850223e+08 -1.43058490e+02 
 1.25892541e+08 -1.45816323e+02 
 1.33352143e+08 -1.48634018e+02 
 1.41253754e+08 -1.51504704e+02 
 1.49623566e+08 -1.54420479e+02 
 1.58489319e+08 -1.57372539e+02 
 1.67880402e+08 -1.60351375e+02 
 1.77827941e+08 -1.63347043e+02 
 1.88364909e+08 -1.66349516e+02 
 1.99526231e+08 -1.69349106e+02 
 2.11348904e+08 -1.72336927e+02 
 2.23872114e+08 -1.75305387e+02 
 2.37137371e+08 -1.78248649e+02 
 2.51188643e+08  1.78836994e+02 
 2.66072506e+08  1.75952869e+02 
 2.81838293e+08  1.73097869e+02 
 2.98538262e+08  1.70268607e+02 
 3.16227766e+08  1.67459791e+02 
 3.34965439e+08  1.64664781e+02 
 3.54813389e+08  1.61876268e+02 
 3.75837404e+08  1.59086982e+02 
 3.98107171e+08  1.56290353e+02 
 4.21696503e+08  1.53481030e+02 
 4.46683592e+08  1.50655227e+02 
 4.73151259e+08  1.47810868e+02 
 5.01187234e+08  1.44947542e+02 
 5.30884444e+08  1.42066323e+02 
 5.62341325e+08  1.39169479e+02 
 5.95662144e+08  1.36260139e+02 
 6.30957344e+08  1.33341961e+02 
 6.68343918e+08  1.30418820e+02 
 7.07945784e+08  1.27494552e+02 
 7.49894209e+08  1.24572763e+02 
 7.94328235e+08  1.21656698e+02 
 8.41395142e+08  1.18749166e+02 
 8.91250938e+08  1.15852524e+02 
 9.44060876e+08  1.12968686e+02 
 1.00000000e+09  1.10099170e+02 
