 1.00000000e+00 -1.47445918e+01 
 1.05925373e+00 -1.47445918e+01 
 1.12201845e+00 -1.47445918e+01 
 1.18850223e+00 -1.47445918e+01 
 1.25892541e+00 -1.47445918e+01 
 1.33352143e+00 -1.47445918e+01 
 1.41253754e+00 -1.47445918e+01 
 1.49623566e+00 -1.47445918e+01 
 1.58489319e+00 -1.47445918e+01 
 1.67880402e+00 -1.47445918e+01 
 1.77827941e+00 -1.47445918e+01 
 1.88364909e+00 -1.47445917e+01 
 1.99526231e+00 -1.47445917e+01 
 2.11348904e+00 -1.47445917e+01 
 2.23872114e+00 -1.47445917e+01 
 2.37137371e+00 -1.47445917e+01 
 2.51188643e+00 -1.47445917e+01 
 2.66072506e+00 -1.47445917e+01 
 2.81838293e+00 -1.47445917e+01 
 2.98538262e+00 -1.47445917e+01 
 3.16227766e+00 -1.47445917e+01 
 3.34965439e+00 -1.47445917e+01 
 3.54813389e+00 -1.47445917e+01 
 3.75837404e+00 -1.47445916e+01 
 3.98107171e+00 -1.47445916e+01 
 4.21696503e+00 -1.47445916e+01 
 4.46683592e+00 -1.47445916e+01 
 4.73151259e+00 -1.47445916e+01 
 5.01187234e+00 -1.47445915e+01 
 5.30884444e+00 -1.47445915e+01 
 5.62341325e+00 -1.47445915e+01 
 5.95662144e+00 -1.47445914e+01 
 6.30957344e+00 -1.47445914e+01 
 6.68343918e+00 -1.47445914e+01 
 7.07945784e+00 -1.47445913e+01 
 7.49894209e+00 -1.47445912e+01 
 7.94328235e+00 -1.47445912e+01 
 8.41395142e+00 -1.47445911e+01 
 8.91250938e+00 -1.47445910e+01 
 9.44060876e+00 -1.47445909e+01 
 1.00000000e+01 -1.47445908e+01 
 1.05925373e+01 -1.47445907e+01 
 1.12201845e+01 -1.47445906e+01 
 1.18850223e+01 -1.47445904e+01 
 1.25892541e+01 -1.47445903e+01 
 1.33352143e+01 -1.47445901e+01 
 1.41253754e+01 -1.47445899e+01 
 1.49623566e+01 -1.47445896e+01 
 1.58489319e+01 -1.47445894e+01 
 1.67880402e+01 -1.47445891e+01 
 1.77827941e+01 -1.47445887e+01 
 1.88364909e+01 -1.47445884e+01 
 1.99526231e+01 -1.47445880e+01 
 2.11348904e+01 -1.47445875e+01 
 2.23872114e+01 -1.47445870e+01 
 2.37137371e+01 -1.47445864e+01 
 2.51188643e+01 -1.47445857e+01 
 2.66072506e+01 -1.47445850e+01 
 2.81838293e+01 -1.47445842e+01 
 2.98538262e+01 -1.47445832e+01 
 3.16227766e+01 -1.47445822e+01 
 3.34965439e+01 -1.47445810e+01 
 3.54813389e+01 -1.47445797e+01 
 3.75837404e+01 -1.47445782e+01 
 3.98107171e+01 -1.47445766e+01 
 4.21696503e+01 -1.47445747e+01 
 4.46683592e+01 -1.47445726e+01 
 4.73151259e+01 -1.47445703e+01 
 5.01187234e+01 -1.47445676e+01 
 5.30884444e+01 -1.47445647e+01 
 5.62341325e+01 -1.47445614e+01 
 5.95662144e+01 -1.47445577e+01 
 6.30957344e+01 -1.47445535e+01 
 6.68343918e+01 -1.47445489e+01 
 7.07945784e+01 -1.47445436e+01 
 7.49894209e+01 -1.47445378e+01 
 7.94328235e+01 -1.47445312e+01 
 8.41395142e+01 -1.47445238e+01 
 8.91250938e+01 -1.47445155e+01 
 9.44060876e+01 -1.47445061e+01 
 1.00000000e+02 -1.47444957e+01 
 1.05925373e+02 -1.47444840e+01 
 1.12201845e+02 -1.47444708e+01 
 1.18850223e+02 -1.47444561e+01 
 1.25892541e+02 -1.47444395e+01 
 1.33352143e+02 -1.47444209e+01 
 1.41253754e+02 -1.47444001e+01 
 1.49623566e+02 -1.47443767e+01 
 1.58489319e+02 -1.47443504e+01 
 1.67880402e+02 -1.47443210e+01 
 1.77827941e+02 -1.47442879e+01 
 1.88364909e+02 -1.47442509e+01 
 1.99526231e+02 -1.47442093e+01 
 2.11348904e+02 -1.47441626e+01 
 2.23872114e+02 -1.47441102e+01 
 2.37137371e+02 -1.47440515e+01 
 2.51188643e+02 -1.47439856e+01 
 2.66072506e+02 -1.47439116e+01 
 2.81838293e+02 -1.47438286e+01 
 2.98538262e+02 -1.47437355e+01 
 3.16227766e+02 -1.47436310e+01 
 3.34965439e+02 -1.47435138e+01 
 3.54813389e+02 -1.47433823e+01 
 3.75837404e+02 -1.47432348e+01 
 3.98107171e+02 -1.47430692e+01 
 4.21696503e+02 -1.47428835e+01 
 4.46683592e+02 -1.47426751e+01 
 4.73151259e+02 -1.47424413e+01 
 5.01187234e+02 -1.47421790e+01 
 5.30884444e+02 -1.47418846e+01 
 5.62341325e+02 -1.47415544e+01 
 5.95662144e+02 -1.47411840e+01 
 6.30957344e+02 -1.47407684e+01 
 6.68343918e+02 -1.47403021e+01 
 7.07945784e+02 -1.47397790e+01 
 7.49894209e+02 -1.47391921e+01 
 7.94328235e+02 -1.47385338e+01 
 8.41395142e+02 -1.47377952e+01 
 8.91250938e+02 -1.47369666e+01 
 9.44060876e+02 -1.47360372e+01 
 1.00000000e+03 -1.47349946e+01 
 1.05925373e+03 -1.47338251e+01 
 1.12201845e+03 -1.47325134e+01 
 1.18850223e+03 -1.47310420e+01 
 1.25892541e+03 -1.47293918e+01 
 1.33352143e+03 -1.47275410e+01 
 1.41253754e+03 -1.47254654e+01 
 1.49623566e+03 -1.47231377e+01 
 1.58489319e+03 -1.47205277e+01 
 1.67880402e+03 -1.47176011e+01 
 1.77827941e+03 -1.47143200e+01 
 1.88364909e+03 -1.47106416e+01 
 1.99526231e+03 -1.47065184e+01 
 2.11348904e+03 -1.47018970e+01 
 2.23872114e+03 -1.46967180e+01 
 2.37137371e+03 -1.46909149e+01 
 2.51188643e+03 -1.46844136e+01 
 2.66072506e+03 -1.46771313e+01 
 2.81838293e+03 -1.46689760e+01 
 2.98538262e+03 -1.46598449e+01 
 3.16227766e+03 -1.46496241e+01 
 3.34965439e+03 -1.46381867e+01 
 3.54813389e+03 -1.46253919e+01 
 3.75837404e+03 -1.46110837e+01 
 3.98107171e+03 -1.45950894e+01 
 4.21696503e+03 -1.45772182e+01 
 4.46683592e+03 -1.45572596e+01 
 4.73151259e+03 -1.45349818e+01 
 5.01187234e+03 -1.45101306e+01 
 5.30884444e+03 -1.44824271e+01 
 5.62341325e+03 -1.44515671e+01 
 5.95662144e+03 -1.44172191e+01 
 6.30957344e+03 -1.43790236e+01 
 6.68343918e+03 -1.43365925e+01 
 7.07945784e+03 -1.42895080e+01 
 7.49894209e+03 -1.42373233e+01 
 7.94328235e+03 -1.41795630e+01 
 8.41395142e+03 -1.41157246e+01 
 8.91250938e+03 -1.40452806e+01 
 9.44060876e+03 -1.39676819e+01 
 1.00000000e+04 -1.38823621e+01 
 1.05925373e+04 -1.37887431e+01 
 1.12201845e+04 -1.36862416e+01 
 1.18850223e+04 -1.35742777e+01 
 1.25892541e+04 -1.34522832e+01 
 1.33352143e+04 -1.33197131e+01 
 1.41253754e+04 -1.31760557e+01 
 1.49623566e+04 -1.30208451e+01 
 1.58489319e+04 -1.28536732e+01 
 1.67880402e+04 -1.26742016e+01 
 1.77827941e+04 -1.24821727e+01 
 1.88364909e+04 -1.22774205e+01 
 1.99526231e+04 -1.20598790e+01 
 2.11348904e+04 -1.18295894e+01 
 2.23872114e+04 -1.15867044e+01 
 2.37137371e+04 -1.13314911e+01 
 2.51188643e+04 -1.10643307e+01 
 2.66072506e+04 -1.07857155e+01 
 2.81838293e+04 -1.04962454e+01 
 2.98538262e+04 -1.01966202e+01 
 3.16227766e+04 -9.88763232e+00 
 3.34965439e+04 -9.57015761e+00 
 3.54813389e+04 -9.24514517e+00 
 3.75837404e+04 -8.91360740e+00 
 3.98107171e+04 -8.57660960e+00 
 4.21696503e+04 -8.23525990e+00 
 4.46683592e+04 -7.89069939e+00 
 4.73151259e+04 -7.54409265e+00 
 5.01187234e+04 -7.19661850e+00 
 5.30884444e+04 -6.84946109e+00 
 5.62341325e+04 -6.50380099e+00 
 5.95662144e+04 -6.16080624e+00 
 6.30957344e+04 -5.82162321e+00 
 6.68343918e+04 -5.48736720e+00 
 7.07945784e+04 -5.15911258e+00 
 7.49894209e+04 -4.83788273e+00 
 7.94328235e+04 -4.52463959e+00 
 8.41395142e+04 -4.22027327e+00 
 8.91250938e+04 -3.92559184e+00 
 9.44060876e+04 -3.64131166e+00 
 1.00000000e+05 -3.36804865e+00 
 1.05925373e+05 -3.10631091e+00 
 1.12201845e+05 -2.85649303e+00 
 1.18850223e+05 -2.61887243e+00 
 1.25892541e+05 -2.39360794e+00 
 1.33352143e+05 -2.18074081e+00 
 1.41253754e+05 -1.98019796e+00 
 1.49623566e+05 -1.79179753e+00 
 1.58489319e+05 -1.61525633e+00 
 1.67880402e+05 -1.45019881e+00 
 1.77827941e+05 -1.29616722e+00 
 1.88364909e+05 -1.15263232e+00 
 1.99526231e+05 -1.01900438e+00 
 2.11348904e+05 -8.94643782e-01 
 2.23872114e+05 -7.78871052e-01 
 2.37137371e+05 -6.70975814e-01 
 2.51188643e+05 -5.70224540e-01 
 2.66072506e+05 -4.75866841e-01 
 2.81838293e+05 -3.87140229e-01 
 2.98538262e+05 -3.03273270e-01 
 3.16227766e+05 -2.23487125e-01 
 3.34965439e+05 -1.46995505e-01 
 3.54813389e+05 -7.30030533e-02 
 3.75837404e+05 -7.02209573e-04 
 3.98107171e+05  7.07314340e-02 
 4.21696503e+05  1.42145273e-01 
 4.46683592e+05  2.14417358e-01 
 4.73151259e+05  2.88465644e-01 
 5.01187234e+05  3.65258947e-01 
 5.30884444e+05  4.45829750e-01 
 5.62341325e+05  5.31289094e-01 
 5.95662144e+05  6.22843829e-01 
 6.30957344e+05  7.21816582e-01 
 6.68343918e+05  8.29668849e-01 
 7.07945784e+05  9.48027685e-01 
 7.49894209e+05  1.07871645e+00 
 7.94328235e+05  1.22379000e+00 
 8.41395142e+05  1.38557444e+00 
 8.91250938e+05  1.56671098e+00 
 9.44060876e+05  1.77020187e+00 
 1.00000000e+06  1.99945404e+00 
 1.05925373e+06  2.25831002e+00 
 1.12201845e+06  2.55104537e+00 
 1.18850223e+06  2.88228985e+00 
 1.25892541e+06  3.25678715e+00 
 1.33352143e+06  3.67882372e+00 
 1.41253754e+06  4.15099334e+00 
 1.49623566e+06  4.67165888e+00 
 1.58489319e+06  5.22997243e+00 
 1.67880402e+06  5.79678174e+00 
 1.77827941e+06  6.31039515e+00 
 1.88364909e+06  6.66205090e+00 
 1.99526231e+06  6.70223200e+00 
 2.11348904e+06  6.29925775e+00 
 2.23872114e+06  5.42891573e+00 
 2.37137371e+06  4.19438935e+00 
 2.51188643e+06  2.74904532e+00 
 2.66072506e+06  1.21923406e+00 
 2.81838293e+06 -3.17627739e-01 
 2.98538262e+06 -1.82235414e+00 
 3.16227766e+06 -3.27849281e+00 
 3.34965439e+06 -4.68140160e+00 
 3.54813389e+06 -6.03201714e+00 
 3.75837404e+06 -7.33360850e+00 
 3.98107171e+06 -8.59016687e+00 
 4.21696503e+06 -9.80563926e+00 
 4.46683592e+06 -1.09835852e+01 
 4.73151259e+06 -1.21270409e+01 
 5.01187234e+06 -1.32384830e+01 
 5.30884444e+06 -1.43198369e+01 
 5.62341325e+06 -1.53725044e+01 
 5.95662144e+06 -1.63973972e+01 
 6.30957344e+06 -1.73949723e+01 
 6.68343918e+06 -1.83652680e+01 
 7.07945784e+06 -1.93079404e+01 
 7.49894209e+06 -2.02223051e+01 
 7.94328235e+06 -2.11073839e+01 
 8.41395142e+06 -2.19619616e+01 
 8.91250938e+06 -2.27846534e+01 
 9.44060876e+06 -2.35739860e+01 
 1.00000000e+07 -2.43284895e+01 
 1.05925373e+07 -2.50467995e+01 
 1.12201845e+07 -2.57277628e+01 
 1.18850223e+07 -2.63705411e+01 
 1.25892541e+07 -2.69747023e+01 
 1.33352143e+07 -2.75402916e+01 
 1.41253754e+07 -2.80678749e+01 
 1.49623566e+07 -2.85585491e+01 
 1.58489319e+07 -2.90139203e+01 
 1.67880402e+07 -2.94360507e+01 
 1.77827941e+07 -2.98273826e+01 
 1.88364909e+07 -3.01906479e+01 
 1.99526231e+07 -3.05287704e+01 
 2.11348904e+07 -3.08447714e+01 
 2.23872114e+07 -3.11416827e+01 
 2.37137371e+07 -3.14224723e+01 
 2.51188643e+07 -3.16899832e+01 
 2.66072506e+07 -3.19468867e+01 
 2.81838293e+07 -3.21956479e+01 
 2.98538262e+07 -3.24385019e+01 
 3.16227766e+07 -3.26774388e+01 
 3.34965439e+07 -3.29141952e+01 
 3.54813389e+07 -3.31502517e+01 
 3.75837404e+07 -3.33868333e+01 
 3.98107171e+07 -3.36249140e+01 
 4.21696503e+07 -3.38652240e+01 
 4.46683592e+07 -3.41082591e+01 
 4.73151259e+07 -3.43542929e+01 
 5.01187234e+07 -3.46033913e+01 
 5.30884444e+07 -3.48554290e+01 
 5.62341325e+07 -3.51101089e+01 
 5.95662144e+07 -3.53669823e+01 
 6.30957344e+07 -3.56254721e+01 
 6.68343918e+07 -3.58848956e+01 
 7.07945784e+07 -3.61444896e+01 
 7.49894209e+07 -3.64034344e+01 
 7.94328235e+07 -3.66608774e+01 
 8.41395142e+07 -3.69159564e+01 
 8.91250938e+07 -3.71678197e+01 
 9.44060876e+07 -3.74156454e+01 
 1.00000000e+08 -3.76586565e+01 
 1.05925373e+08 -3.78961334e+01 
 1.12201845e+08 -3.81274234e+01 
 1.18850223e+08 -3.83519457e+01 
 1.25892541e+08 -3.85691941e+01 
 1.33352143e+08 -3.87787367e+01 
 1.41253754e+08 -3.89802127e+01 
 1.49623566e+08 -3.91733284e+01 
 1.58489319e+08 -3.93578526e+01 
 1.67880402e+08 -3.95336114e+01 
 1.77827941e+08 -3.97004851e+01 
 1.88364909e+08 -3.98584054e+01 
 1.99526231e+08 -4.00073549e+01 
 2.11348904e+08 -4.01473682e+01 
 2.23872114e+08 -4.02785334e+01 
 2.37137371e+08 -4.04009945e+01 
 2.51188643e+08 -4.05149528e+01 
 2.66072506e+08 -4.06206668e+01 
 2.81838293e+08 -4.07184495e+01 
 2.98538262e+08 -4.08086636e+01 
 3.16227766e+08 -4.08917133e+01 
 3.34965439e+08 -4.09680342e+01 
 3.54813389e+08 -4.10380814e+01 
 3.75837404e+08 -4.11023174e+01 
 3.98107171e+08 -4.11612000e+01 
 4.21696503e+08 -4.12151717e+01 
 4.46683592e+08 -4.12646516e+01 
 4.73151259e+08 -4.13100289e+01 
 5.01187234e+08 -4.13516595e+01 
 5.30884444e+08 -4.13898647e+01 
 5.62341325e+08 -4.14249323e+01 
 5.95662144e+08 -4.14571182e+01 
 6.30957344e+08 -4.14866500e+01 
 6.68343918e+08 -4.15137307e+01 
 7.07945784e+08 -4.15385421e+01 
 7.49894209e+08 -4.15612488e+01 
 7.94328235e+08 -4.15820010e+01 
 8.41395142e+08 -4.16009375e+01 
 8.91250938e+08 -4.16181876e+01 
 9.44060876e+08 -4.16338730e+01 
 1.00000000e+09 -4.16481087e+01 
