 1.00000000e+00  9.19277775e+01 
 1.04712855e+00  9.27278343e+01 
 1.09647820e+00  9.35278966e+01 
 1.14815362e+00  9.43279651e+01 
 1.20226443e+00  9.51280403e+01 
 1.25892541e+00  9.59281230e+01 
 1.31825674e+00  9.67282137e+01 
 1.38038426e+00  9.75283135e+01 
 1.44543977e+00  9.83284231e+01 
 1.51356125e+00  9.91285436e+01 
 1.58489319e+00  9.99286760e+01 
 1.65958691e+00  1.00728821e+02 
 1.73780083e+00  1.01528981e+02 
 1.81970086e+00  1.02329157e+02 
 1.90546072e+00  1.03129350e+02 
 1.99526231e+00  1.03929562e+02 
 2.08929613e+00  1.04729795e+02 
 2.18776162e+00  1.05530050e+02 
 2.29086765e+00  1.06330330e+02 
 2.39883292e+00  1.07130637e+02 
 2.51188643e+00  1.07930973e+02 
 2.63026799e+00  1.08731340e+02 
 2.75422870e+00  1.09531741e+02 
 2.88403150e+00  1.10332176e+02 
 3.01995172e+00  1.11132649e+02 
 3.16227766e+00  1.11933159e+02 
 3.31131121e+00  1.12733708e+02 
 3.46736850e+00  1.13534293e+02 
 3.63078055e+00  1.14334912e+02 
 3.80189396e+00  1.15135559e+02 
 3.98107171e+00  1.15936225e+02 
 4.16869383e+00  1.16736895e+02 
 4.36515832e+00  1.17537546e+02 
 4.57088190e+00  1.18338148e+02 
 4.78630092e+00  1.19138653e+02 
 5.01187234e+00  1.19939000e+02 
 5.24807460e+00  1.20739100e+02 
 5.49540874e+00  1.21538832e+02 
 5.75439937e+00  1.22338031e+02 
 6.02559586e+00  1.23136474e+02 
 6.30957344e+00  1.23933858e+02 
 6.60693448e+00  1.24729778e+02 
 6.91830971e+00  1.25523693e+02 
 7.24435960e+00  1.26314880e+02 
 7.58577575e+00  1.27102383e+02 
 7.94328235e+00  1.27884939e+02 
 8.31763771e+00  1.28660892e+02 
 8.70963590e+00  1.29428088e+02 
 9.12010839e+00  1.30183742e+02 
 9.54992586e+00  1.30924303e+02 
 1.00000000e+01  1.31645298e+02 
 1.04712855e+01  1.32341201e+02 
 1.09647820e+01  1.33005340e+02 
 1.14815362e+01  1.33629910e+02 
 1.20226443e+01  1.34206132e+02 
 1.25892541e+01  1.34724642e+02 
 1.31825674e+01  1.35176129e+02 
 1.38038426e+01  1.35552197e+02 
 1.44543977e+01  1.35846347e+02 
 1.51356125e+01  1.36054847e+02 
 1.58489319e+01  1.36177292e+02 
 1.65958691e+01  1.36216668e+02 
 1.73780083e+01  1.36178900e+02 
 1.81970086e+01  1.36072032e+02 
 1.90546072e+01  1.35905257e+02 
 1.99526231e+01  1.35688006e+02 
 2.08929613e+01  1.35429254e+02 
 2.18776162e+01  1.35137071e+02 
 2.29086765e+01  1.34818413e+02 
 2.39883292e+01  1.34479084e+02 
 2.51188643e+01  1.34123801e+02 
 2.63026799e+01  1.33756328e+02 
 2.75422870e+01  1.33379622e+02 
 2.88403150e+01  1.32995978e+02 
 3.01995172e+01  1.32607160e+02 
 3.16227766e+01  1.32214516e+02 
 3.31131121e+01  1.31819067e+02 
 3.46736850e+01  1.31421584e+02 
 3.63078055e+01  1.31022643e+02 
 3.80189396e+01  1.30622676e+02 
 3.98107171e+01  1.30222003e+02 
 4.16869383e+01  1.29820858e+02 
 4.36515832e+01  1.29419416e+02 
 4.57088190e+01  1.29017801e+02 
 4.78630092e+01  1.28616103e+02 
 5.01187234e+01  1.28214385e+02 
 5.24807460e+01  1.27812692e+02 
 5.49540874e+01  1.27411054e+02 
 5.75439937e+01  1.27009489e+02 
 6.02559586e+01  1.26608009e+02 
 6.30957344e+01  1.26206620e+02 
 6.60693448e+01  1.25805324e+02 
 6.91830971e+01  1.25404120e+02 
 7.24435960e+01  1.25003007e+02 
 7.58577575e+01  1.24601979e+02 
 7.94328235e+01  1.24201034e+02 
 8.31763771e+01  1.23800165e+02 
 8.70963590e+01  1.23399368e+02 
 9.12010839e+01  1.22998638e+02 
 9.54992586e+01  1.22597970e+02 
 1.00000000e+02  1.22197359e+02 
 1.04712855e+02  1.21796800e+02 
 1.09647820e+02  1.21396290e+02 
 1.14815362e+02  1.20995824e+02 
 1.20226443e+02  1.20595399e+02 
 1.25892541e+02  1.20195011e+02 
 1.31825674e+02  1.19794657e+02 
 1.38038426e+02  1.19394334e+02 
 1.44543977e+02  1.18994040e+02 
 1.51356125e+02  1.18593771e+02 
 1.58489319e+02  1.18193526e+02 
 1.65958691e+02  1.17793302e+02 
 1.73780083e+02  1.17393099e+02 
 1.81970086e+02  1.16992913e+02 
 1.90546072e+02  1.16592744e+02 
 1.99526231e+02  1.16192589e+02 
 2.08929613e+02  1.15792448e+02 
 2.18776162e+02  1.15392320e+02 
 2.29086765e+02  1.14992203e+02 
 2.39883292e+02  1.14592096e+02 
 2.51188643e+02  1.14191999e+02 
 2.63026799e+02  1.13791910e+02 
 2.75422870e+02  1.13391829e+02 
 2.88403150e+02  1.12991755e+02 
 3.01995172e+02  1.12591688e+02 
 3.16227766e+02  1.12191627e+02 
 3.31131121e+02  1.11791571e+02 
 3.46736850e+02  1.11391520e+02 
 3.63078055e+02  1.10991473e+02 
 3.80189396e+02  1.10591431e+02 
 3.98107171e+02  1.10191392e+02 
 4.16869383e+02  1.09791357e+02 
 4.36515832e+02  1.09391325e+02 
 4.57088190e+02  1.08991295e+02 
 4.78630092e+02  1.08591268e+02 
 5.01187234e+02  1.08191244e+02 
 5.24807460e+02  1.07791222e+02 
 5.49540874e+02  1.07391202e+02 
 5.75439937e+02  1.06991183e+02 
 6.02559586e+02  1.06591166e+02 
 6.30957344e+02  1.06191151e+02 
 6.60693448e+02  1.05791137e+02 
 6.91830971e+02  1.05391124e+02 
 7.24435960e+02  1.04991112e+02 
 7.58577575e+02  1.04591102e+02 
 7.94328235e+02  1.04191092e+02 
 8.31763771e+02  1.03791083e+02 
 8.70963590e+02  1.03391075e+02 
 9.12010839e+02  1.02991068e+02 
 9.54992586e+02  1.02591061e+02 
 1.00000000e+03  1.02191055e+02 
 1.04712855e+03  1.01791049e+02 
 1.09647820e+03  1.01391044e+02 
 1.14815362e+03  1.00991039e+02 
 1.20226443e+03  1.00591035e+02 
 1.25892541e+03  1.00191031e+02 
 1.31825674e+03  9.97910278e+01 
 1.38038426e+03  9.93910246e+01 
 1.44543977e+03  9.89910216e+01 
 1.51356125e+03  9.85910190e+01 
 1.58489319e+03  9.81910165e+01 
 1.65958691e+03  9.77910143e+01 
 1.73780083e+03  9.73910123e+01 
 1.81970086e+03  9.69910104e+01 
 1.90546072e+03  9.65910087e+01 
 1.99526231e+03  9.61910072e+01 
 2.08929613e+03  9.57910058e+01 
 2.18776162e+03  9.53910045e+01 
 2.29086765e+03  9.49910033e+01 
 2.39883292e+03  9.45910023e+01 
 2.51188643e+03  9.41910013e+01 
 2.63026799e+03  9.37910004e+01 
 2.75422870e+03  9.33909996e+01 
 2.88403150e+03  9.29909989e+01 
 3.01995172e+03  9.25909982e+01 
 3.16227766e+03  9.21909976e+01 
 3.31131121e+03  9.17909970e+01 
 3.46736850e+03  9.13909965e+01 
 3.63078055e+03  9.09909961e+01 
 3.80189396e+03  9.05909956e+01 
 3.98107171e+03  9.01909953e+01 
 4.16869383e+03  8.97909949e+01 
 4.36515832e+03  8.93909946e+01 
 4.57088190e+03  8.89909943e+01 
 4.78630092e+03  8.85909940e+01 
 5.01187234e+03  8.81909938e+01 
 5.24807460e+03  8.77909936e+01 
 5.49540874e+03  8.73909934e+01 
 5.75439937e+03  8.69909932e+01 
 6.02559586e+03  8.65909930e+01 
 6.30957344e+03  8.61909928e+01 
 6.60693448e+03  8.57909927e+01 
 6.91830971e+03  8.53909926e+01 
 7.24435960e+03  8.49909925e+01 
 7.58577575e+03  8.45909924e+01 
 7.94328235e+03  8.41909923e+01 
 8.31763771e+03  8.37909922e+01 
 8.70963590e+03  8.33909921e+01 
 9.12010839e+03  8.29909920e+01 
 9.54992586e+03  8.25909919e+01 
 1.00000000e+04  8.21909919e+01 
 1.04712855e+04  8.17909918e+01 
 1.09647820e+04  8.13909918e+01 
 1.14815362e+04  8.09909917e+01 
 1.20226443e+04  8.05909917e+01 
 1.25892541e+04  8.01909917e+01 
 1.31825674e+04  7.97909916e+01 
 1.38038426e+04  7.93909916e+01 
 1.44543977e+04  7.89909916e+01 
 1.51356125e+04  7.85909915e+01 
 1.58489319e+04  7.81909915e+01 
 1.65958691e+04  7.77909915e+01 
 1.73780083e+04  7.73909915e+01 
 1.81970086e+04  7.69909914e+01 
 1.90546072e+04  7.65909914e+01 
 1.99526231e+04  7.61909914e+01 
 2.08929613e+04  7.57909914e+01 
 2.18776162e+04  7.53909914e+01 
 2.29086765e+04  7.49909914e+01 
 2.39883292e+04  7.45909914e+01 
 2.51188643e+04  7.41909914e+01 
 2.63026799e+04  7.37909913e+01 
 2.75422870e+04  7.33909913e+01 
 2.88403150e+04  7.29909913e+01 
 3.01995172e+04  7.25909913e+01 
 3.16227766e+04  7.21909913e+01 
 3.31131121e+04  7.17909913e+01 
 3.46736850e+04  7.13909913e+01 
 3.63078055e+04  7.09909913e+01 
 3.80189396e+04  7.05909913e+01 
 3.98107171e+04  7.01909913e+01 
 4.16869383e+04  6.97909913e+01 
 4.36515832e+04  6.93909913e+01 
 4.57088190e+04  6.89909913e+01 
 4.78630092e+04  6.85909913e+01 
 5.01187234e+04  6.81909913e+01 
 5.24807460e+04  6.77909913e+01 
 5.49540874e+04  6.73909913e+01 
 5.75439937e+04  6.69909913e+01 
 6.02559586e+04  6.65909913e+01 
 6.30957344e+04  6.61909913e+01 
 6.60693448e+04  6.57909913e+01 
 6.91830971e+04  6.53909913e+01 
 7.24435960e+04  6.49909913e+01 
 7.58577575e+04  6.45909913e+01 
 7.94328235e+04  6.41909913e+01 
 8.31763771e+04  6.37909913e+01 
 8.70963590e+04  6.33909913e+01 
 9.12010839e+04  6.29909913e+01 
 9.54992586e+04  6.25909913e+01 
 1.00000000e+05  6.21909913e+01 
 1.04712855e+05  6.17909913e+01 
 1.09647820e+05  6.13909913e+01 
 1.14815362e+05  6.09909913e+01 
 1.20226443e+05  6.05909913e+01 
 1.25892541e+05  6.01909913e+01 
 1.31825674e+05  5.97909913e+01 
 1.38038426e+05  5.93909913e+01 
 1.44543977e+05  5.89909913e+01 
 1.51356125e+05  5.85909913e+01 
 1.58489319e+05  5.81909913e+01 
 1.65958691e+05  5.77909913e+01 
 1.73780083e+05  5.73909913e+01 
 1.81970086e+05  5.69909913e+01 
 1.90546072e+05  5.65909913e+01 
 1.99526231e+05  5.61909913e+01 
 2.08929613e+05  5.57909913e+01 
 2.18776162e+05  5.53909912e+01 
 2.29086765e+05  5.49909912e+01 
 2.39883292e+05  5.45909912e+01 
 2.51188643e+05  5.41909912e+01 
 2.63026799e+05  5.37909912e+01 
 2.75422870e+05  5.33909912e+01 
 2.88403150e+05  5.29909912e+01 
 3.01995172e+05  5.25909912e+01 
 3.16227766e+05  5.21909912e+01 
 3.31131121e+05  5.17909912e+01 
 3.46736850e+05  5.13909912e+01 
 3.63078055e+05  5.09909912e+01 
 3.80189396e+05  5.05909912e+01 
 3.98107171e+05  5.01909912e+01 
 4.16869383e+05  4.97909912e+01 
 4.36515832e+05  4.93909912e+01 
 4.57088190e+05  4.89909912e+01 
 4.78630092e+05  4.85909912e+01 
 5.01187234e+05  4.81909912e+01 
 5.24807460e+05  4.77909912e+01 
 5.49540874e+05  4.73909912e+01 
 5.75439937e+05  4.69909912e+01 
 6.02559586e+05  4.65909912e+01 
 6.30957344e+05  4.61909912e+01 
 6.60693448e+05  4.57909912e+01 
 6.91830971e+05  4.53909912e+01 
 7.24435960e+05  4.49909912e+01 
 7.58577575e+05  4.45909912e+01 
 7.94328235e+05  4.41909912e+01 
 8.31763771e+05  4.37909912e+01 
 8.70963590e+05  4.33909912e+01 
 9.12010839e+05  4.29909912e+01 
 9.54992586e+05  4.25909912e+01 
 1.00000000e+06  4.21909912e+01 
 1.04712855e+06  4.17909912e+01 
 1.09647820e+06  4.13909912e+01 
 1.14815362e+06  4.09909912e+01 
 1.20226443e+06  4.05909912e+01 
 1.25892541e+06  4.01909912e+01 
 1.31825674e+06  3.97909912e+01 
 1.38038426e+06  3.93909912e+01 
 1.44543977e+06  3.89909912e+01 
 1.51356125e+06  3.85909912e+01 
 1.58489319e+06  3.81909912e+01 
 1.65958691e+06  3.77909912e+01 
 1.73780083e+06  3.73909911e+01 
 1.81970086e+06  3.69909911e+01 
 1.90546072e+06  3.65909911e+01 
 1.99526231e+06  3.61909911e+01 
 2.08929613e+06  3.57909911e+01 
 2.18776162e+06  3.53909911e+01 
 2.29086765e+06  3.49909911e+01 
 2.39883292e+06  3.45909911e+01 
 2.51188643e+06  3.41909910e+01 
 2.63026799e+06  3.37909910e+01 
 2.75422870e+06  3.33909910e+01 
 2.88403150e+06  3.29909910e+01 
 3.01995172e+06  3.25909909e+01 
 3.16227766e+06  3.21909909e+01 
 3.31131121e+06  3.17909909e+01 
 3.46736850e+06  3.13909908e+01 
 3.63078055e+06  3.09909908e+01 
 3.80189396e+06  3.05909908e+01 
 3.98107171e+06  3.01909907e+01 
 4.16869383e+06  2.97909907e+01 
 4.36515832e+06  2.93909906e+01 
 4.57088190e+06  2.89909905e+01 
 4.78630092e+06  2.85909905e+01 
 5.01187234e+06  2.81909904e+01 
 5.24807460e+06  2.77909903e+01 
 5.49540874e+06  2.73909902e+01 
 5.75439937e+06  2.69909901e+01 
 6.02559586e+06  2.65909900e+01 
 6.30957344e+06  2.61909899e+01 
 6.60693448e+06  2.57909898e+01 
 6.91830971e+06  2.53909896e+01 
 7.24435960e+06  2.49909895e+01 
 7.58577575e+06  2.45909893e+01 
 7.94328235e+06  2.41909891e+01 
 8.31763771e+06  2.37909889e+01 
 8.70963590e+06  2.33909887e+01 
 9.12010839e+06  2.29909884e+01 
 9.54992586e+06  2.25909882e+01 
 1.00000000e+07  2.21909879e+01 
 1.04712855e+07  2.17909875e+01 
 1.09647820e+07  2.13909872e+01 
 1.14815362e+07  2.09909868e+01 
 1.20226443e+07  2.05909863e+01 
 1.25892541e+07  2.01909859e+01 
 1.31825674e+07  1.97909853e+01 
 1.38038426e+07  1.93909848e+01 
 1.44543977e+07  1.89909842e+01 
 1.51356125e+07  1.85909835e+01 
 1.58489319e+07  1.81909827e+01 
 1.65958691e+07  1.77909819e+01 
 1.73780083e+07  1.73909810e+01 
 1.81970086e+07  1.69909800e+01 
 1.90546072e+07  1.65909789e+01 
 1.99526231e+07  1.61909777e+01 
 2.08929613e+07  1.57909764e+01 
 2.18776162e+07  1.53909750e+01 
 2.29086765e+07  1.49909734e+01 
 2.39883292e+07  1.45909717e+01 
 2.51188643e+07  1.41909698e+01 
 2.63026799e+07  1.37909678e+01 
 2.75422870e+07  1.33909655e+01 
 2.88403150e+07  1.29909630e+01 
 3.01995172e+07  1.25909603e+01 
 3.16227766e+07  1.21909573e+01 
 3.31131121e+07  1.17909540e+01 
 3.46736850e+07  1.13909504e+01 
 3.63078055e+07  1.09909465e+01 
 3.80189396e+07  1.05909422e+01 
 3.98107171e+07  1.01909374e+01 
 4.16869383e+07  9.79093225e+00 
 4.36515832e+07  9.39092656e+00 
 4.57088190e+07  8.99092032e+00 
 4.78630092e+07  8.59091347e+00 
 5.01187234e+07  8.19090597e+00 
 5.24807460e+07  7.79089774e+00 
 5.49540874e+07  7.39088872e+00 
 5.75439937e+07  6.99087883e+00 
 6.02559586e+07  6.59086798e+00 
 6.30957344e+07  6.19085609e+00 
 6.60693448e+07  5.79084305e+00 
 6.91830971e+07  5.39082875e+00 
 7.24435960e+07  4.99081307e+00 
 7.58577575e+07  4.59079588e+00 
 7.94328235e+07  4.19077704e+00 
 8.31763771e+07  3.79075637e+00 
 8.70963590e+07  3.39073371e+00 
 9.12010839e+07  2.99070886e+00 
 9.54992586e+07  2.59068162e+00 
 1.00000000e+08  2.19065175e+00 
 1.04712855e+08  1.79061900e+00 
 1.09647820e+08  1.39058308e+00 
 1.14815362e+08  9.90543708e-01 
 1.20226443e+08  5.90500532e-01 
 1.25892541e+08  1.90453192e-01 
 1.31825674e+08 -2.09598715e-01 
 1.38038426e+08 -6.09655629e-01 
 1.44543977e+08 -1.00971803e+00 
 1.51356125e+08 -1.40978646e+00 
 1.58489319e+08 -1.80986148e+00 
 1.65958691e+08 -2.20994374e+00 
 1.73780083e+08 -2.61003394e+00 
 1.81970086e+08 -3.01013283e+00 
 1.90546072e+08 -3.41024126e+00 
 1.99526231e+08 -3.81036015e+00 
 2.08929613e+08 -4.21049051e+00 
 2.18776162e+08 -4.61063344e+00 
 2.29086765e+08 -5.01079015e+00 
 2.39883292e+08 -5.41096198e+00 
 2.51188643e+08 -5.81115037e+00 
 2.63026799e+08 -6.21135693e+00 
 2.75422870e+08 -6.61158340e+00 
 2.88403150e+08 -7.01183171e+00 
 3.01995172e+08 -7.41210396e+00 
 3.16227766e+08 -7.81240246e+00 
 3.31131121e+08 -8.21272973e+00 
 3.46736850e+08 -8.61308854e+00 
 3.63078055e+08 -9.01348193e+00 
 3.80189396e+08 -9.41391323e+00 
 3.98107171e+08 -9.81438608e+00 
 4.16869383e+08 -1.02149045e+01 
 4.36515832e+08 -1.06154729e+01 
 4.57088190e+08 -1.10160959e+01 
 4.78630092e+08 -1.14167790e+01 
 5.01187234e+08 -1.18175279e+01 
 5.24807460e+08 -1.22183489e+01 
 5.49540874e+08 -1.26192488e+01 
 5.75439937e+08 -1.30202354e+01 
 6.02559586e+08 -1.34213169e+01 
 6.30957344e+08 -1.38225023e+01 
 6.60693448e+08 -1.42238018e+01 
 6.91830971e+08 -1.46252261e+01 
 7.24435960e+08 -1.50267872e+01 
 7.58577575e+08 -1.54284983e+01 
 7.94328235e+08 -1.58303736e+01 
 8.31763771e+08 -1.62324289e+01 
 8.70963590e+08 -1.66346812e+01 
 9.12010839e+08 -1.70371493e+01 
 9.54992586e+08 -1.74398539e+01 
 1.00000000e+09 -1.78428172e+01 
