1.0000000000E+00  1.7998267368E+02
1.0471285500E+00  1.7998185712E+02
1.0964782000E+00  1.7998100207E+02
1.1481536200E+00  1.7998010673E+02
1.2022644300E+00  1.7997916918E+02
1.2589254100E+00  1.7997818746E+02
1.3182567400E+00  1.7997715947E+02
1.3803842600E+00  1.7997608302E+02
1.4454397700E+00  1.7997495585E+02
1.5135612500E+00  1.7997377556E+02
1.5848931900E+00  1.7997253964E+02
1.6595869100E+00  1.7997124547E+02
1.7378008300E+00  1.7996989031E+02
1.8197008600E+00  1.7996847129E+02
1.9054607200E+00  1.7996698538E+02
1.9952623100E+00  1.7996542945E+02
2.0892961300E+00  1.7996380020E+02
2.1877616200E+00  1.7996209415E+02
2.2908676500E+00  1.7996030770E+02
2.3988329200E+00  1.7995843706E+02
2.5118864300E+00  1.7995647826E+02
2.6302679900E+00  1.7995442715E+02
2.7542287000E+00  1.7995227937E+02
2.8840315000E+00  1.7995003037E+02
3.0199517200E+00  1.7994767537E+02
3.1622776600E+00  1.7994520939E+02
3.3113112100E+00  1.7994262719E+02
3.4673685000E+00  1.7993992329E+02
3.6307805500E+00  1.7993709197E+02
3.8018939600E+00  1.7993412720E+02
3.9810717100E+00  1.7993102272E+02
4.1686938300E+00  1.7992777192E+02
4.3651583200E+00  1.7992436792E+02
4.5708819000E+00  1.7992080350E+02
4.7863009200E+00  1.7991707109E+02
5.0118723400E+00  1.7991316277E+02
5.2480746000E+00  1.7990907027E+02
5.4954087400E+00  1.7990478489E+02
5.7543993700E+00  1.7990029755E+02
6.0255958600E+00  1.7989559872E+02
6.3095734400E+00  1.7989067846E+02
6.6069344800E+00  1.7988552630E+02
6.9183097100E+00  1.7988013134E+02
7.2443596000E+00  1.7987448212E+02
7.5857757500E+00  1.7986856667E+02
7.9432823500E+00  1.7986237243E+02
8.3176377100E+00  1.7985588627E+02
8.7096359000E+00  1.7984909443E+02
9.1201083900E+00  1.7984198250E+02
9.5499258600E+00  1.7983453541E+02
1.0000000000E+01  1.7982673735E+02
1.0471285500E+01  1.7981857178E+02
1.0964782000E+01  1.7981002139E+02
1.1481536200E+01  1.7980106805E+02
1.2022644300E+01  1.7979169276E+02
1.2589254100E+01  1.7978187563E+02
1.3182567400E+01  1.7977159585E+02
1.3803842600E+01  1.7976083162E+02
1.4454397700E+01  1.7974956010E+02
1.5135612500E+01  1.7973775739E+02
1.5848931900E+01  1.7972539846E+02
1.6595869100E+01  1.7971245710E+02
1.7378008300E+01  1.7969890587E+02
1.8197008600E+01  1.7968471602E+02
1.9054607200E+01  1.7966985746E+02
1.9952623100E+01  1.7965429870E+02
2.0892961300E+01  1.7963800672E+02
2.1877616200E+01  1.7962094699E+02
2.2908676500E+01  1.7960308333E+02
2.3988329200E+01  1.7958437786E+02
2.5118864300E+01  1.7956479093E+02
2.6302679900E+01  1.7954428101E+02
2.7542287000E+01  1.7952280460E+02
2.8840315000E+01  1.7950031619E+02
3.0199517200E+01  1.7947676810E+02
3.1622776600E+01  1.7945211041E+02
3.3113112100E+01  1.7942629085E+02
3.4673685000E+01  1.7939925471E+02
3.6307805500E+01  1.7937094468E+02
3.8018939600E+01  1.7934130077E+02
3.9810717100E+01  1.7931026016E+02
4.1686938300E+01  1.7927775709E+02
4.3651583200E+01  1.7924372269E+02
4.5708819000E+01  1.7920808487E+02
4.7863009200E+01  1.7917076816E+02
5.0118723400E+01  1.7913169351E+02
5.2480746000E+01  1.7909077820E+02
5.4954087400E+01  1.7904793561E+02
5.7543993700E+01  1.7900307504E+02
6.0255958600E+01  1.7895610158E+02
6.3095734400E+01  1.7890691583E+02
6.6069344800E+01  1.7885541375E+02
6.9183097100E+01  1.7880148644E+02
7.2443596000E+01  1.7874501989E+02
7.5857757500E+01  1.7868589476E+02
7.9432823500E+01  1.7862398616E+02
8.3176377100E+01  1.7855916334E+02
8.7096359000E+01  1.7849128947E+02
9.1201083900E+01  1.7842022135E+02
9.5499258600E+01  1.7834580910E+02
1.0000000000E+02  1.7826789589E+02
1.0471285500E+02  1.7818631762E+02
1.0964782000E+02  1.7810090257E+02
1.1481536200E+02  1.7801147109E+02
1.2022644300E+02  1.7791783523E+02
1.2589254100E+02  1.7781979837E+02
1.3182567400E+02  1.7771715486E+02
1.3803842600E+02  1.7760968965E+02
1.4454397700E+02  1.7749717778E+02
1.5135612500E+02  1.7737938411E+02
1.5848931900E+02  1.7725606276E+02
1.6595869100E+02  1.7712695672E+02
1.7378008300E+02  1.7699179741E+02
1.8197008600E+02  1.7685030417E+02
1.9054607200E+02  1.7670218377E+02
1.9952623100E+02  1.7654712999E+02
2.0892961300E+02  1.7638482301E+02
2.1877616200E+02  1.7621492903E+02
2.2908676500E+02  1.7603709962E+02
2.3988329200E+02  1.7585097134E+02
2.5118864300E+02  1.7565616512E+02
2.6302679900E+02  1.7545228581E+02
2.7542287000E+02  1.7523892164E+02
2.8840315000E+02  1.7501564375E+02
3.0199517200E+02  1.7478200572E+02
3.1622776600E+02  1.7453754311E+02
3.3113112100E+02  1.7428177307E+02
3.4673685000E+02  1.7401419391E+02
3.6307805500E+02  1.7373428484E+02
3.8018939600E+02  1.7344150570E+02
3.9810717100E+02  1.7313529671E+02
4.1686938300E+02  1.7281507851E+02
4.3651583200E+02  1.7248025198E+02
4.5708819000E+02  1.7213019859E+02
4.7863009200E+02  1.7176428056E+02
5.0118723400E+02  1.7138184132E+02
5.2480746000E+02  1.7098220625E+02
5.4954087400E+02  1.7056468346E+02
5.7543993700E+02  1.7012856504E+02
6.0255958600E+02  1.6967312839E+02
6.3095734400E+02  1.6919763810E+02
6.6069344800E+02  1.6870134799E+02
6.9183097100E+02  1.6818350375E+02
7.2443596000E+02  1.6764334594E+02
7.5857757500E+02  1.6708011346E+02
7.9432823500E+02  1.6649304771E+02
8.3176377100E+02  1.6588139727E+02
8.7096359000E+02  1.6524442318E+02
9.1201083900E+02  1.6458140503E+02
9.5499258600E+02  1.6389164769E+02
1.0000000000E+03  1.6317448884E+02
1.0471285500E+03  1.6242930722E+02
1.0964782000E+03  1.6165553181E+02
1.1481536200E+03  1.6085265165E+02
1.2022644300E+03  1.6002022612E+02
1.2589254100E+03  1.5915789647E+02
1.3182567400E+03  1.5826539768E+02
1.3803842600E+03  1.5734257061E+02
1.4454397700E+03  1.5638937405E+02
1.5135612500E+03  1.5540589810E+02
1.5848931900E+03  1.5439237606E+02
1.6595869100E+03  1.5334919607E+02
1.7378008300E+03  1.5227691296E+02
1.8197008600E+03  1.5117625730E+02
1.9054607200E+03  1.5004814422E+02
1.9952623100E+03  1.4889367967E+02
2.0892961300E+03  1.4771416392E+02
2.1877616200E+03  1.4651109361E+02
2.2908676500E+03  1.4528615898E+02
2.3988329200E+03  1.4404123919E+02
2.5118864300E+03  1.4277839340E+02
2.6302679900E+03  1.4149984812E+02
2.7542287000E+03  1.4020798154E+02
2.8840315000E+03  1.3890530395E+02
3.0199517200E+03  1.3759443531E+02
3.1622776600E+03  1.3627808020E+02
3.3113112100E+03  1.3495900044E+02
3.4673685000E+03  1.3363998634E+02
3.6307805500E+03  1.3232382747E+02
3.8018939600E+03  1.3101328331E+02
3.9810717100E+03  1.2971105415E+02
4.1686938300E+03  1.2841975467E+02
4.3651583200E+03  1.2714188811E+02
4.5708819000E+03  1.2587982464E+02
4.7863009200E+03  1.2463578190E+02
5.0118723400E+03  1.2341180891E+02
5.2480746000E+03  1.2220977446E+02
5.4954087400E+03  1.2103135788E+02
5.7543993700E+03  1.1987804450E+02
6.0255958600E+03  1.1875112354E+02
6.3095734400E+03  1.1765168978E+02
6.6069344800E+03  1.1658064737E+02
6.9183097100E+03  1.1553871650E+02
7.2443596000E+03  1.1452644167E+02
7.5857757500E+03  1.1354420165E+02
7.9432823500E+03  1.1259222066E+02
8.3176377100E+03  1.1167058027E+02
8.7096359000E+03  1.1077923171E+02
9.1201083900E+03  1.0991800858E+02
9.5499258600E+03  1.0908663920E+02
1.0000000000E+04  1.0828475892E+02
1.0471285500E+04  1.0751192181E+02
1.0964782000E+04  1.0676761196E+02
1.1481536200E+04  1.0605125400E+02
1.2022644300E+04  1.0536222257E+02
1.2589254100E+04  1.0469985174E+02
1.3182567400E+04  1.0406344319E+02
1.3803842600E+04  1.0345227365E+02
1.4454397700E+04  1.0286560130E+02
1.5135612500E+04  1.0230267232E+02
1.5848931900E+04  1.0176272582E+02
1.6595869100E+04  1.0124499842E+02
1.7378008300E+04  1.0074872867E+02
1.8197008600E+04  1.0027316017E+02
1.9054607200E+04  9.9817544760E+01
1.9952623100E+04  9.9381145043E+01
2.0892961300E+04  9.8963236325E+01
2.1877616200E+04  9.8563108666E+01
2.2908676500E+04  9.8180067994E+01
2.3988329200E+04  9.7813437414E+01
2.5118864300E+04  9.7462558035E+01
2.6302679900E+04  9.7126789532E+01
2.7542287000E+04  9.6805510684E+01
2.8840315000E+04  9.6498119592E+01
3.0199517200E+04  9.6204033826E+01
3.1622776600E+04  9.5922690427E+01
3.3113112100E+04  9.5653545786E+01
3.4673685000E+04  9.5396075425E+01
3.6307805500E+04  9.5149773768E+01
3.8018939600E+04  9.4914153812E+01
3.9810717100E+04  9.4688746650E+01
4.1686938300E+04  9.4473101179E+01
4.3651583200E+04  9.4266783493E+01
4.5708819000E+04  9.4069376515E+01
4.7863009200E+04  9.3880479450E+01
5.0118723400E+04  9.3699707226E+01
5.2480746000E+04  9.3526690054E+01
5.4954087400E+04  9.3361072806E+01
5.7543993700E+04  9.3202514564E+01
6.0255958600E+04  9.3050688028E+01
6.3095734400E+04  9.2905279037E+01
6.6069344800E+04  9.2765986018E+01
6.9183097100E+04  9.2632519502E+01
7.2443596000E+04  9.2504601604E+01
7.5857757500E+04  9.2381965535E+01
7.9432823500E+04  9.2264355131E+01
8.3176377100E+04  9.2151524378E+01
8.7096359000E+04  9.2043236952E+01
9.1201083900E+04  9.1939265786E+01
9.5499258600E+04  9.1839392623E+01
1.0000000000E+05  9.1743407611E+01
1.0471285500E+05  9.1651108884E+01
1.0964782000E+05  9.1562302179E+01
1.1481536200E+05  9.1476800452E+01
1.2022644300E+05  9.1394423474E+01
1.2589254100E+05  9.1314997508E+01
1.3182567400E+05  9.1238354960E+01
1.3803842600E+05  9.1164334032E+01
1.4454397700E+05  9.1092778354E+01
1.5135612500E+05  9.1023536738E+01
1.5848931900E+05  9.0956462820E+01
1.6595869100E+05  9.0891414751E+01
1.7378008300E+05  9.0828254954E+01
1.8197008600E+05  9.0766849784E+01
1.9054607200E+05  9.0707069287E+01
1.9952623100E+05  9.0648786920E+01
2.0892961300E+05  9.0591879271E+01
2.1877616200E+05  9.0536225838E+01
2.2908676500E+05  9.0481708739E+01
2.3988329200E+05  9.0428212488E+01
2.5118864300E+05  9.0375623753E+01
2.6302679900E+05  9.0323831100E+01
2.7542287000E+05  9.0272724778E+01
2.8840315000E+05  9.0222196480E+01
3.0199517200E+05  9.0172139114E+01
3.1622776600E+05  9.0122446585E+01
3.3113112100E+05  9.0073013563E+01
3.4673685000E+05  9.0023735262E+01
3.6307805500E+05  8.9974507221E+01
3.8018939600E+05  8.9925225095E+01
3.9810717100E+05  8.9875784405E+01
4.1686938300E+05  8.9826080358E+01
4.3651583200E+05  8.9776007586E+01
4.5708819000E+05  8.9725459950E+01
4.7863009200E+05  8.9674330315E+01
5.0118723400E+05  8.9622510305E+01
5.2480746000E+05  8.9569890100E+01
5.4954087400E+05  8.9516358181E+01
5.7543993700E+05  8.9461801117E+01
6.0255958600E+05  8.9406103308E+01
6.3095734400E+05  8.9349146758E+01
6.6069344800E+05  8.9290810812E+01
6.9183097100E+05  8.9230971919E+01
7.2443596000E+05  8.9169503362E+01
7.5857757500E+05  8.9106274994E+01
7.9432823500E+05  8.9041152974E+01
8.3176377100E+05  8.8973999483E+01
8.7096359000E+05  8.8904672434E+01
9.1201083900E+05  8.8833025187E+01
9.5499258600E+05  8.8758906236E+01
1.0000000000E+06  8.8682158905E+01
1.0471285500E+06  8.8602621016E+01
1.0964782000E+06  8.8520124571E+01
1.1481536200E+06  8.8434495407E+01
1.2022644300E+06  8.8345552812E+01
1.2589254100E+06  8.8253109190E+01
1.3182567400E+06  8.8156969694E+01
1.3803842600E+06  8.8056931823E+01
1.4454397700E+06  8.7952784972E+01
1.5135612500E+06  8.7844310106E+01
1.5848931900E+06  8.7731279273E+01
1.6595869100E+06  8.7613455143E+01
1.7378008300E+06  8.7490590626E+01
1.8197008600E+06  8.7362428318E+01
1.9054607200E+06  8.7228700068E+01
1.9952623100E+06  8.7089126477E+01
2.0892961300E+06  8.6943416328E+01
2.1877616200E+06  8.6791266166E+01
2.2908676500E+06  8.6632359649E+01
2.3988329200E+06  8.6466367073E+01
2.5118864300E+06  8.6292944792E+01
2.6302679900E+06  8.6111734620E+01
2.7542287000E+06  8.5922363289E+01
2.8840315000E+06  8.5724441842E+01
3.0199517200E+06  8.5517565060E+01
3.1622776600E+06  8.5301310877E+01
3.3113112100E+06  8.5075239785E+01
3.4673685000E+06  8.4838894246E+01
3.6307805500E+06  8.4591798156E+01
3.8018939600E+06  8.4333456322E+01
3.9810717100E+06  8.4063353847E+01
4.1686938300E+06  8.3780955791E+01
4.3651583200E+06  8.3485706562E+01
4.5708819000E+06  8.3177029668E+01
4.7863009200E+06  8.2854327354E+01
5.0118723400E+06  8.2516980280E+01
5.2480746000E+06  8.2164347520E+01
5.4954087400E+06  8.1795766374E+01
5.7543993700E+06  8.1410552605E+01
6.0255958600E+06  8.1008000579E+01
6.3095734400E+06  8.0587383807E+01
6.6069344800E+06  8.0147955501E+01
6.9183097100E+06  7.9688949554E+01
7.2443596000E+06  7.9209581648E+01
7.5857757500E+06  7.8709050751E+01
7.9432823500E+06  7.8186540969E+01
8.3176377100E+06  7.7641223797E+01
8.7096359000E+06  7.7072260759E+01
9.1201083900E+06  7.6478806664E+01
9.5499258600E+06  7.5860013270E+01
1.0000000000E+07  7.5215033701E+01
1.0471285500E+07  7.4543027359E+01
1.0964782000E+07  7.3843165751E+01
1.1481536200E+07  7.3114638967E+01
1.2022644300E+07  7.2356662659E+01
1.2589254100E+07  7.1568486479E+01
1.3182567400E+07  7.0749403129E+01
1.3803842600E+07  6.9898758168E+01
1.4454397700E+07  6.9015960333E+01
1.5135612500E+07  6.8100493981E+01
1.5848931900E+07  6.7151931004E+01
1.6595869100E+07  6.6169943811E+01
1.7378008300E+07  6.5154319757E+01
1.8197008600E+07  6.4104974632E+01
1.9054607200E+07  6.3021967527E+01
1.9952623100E+07  6.1905515248E+01
2.0892961300E+07  6.0756006051E+01
2.1877616200E+07  5.9574013963E+01
2.2908676500E+07  5.8360310496E+01
2.3988329200E+07  5.7115876324E+01
2.5118864300E+07  5.5841910536E+01
2.6302679900E+07  5.4539837463E+01
2.7542287000E+07  5.3211311463E+01
2.8840315000E+07  5.1858218158E+01
3.0199517200E+07  5.0482672585E+01
3.1622776600E+07  4.9087013677E+01
3.3113112100E+07  4.7673794829E+01
3.4673685000E+07  4.6245770592E+01
3.6307805500E+07  4.4805879831E+01
3.8018939600E+07  4.3357225093E+01
3.9810717100E+07  4.1903047952E+01
4.1686938300E+07  4.0446702715E+01
4.3651583200E+07  3.8991625828E+01
4.5708819000E+07  3.7541304930E+01
4.7863009200E+07  3.6099245515E+01
5.0118723400E+07  3.4668936643E+01
5.2480746000E+07  3.3253817463E+01
5.4954087400E+07  3.1857242798E+01
5.7543993700E+07  3.0482450922E+01
6.0255958600E+07  2.9132531809E+01
6.3095734400E+07  2.7810398156E+01
6.6069344800E+07  2.6518758158E+01
6.9183097100E+07  2.5260091679E+01
7.2443596000E+07  2.4036629151E+01
7.5857757500E+07  2.2850334237E+01
7.9432823500E+07  2.1702890288E+01
8.3176377100E+07  2.0595690834E+01
8.7096359000E+07  1.9529834220E+01
9.1201083900E+07  1.8506122806E+01
9.5499258600E+07  1.7525066281E+01
1.0000000000E+08  1.6586889494E+01
1.0471285500E+08  1.5691544114E+01
1.0964782000E+08  1.4838724313E+01
1.1481536200E+08  1.4027885605E+01
1.2022644300E+08  1.3258266134E+01
1.2589254100E+08  1.2528910870E+01
1.3182567400E+08  1.1838696900E+01
1.3803842600E+08  1.1186359446E+01
1.4454397700E+08  1.0570517812E+01
1.5135612500E+08  9.9897017841E+00
1.5848931900E+08  9.4423759338E+00
1.6595869100E+08  8.9269627517E+00
1.7378008300E+08  8.4418642893E+00
1.8197008600E+08  7.9854808551E+00
1.9054607200E+08  7.5562279629E+00
1.9952623100E+08  7.1525505939E+00
2.0892961300E+08  6.7729349274E+00
2.1877616200E+08  6.4159181636E+00
2.2908676500E+08  6.0800956041E+00
2.3988329200E+08  5.7641261848E+00
2.5118864300E+08  5.4667360101E+00
2.6302679900E+08  5.1867203009E+00
2.7542287000E+08  4.9229441534E+00
2.8840315000E+08  4.6743420641E+00
3.0199517200E+08  4.4399166206E+00
3.1622776600E+08  4.2187364725E+00
3.3113112100E+08  4.0099337484E+00
3.4673685000E+08  3.8127010982E+00
3.6307805500E+08  3.6262885198E+00
3.8018939600E+08  3.4500000171E+00
3.9810717100E+08  3.2831901279E+00
4.1686938300E+08  3.1252606330E+00
4.3651583200E+08  2.9756571274E+00
4.5708819000E+08  2.8338658926E+00
4.7863009200E+08  2.6994107958E+00
5.0118723400E+08  2.5718503475E+00
5.2480746000E+08  2.4507750233E+00
5.4954087400E+08  2.3358046451E+00
5.7543993700E+08  2.2265860511E+00
6.0255958600E+08  2.1227908574E+00
6.3095734400E+08  2.0241134577E+00
6.6069344800E+08  1.9302691361E+00
6.9183097100E+08  1.8409923787E+00
7.2443596000E+08  1.7560352977E+00
7.5857757500E+08  1.6751662102E+00
7.9432823500E+08  1.5981683401E+00
8.3176377100E+08  1.5248386358E+00
8.7096359000E+08  1.4549866874E+00
9.1201083900E+08  1.3884337556E+00
9.5499258600E+08  1.3250118730E+00
1.0000000000E+09  1.2645630413E+00
