 1.00000000e+00 -1.11322727e-01 
 1.04712855e+00 -1.14794472e-01 
 1.09647820e+00 -1.18166817e-01 
 1.14815362e+00 -1.21396106e-01 
 1.20226443e+00 -1.24430848e-01 
 1.25892541e+00 -1.27210497e-01 
 1.31825674e+00 -1.29664035e-01 
 1.38038426e+00 -1.31708354e-01 
 1.44543977e+00 -1.33246389e-01 
 1.51356125e+00 -1.34164971e-01 
 1.58489319e+00 -1.34332357e-01 
 1.65958691e+00 -1.33595395e-01 
 1.73780083e+00 -1.31776255e-01 
 1.81970086e+00 -1.28668681e-01 
 1.90546072e+00 -1.24033674e-01 
 1.99526231e+00 -1.17594534e-01 
 2.08929613e+00 -1.09031162e-01 
 2.18776162e+00 -9.79735054e-02 
 2.29086765e+00 -8.39940317e-02 
 2.39883292e+00 -6.65990733e-02 
 2.51188643e+00 -4.52188839e-02 
 2.63026799e+00 -1.91962106e-02 
 2.75422870e+00  1.22268367e-02 
 2.88403150e+00  4.99238735e-02 
 3.01995172e+00  9.49015739e-02 
 3.16227766e+00  1.48319583e-01 
 3.31131121e+00  2.11513387e-01 
 3.46736850e+00  2.86020571e-01 
 3.63078055e+00  3.73610967e-01 
 3.80189396e+00  4.76321234e-01 
 3.98107171e+00  5.96494515e-01 
 4.16869383e+00  7.36825862e-01 
 4.36515832e+00  9.00414219e-01 
 4.57088190e+00  1.09082179e+00 
 4.78630092e+00  1.31214170e+00 
 5.01187234e+00  1.56907489e+00 
 5.24807460e+00  1.86701704e+00 
 5.49540874e+00  2.21215642e+00 
 5.75439937e+00  2.61158285e+00 
 6.02559586e+00  3.07340797e+00 
 6.30957344e+00  3.60689546e+00 
 6.60693448e+00  4.22259870e+00 
 6.91830971e+00  4.93250070e+00 
 7.24435960e+00  5.75014739e+00 
 7.58577575e+00  6.69075953e+00 
 7.94328235e+00  7.77130026e+00 
 8.31763771e+00  9.01046368e+00 
 8.70963590e+00  1.04285339e+01 
 9.12010839e+00  1.20470444e+01 
 9.54992586e+00  1.38881456e+01 
 1.00000000e+01  1.59735682e+01 
 1.04712855e+01  1.83230644e+01 
 1.09647820e+01  2.09522331e+01 
 1.14815362e+01  2.38697161e+01 
 1.20226443e+01  2.70739241e+01 
 1.25892541e+01  3.05497016e+01 
 1.31825674e+01  3.42656540e+01 
 1.38038426e+01  3.81730757e+01 
 1.44543977e+01  4.22073663e+01 
 1.51356125e+01  4.62923385e+01 
 1.58489319e+01  5.03469619e+01 
 1.65958691e+01  5.42931989e+01 
 1.73780083e+01  5.80631591e+01 
 1.81970086e+01  6.16040680e+01 
 1.90546072e+01  6.48803663e+01 
 1.99526231e+01  6.78731637e+01 
 2.08929613e+01  7.05778605e+01 
 2.18776162e+01  7.30008954e+01 
 2.29086765e+01  7.51564098e+01 
 2.39883292e+01  7.70633099e+01 
 2.51188643e+01  7.87429401e+01 
 2.63026799e+01  8.02173846e+01 
 2.75422870e+01  8.15083172e+01 
 2.88403150e+01  8.26362849e+01 
 3.01995172e+01  8.36203071e+01 
 3.16227766e+01  8.44776953e+01 
 3.31131121e+01  8.52240164e+01 
 3.46736850e+01  8.58731454e+01 
 3.63078055e+01  8.64373699e+01 
 3.80189396e+01  8.69275198e+01 
 3.98107171e+01  8.73531068e+01 
 4.16869383e+01  8.77224633e+01 
 4.36515832e+01  8.80428742e+01 
 4.57088190e+01  8.83206999e+01 
 4.78630092e+01  8.85614879e+01 
 5.01187234e+01  8.87700727e+01 
 5.24807460e+01  8.89506650e+01 
 5.49540874e+01  8.91069307e+01 
 5.75439937e+01  8.92420606e+01 
 6.02559586e+01  8.93588308e+01 
 6.30957344e+01  8.94596567e+01 
 6.60693448e+01  8.95466393e+01 
 6.91830971e+01  8.96216058e+01 
 7.24435960e+01  8.96861453e+01 
 7.58577575e+01  8.97416396e+01 
 7.94328235e+01  8.97892900e+01 
 8.31763771e+01  8.98301411e+01 
 8.70963590e+01  8.98651009e+01 
 9.12010839e+01  8.98949583e+01 
 9.54992586e+01  8.99203994e+01 
 1.00000000e+02  8.99420200e+01 
 1.04712855e+02  8.99603378e+01 
 1.09647820e+02  8.99758026e+01 
 1.14815362e+02  8.99888048e+01 
 1.20226443e+02  8.99996835e+01 
 1.25892541e+02  9.00087330e+01 
 1.31825674e+02  9.00162086e+01 
 1.38038426e+02  9.00223319e+01 
 1.44543977e+02  9.00272949e+01 
 1.51356125e+02  9.00312641e+01 
 1.58489319e+02  9.00343836e+01 
 1.65958691e+02  9.00367785e+01 
 1.73780083e+02  9.00385566e+01 
 1.81970086e+02  9.00398115e+01 
 1.90546072e+02  9.00406240e+01 
 1.99526231e+02  9.00410637e+01 
 2.08929613e+02  9.00411910e+01 
 2.18776162e+02  9.00410575e+01 
 2.29086765e+02  9.00407079e+01 
 2.39883292e+02  9.00401807e+01 
 2.51188643e+02  9.00395088e+01 
 2.63026799e+02  9.00387204e+01 
 2.75422870e+02  9.00378398e+01 
 2.88403150e+02  9.00368875e+01 
 3.01995172e+02  9.00358811e+01 
 3.16227766e+02  9.00348357e+01 
 3.31131121e+02  9.00337637e+01 
 3.46736850e+02  9.00326760e+01 
 3.63078055e+02  9.00315815e+01 
 3.80189396e+02  9.00304877e+01 
 3.98107171e+02  9.00294007e+01 
 4.16869383e+02  9.00283259e+01 
 4.36515832e+02  9.00272673e+01 
 4.57088190e+02  9.00262285e+01 
 4.78630092e+02  9.00252120e+01 
 5.01187234e+02  9.00242201e+01 
 5.24807460e+02  9.00232543e+01 
 5.49540874e+02  9.00223159e+01 
 5.75439937e+02  9.00214057e+01 
 6.02559586e+02  9.00205243e+01 
 6.30957344e+02  9.00196719e+01 
 6.60693448e+02  9.00188486e+01 
 6.91830971e+02  9.00180543e+01 
 7.24435960e+02  9.00172887e+01 
 7.58577575e+02  9.00165514e+01 
 7.94328235e+02  9.00158420e+01 
 8.31763771e+02  9.00151599e+01 
 8.70963590e+02  9.00145043e+01 
 9.12010839e+02  9.00138748e+01 
 9.54992586e+02  9.00132705e+01 
 1.00000000e+03  9.00126907e+01 
 1.04712855e+03  9.00121346e+01 
 1.09647820e+03  9.00116015e+01 
 1.14815362e+03  9.00110906e+01 
 1.20226443e+03  9.00106012e+01 
 1.25892541e+03  9.00101324e+01 
 1.31825674e+03  9.00096835e+01 
 1.38038426e+03  9.00092538e+01 
 1.44543977e+03  9.00088425e+01 
 1.51356125e+03  9.00084488e+01 
 1.58489319e+03  9.00080722e+01 
 1.65958691e+03  9.00077120e+01 
 1.73780083e+03  9.00073674e+01 
 1.81970086e+03  9.00070378e+01 
 1.90546072e+03  9.00067226e+01 
 1.99526231e+03  9.00064212e+01 
 2.08929613e+03  9.00061330e+01 
 2.18776162e+03  9.00058575e+01 
 2.29086765e+03  9.00055941e+01 
 2.39883292e+03  9.00053423e+01 
 2.51188643e+03  9.00051017e+01 
 2.63026799e+03  9.00048716e+01 
 2.75422870e+03  9.00046517e+01 
 2.88403150e+03  9.00044415e+01 
 3.01995172e+03  9.00042406e+01 
 3.16227766e+03  9.00040486e+01 
 3.31131121e+03  9.00038651e+01 
 3.46736850e+03  9.00036897e+01 
 3.63078055e+03  9.00035220e+01 
 3.80189396e+03  9.00033617e+01 
 3.98107171e+03  9.00032085e+01 
 4.16869383e+03  9.00030621e+01 
 4.36515832e+03  9.00029221e+01 
 4.57088190e+03  9.00027883e+01 
 4.78630092e+03  9.00026604e+01 
 5.01187234e+03  9.00025380e+01 
 5.24807460e+03  9.00024211e+01 
 5.49540874e+03  9.00023092e+01 
 5.75439937e+03  9.00022022e+01 
 6.02559586e+03  9.00020999e+01 
 6.30957344e+03  9.00020020e+01 
 6.60693448e+03  9.00019084e+01 
 6.91830971e+03  9.00018188e+01 
 7.24435960e+03  9.00017330e+01 
 7.58577575e+03  9.00016509e+01 
 7.94328235e+03  9.00015723e+01 
 8.31763771e+03  9.00014970e+01 
 8.70963590e+03  9.00014249e+01 
 9.12010839e+03  9.00013558e+01 
 9.54992586e+03  9.00012896e+01 
 1.00000000e+04  9.00012261e+01 
 1.04712855e+04  9.00011652e+01 
 1.09647820e+04  9.00011068e+01 
 1.14815362e+04  9.00010507e+01 
 1.20226443e+04  9.00009969e+01 
 1.25892541e+04  9.00009452e+01 
 1.31825674e+04  9.00008954e+01 
 1.38038426e+04  9.00008476e+01 
 1.44543977e+04  9.00008016e+01 
 1.51356125e+04  9.00007572e+01 
 1.58489319e+04  9.00007145e+01 
 1.65958691e+04  9.00006733e+01 
 1.73780083e+04  9.00006335e+01 
 1.81970086e+04  9.00005951e+01 
 1.90546072e+04  9.00005579e+01 
 1.99526231e+04  9.00005219e+01 
 2.08929613e+04  9.00004870e+01 
 2.18776162e+04  9.00004531e+01 
 2.29086765e+04  9.00004202e+01 
 2.39883292e+04  9.00003882e+01 
 2.51188643e+04  9.00003570e+01 
 2.63026799e+04  9.00003266e+01 
 2.75422870e+04  9.00002969e+01 
 2.88403150e+04  9.00002678e+01 
 3.01995172e+04  9.00002392e+01 
 3.16227766e+04  9.00002112e+01 
 3.31131121e+04  9.00001836e+01 
 3.46736850e+04  9.00001564e+01 
 3.63078055e+04  9.00001296e+01 
 3.80189396e+04  9.00001030e+01 
 3.98107171e+04  9.00000766e+01 
 4.16869383e+04  9.00000504e+01 
 4.36515832e+04  9.00000243e+01 
 4.57088190e+04  8.99999983e+01 
 4.78630092e+04  8.99999722e+01 
 5.01187234e+04  8.99999461e+01 
 5.24807460e+04  8.99999199e+01 
 5.49540874e+04  8.99998935e+01 
 5.75439937e+04  8.99998669e+01 
 6.02559586e+04  8.99998400e+01 
 6.30957344e+04  8.99998127e+01 
 6.60693448e+04  8.99997851e+01 
 6.91830971e+04  8.99997570e+01 
 7.24435960e+04  8.99997284e+01 
 7.58577575e+04  8.99996992e+01 
 7.94328235e+04  8.99996694e+01 
 8.31763771e+04  8.99996388e+01 
 8.70963590e+04  8.99996075e+01 
 9.12010839e+04  8.99995754e+01 
 9.54992586e+04  8.99995424e+01 
 1.00000000e+05  8.99995084e+01 
 1.04712855e+05  8.99994733e+01 
 1.09647820e+05  8.99994372e+01 
 1.14815362e+05  8.99993998e+01 
 1.20226443e+05  8.99993612e+01 
 1.25892541e+05  8.99993212e+01 
 1.31825674e+05  8.99992798e+01 
 1.38038426e+05  8.99992369e+01 
 1.44543977e+05  8.99991923e+01 
 1.51356125e+05  8.99991460e+01 
 1.58489319e+05  8.99990979e+01 
 1.65958691e+05  8.99990479e+01 
 1.73780083e+05  8.99989959e+01 
 1.81970086e+05  8.99989418e+01 
 1.90546072e+05  8.99988854e+01 
 1.99526231e+05  8.99988266e+01 
 2.08929613e+05  8.99987654e+01 
 2.18776162e+05  8.99987015e+01 
 2.29086765e+05  8.99986349e+01 
 2.39883292e+05  8.99985654e+01 
 2.51188643e+05  8.99984928e+01 
 2.63026799e+05  8.99984170e+01 
 2.75422870e+05  8.99983379e+01 
 2.88403150e+05  8.99982553e+01 
 3.01995172e+05  8.99981689e+01 
 3.16227766e+05  8.99980787e+01 
 3.31131121e+05  8.99979844e+01 
 3.46736850e+05  8.99978858e+01 
 3.63078055e+05  8.99977828e+01 
 3.80189396e+05  8.99976750e+01 
 3.98107171e+05  8.99975623e+01 
 4.16869383e+05  8.99974444e+01 
 4.36515832e+05  8.99973212e+01 
 4.57088190e+05  8.99971922e+01 
 4.78630092e+05  8.99970573e+01 
 5.01187234e+05  8.99969161e+01 
 5.24807460e+05  8.99967684e+01 
 5.49540874e+05  8.99966138e+01 
 5.75439937e+05  8.99964521e+01 
 6.02559586e+05  8.99962828e+01 
 6.30957344e+05  8.99961056e+01 
 6.60693448e+05  8.99959202e+01 
 6.91830971e+05  8.99957262e+01 
 7.24435960e+05  8.99955230e+01 
 7.58577575e+05  8.99953104e+01 
 7.94328235e+05  8.99950878e+01 
 8.31763771e+05  8.99948548e+01 
 8.70963590e+05  8.99946109e+01 
 9.12010839e+05  8.99943556e+01 
 9.54992586e+05  8.99940882e+01 
 1.00000000e+06  8.99938084e+01 
 1.04712855e+06  8.99935154e+01 
 1.09647820e+06  8.99932087e+01 
 1.14815362e+06  8.99928875e+01 
 1.20226443e+06  8.99925513e+01 
 1.25892541e+06  8.99921992e+01 
 1.31825674e+06  8.99918307e+01 
 1.38038426e+06  8.99914447e+01 
 1.44543977e+06  8.99910407e+01 
 1.51356125e+06  8.99906176e+01 
 1.58489319e+06  8.99901747e+01 
 1.65958691e+06  8.99897109e+01 
 1.73780083e+06  8.99892252e+01 
 1.81970086e+06  8.99887168e+01 
 1.90546072e+06  8.99881843e+01 
 1.99526231e+06  8.99876269e+01 
 2.08929613e+06  8.99870431e+01 
 2.18776162e+06  8.99864319e+01 
 2.29086765e+06  8.99857920e+01 
 2.39883292e+06  8.99851218e+01 
 2.51188643e+06  8.99844201e+01 
 2.63026799e+06  8.99836854e+01 
 2.75422870e+06  8.99829161e+01 
 2.88403150e+06  8.99821105e+01 
 3.01995172e+06  8.99812670e+01 
 3.16227766e+06  8.99803837e+01 
 3.31131121e+06  8.99794589e+01 
 3.46736850e+06  8.99784905e+01 
 3.63078055e+06  8.99774764e+01 
 3.80189396e+06  8.99764146e+01 
 3.98107171e+06  8.99753027e+01 
 4.16869383e+06  8.99741385e+01 
 4.36515832e+06  8.99729194e+01 
 4.57088190e+06  8.99716428e+01 
 4.78630092e+06  8.99703061e+01 
 5.01187234e+06  8.99689064e+01 
 5.24807460e+06  8.99674408e+01 
 5.49540874e+06  8.99659061e+01 
 5.75439937e+06  8.99642991e+01 
 6.02559586e+06  8.99626164e+01 
 6.30957344e+06  8.99608543e+01 
 6.60693448e+06  8.99590093e+01 
 6.91830971e+06  8.99570773e+01 
 7.24435960e+06  8.99550542e+01 
 7.58577575e+06  8.99529358e+01 
 7.94328235e+06  8.99507176e+01 
 8.31763771e+06  8.99483948e+01 
 8.70963590e+06  8.99459626e+01 
 9.12010839e+06  8.99434158e+01 
 9.54992586e+06  8.99407489e+01 
 1.00000000e+07  8.99379564e+01 
 1.04712855e+07  8.99350322e+01 
 1.09647820e+07  8.99319703e+01 
 1.14815362e+07  8.99287640e+01 
 1.20226443e+07  8.99254067e+01 
 1.25892541e+07  8.99218911e+01 
 1.31825674e+07  8.99182099e+01 
 1.38038426e+07  8.99143551e+01 
 1.44543977e+07  8.99103187e+01 
 1.51356125e+07  8.99060921e+01 
 1.58489319e+07  8.99016663e+01 
 1.65958691e+07  8.98970319e+01 
 1.73780083e+07  8.98921791e+01 
 1.81970086e+07  8.98870976e+01 
 1.90546072e+07  8.98817766e+01 
 1.99526231e+07  8.98762049e+01 
 2.08929613e+07  8.98703705e+01 
 2.18776162e+07  8.98642612e+01 
 2.29086765e+07  8.98578640e+01 
 2.39883292e+07  8.98511653e+01 
 2.51188643e+07  8.98441509e+01 
 2.63026799e+07  8.98368060e+01 
 2.75422870e+07  8.98291149e+01 
 2.88403150e+07  8.98210613e+01 
 3.01995172e+07  8.98126281e+01 
 3.16227766e+07  8.98037976e+01 
 3.31131121e+07  8.97945509e+01 
 3.46736850e+07  8.97848683e+01 
 3.63078055e+07  8.97747295e+01 
 3.80189396e+07  8.97641129e+01 
 3.98107171e+07  8.97529959e+01 
 4.16869383e+07  8.97413550e+01 
 4.36515832e+07  8.97291656e+01 
 4.57088190e+07  8.97164016e+01 
 4.78630092e+07  8.97030361e+01 
 5.01187234e+07  8.96890408e+01 
 5.24807460e+07  8.96743859e+01 
 5.49540874e+07  8.96590404e+01 
 5.75439937e+07  8.96429716e+01 
 6.02559586e+07  8.96261457e+01 
 6.30957344e+07  8.96085268e+01 
 6.60693448e+07  8.95900775e+01 
 6.91830971e+07  8.95707589e+01 
 7.24435960e+07  8.95505298e+01 
 7.58577575e+07  8.95293475e+01 
 7.94328235e+07  8.95071669e+01 
 8.31763771e+07  8.94839411e+01 
 8.70963590e+07  8.94596208e+01 
 9.12010839e+07  8.94341544e+01 
 9.54992586e+07  8.94074880e+01 
 1.00000000e+08  8.93795650e+01 
 1.04712855e+08  8.93503263e+01 
 1.09647820e+08  8.93197097e+01 
 1.14815362e+08  8.92876505e+01 
 1.20226443e+08  8.92540806e+01 
 1.25892541e+08  8.92189290e+01 
 1.31825674e+08  8.91821211e+01 
 1.38038426e+08  8.91435789e+01 
 1.44543977e+08  8.91032208e+01 
 1.51356125e+08  8.90609612e+01 
 1.58489319e+08  8.90167106e+01 
 1.65958691e+08  8.89703753e+01 
 1.73780083e+08  8.89218571e+01 
 1.81970086e+08  8.88710533e+01 
 1.90546072e+08  8.88178563e+01 
 1.99526231e+08  8.87621534e+01 
 2.08929613e+08  8.87038269e+01 
 2.18776162e+08  8.86427531e+01 
 2.29086765e+08  8.85788030e+01 
 2.39883292e+08  8.85118412e+01 
 2.51188643e+08  8.84417262e+01 
 2.63026799e+08  8.83683096e+01 
 2.75422870e+08  8.82914364e+01 
 2.88403150e+08  8.82109441e+01 
 3.01995172e+08  8.81266628e+01 
 3.16227766e+08  8.80384144e+01 
 3.31131121e+08  8.79460129e+01 
 3.46736850e+08  8.78492633e+01 
 3.63078055e+08  8.77479617e+01 
 3.80189396e+08  8.76418947e+01 
 3.98107171e+08  8.75308391e+01 
 4.16869383e+08  8.74145611e+01 
 4.36515832e+08  8.72928165e+01 
 4.57088190e+08  8.71653495e+01 
 4.78630092e+08  8.70318927e+01 
 5.01187234e+08  8.68921665e+01 
 5.24807460e+08  8.67458783e+01 
 5.49540874e+08  8.65927223e+01 
 5.75439937e+08  8.64323787e+01 
 6.02559586e+08  8.62645133e+01 
 6.30957344e+08  8.60887767e+01 
 6.60693448e+08  8.59048040e+01 
 6.91830971e+08  8.57122137e+01 
 7.24435960e+08  8.55106075e+01 
 7.58577575e+08  8.52995695e+01 
 7.94328235e+08  8.50786653e+01 
 8.31763771e+08  8.48474416e+01 
 8.70963590e+08  8.46054257e+01 
 9.12010839e+08  8.43521243e+01 
 9.54992586e+08  8.40870232e+01 
 1.00000000e+09  8.38095865e+01 
