 1.00000000e+00 -6.99567301e+01 
 1.05925373e+00 -6.99567301e+01 
 1.12201845e+00 -6.99567301e+01 
 1.18850223e+00 -6.99567301e+01 
 1.25892541e+00 -6.99567301e+01 
 1.33352143e+00 -6.99567301e+01 
 1.41253754e+00 -6.99567301e+01 
 1.49623566e+00 -6.99567301e+01 
 1.58489319e+00 -6.99567301e+01 
 1.67880402e+00 -6.99567301e+01 
 1.77827941e+00 -6.99567301e+01 
 1.88364909e+00 -6.99567301e+01 
 1.99526231e+00 -6.99567301e+01 
 2.11348904e+00 -6.99567301e+01 
 2.23872114e+00 -6.99567301e+01 
 2.37137371e+00 -6.99567301e+01 
 2.51188643e+00 -6.99567301e+01 
 2.66072506e+00 -6.99567301e+01 
 2.81838293e+00 -6.99567301e+01 
 2.98538262e+00 -6.99567302e+01 
 3.16227766e+00 -6.99567302e+01 
 3.34965439e+00 -6.99567302e+01 
 3.54813389e+00 -6.99567302e+01 
 3.75837404e+00 -6.99567302e+01 
 3.98107171e+00 -6.99567302e+01 
 4.21696503e+00 -6.99567302e+01 
 4.46683592e+00 -6.99567302e+01 
 4.73151259e+00 -6.99567302e+01 
 5.01187234e+00 -6.99567302e+01 
 5.30884444e+00 -6.99567302e+01 
 5.62341325e+00 -6.99567303e+01 
 5.95662144e+00 -6.99567303e+01 
 6.30957344e+00 -6.99567303e+01 
 6.68343918e+00 -6.99567303e+01 
 7.07945784e+00 -6.99567303e+01 
 7.49894209e+00 -6.99567304e+01 
 7.94328235e+00 -6.99567304e+01 
 8.41395142e+00 -6.99567304e+01 
 8.91250938e+00 -6.99567305e+01 
 9.44060876e+00 -6.99567305e+01 
 1.00000000e+01 -6.99567305e+01 
 1.05925373e+01 -6.99567306e+01 
 1.12201845e+01 -6.99567307e+01 
 1.18850223e+01 -6.99567307e+01 
 1.25892541e+01 -6.99567308e+01 
 1.33352143e+01 -6.99567309e+01 
 1.41253754e+01 -6.99567310e+01 
 1.49623566e+01 -6.99567311e+01 
 1.58489319e+01 -6.99567312e+01 
 1.67880402e+01 -6.99567313e+01 
 1.77827941e+01 -6.99567315e+01 
 1.88364909e+01 -6.99567317e+01 
 1.99526231e+01 -6.99567319e+01 
 2.11348904e+01 -6.99567321e+01 
 2.23872114e+01 -6.99567323e+01 
 2.37137371e+01 -6.99567326e+01 
 2.51188643e+01 -6.99567329e+01 
 2.66072506e+01 -6.99567332e+01 
 2.81838293e+01 -6.99567336e+01 
 2.98538262e+01 -6.99567340e+01 
 3.16227766e+01 -6.99567345e+01 
 3.34965439e+01 -6.99567350e+01 
 3.54813389e+01 -6.99567356e+01 
 3.75837404e+01 -6.99567363e+01 
 3.98107171e+01 -6.99567371e+01 
 4.21696503e+01 -6.99567379e+01 
 4.46683592e+01 -6.99567389e+01 
 4.73151259e+01 -6.99567399e+01 
 5.01187234e+01 -6.99567411e+01 
 5.30884444e+01 -6.99567425e+01 
 5.62341325e+01 -6.99567440e+01 
 5.95662144e+01 -6.99567457e+01 
 6.30957344e+01 -6.99567476e+01 
 6.68343918e+01 -6.99567497e+01 
 7.07945784e+01 -6.99567521e+01 
 7.49894209e+01 -6.99567548e+01 
 7.94328235e+01 -6.99567578e+01 
 8.41395142e+01 -6.99567611e+01 
 8.91250938e+01 -6.99567649e+01 
 9.44060876e+01 -6.99567692e+01 
 1.00000000e+02 -6.99567739e+01 
 1.05925373e+02 -6.99567793e+01 
 1.12201845e+02 -6.99567853e+01 
 1.18850223e+02 -6.99567920e+01 
 1.25892541e+02 -6.99567996e+01 
 1.33352143e+02 -6.99568080e+01 
 1.41253754e+02 -6.99568176e+01 
 1.49623566e+02 -6.99568282e+01 
 1.58489319e+02 -6.99568402e+01 
 1.67880402e+02 -6.99568536e+01 
 1.77827941e+02 -6.99568687e+01 
 1.88364909e+02 -6.99568856e+01 
 1.99526231e+02 -6.99569046e+01 
 2.11348904e+02 -6.99569259e+01 
 2.23872114e+02 -6.99569498e+01 
 2.37137371e+02 -6.99569766e+01 
 2.51188643e+02 -6.99570066e+01 
 2.66072506e+02 -6.99570404e+01 
 2.81838293e+02 -6.99570782e+01 
 2.98538262e+02 -6.99571207e+01 
 3.16227766e+02 -6.99571684e+01 
 3.34965439e+02 -6.99572218e+01 
 3.54813389e+02 -6.99572818e+01 
 3.75837404e+02 -6.99573491e+01 
 3.98107171e+02 -6.99574247e+01 
 4.21696503e+02 -6.99575094e+01 
 4.46683592e+02 -6.99576045e+01 
 4.73151259e+02 -6.99577111e+01 
 5.01187234e+02 -6.99578308e+01 
 5.30884444e+02 -6.99579651e+01 
 5.62341325e+02 -6.99581158e+01 
 5.95662144e+02 -6.99582848e+01 
 6.30957344e+02 -6.99584745e+01 
 6.68343918e+02 -6.99586873e+01 
 7.07945784e+02 -6.99589261e+01 
 7.49894209e+02 -6.99591939e+01 
 7.94328235e+02 -6.99594945e+01 
 8.41395142e+02 -6.99598317e+01 
 8.91250938e+02 -6.99602100e+01 
 9.44060876e+02 -6.99606344e+01 
 1.00000000e+03 -6.99611105e+01 
 1.05925373e+03 -6.99616447e+01 
 1.12201845e+03 -6.99622440e+01 
 1.18850223e+03 -6.99629163e+01 
 1.25892541e+03 -6.99636705e+01 
 1.33352143e+03 -6.99645166e+01 
 1.41253754e+03 -6.99654658e+01 
 1.49623566e+03 -6.99665305e+01 
 1.58489319e+03 -6.99677248e+01 
 1.67880402e+03 -6.99690645e+01 
 1.77827941e+03 -6.99705671e+01 
 1.88364909e+03 -6.99722524e+01 
 1.99526231e+03 -6.99741427e+01 
 2.11348904e+03 -6.99762625e+01 
 2.23872114e+03 -6.99786399e+01 
 2.37137371e+03 -6.99813057e+01 
 2.51188643e+03 -6.99842949e+01 
 2.66072506e+03 -6.99876463e+01 
 2.81838293e+03 -6.99914037e+01 
 2.98538262e+03 -6.99956156e+01 
 3.16227766e+03 -7.00003366e+01 
 3.34965439e+03 -7.00056276e+01 
 3.54813389e+03 -7.00115564e+01 
 3.75837404e+03 -7.00181991e+01 
 3.98107171e+03 -7.00256403e+01 
 4.21696503e+03 -7.00339742e+01 
 4.46683592e+03 -7.00433061e+01 
 4.73151259e+03 -7.00537528e+01 
 5.01187234e+03 -7.00654443e+01 
 5.30884444e+03 -7.00785251e+01 
 5.62341325e+03 -7.00931552e+01 
 5.95662144e+03 -7.01095120e+01 
 6.30957344e+03 -7.01277916e+01 
 6.68343918e+03 -7.01482104e+01 
 7.07945784e+03 -7.01710071e+01 
 7.49894209e+03 -7.01964436e+01 
 7.94328235e+03 -7.02248077e+01 
 8.41395142e+03 -7.02564137e+01 
 8.91250938e+03 -7.02916046e+01 
 9.44060876e+03 -7.03307529e+01 
 1.00000000e+04 -7.03742619e+01 
 1.05925373e+04 -7.04225665e+01 
 1.12201845e+04 -7.04761331e+01 
 1.18850223e+04 -7.05354596e+01 
 1.25892541e+04 -7.06010743e+01 
 1.33352143e+04 -7.06735340e+01 
 1.41253754e+04 -7.07534213e+01 
 1.49623566e+04 -7.08413410e+01 
 1.58489319e+04 -7.09379150e+01 
 1.67880402e+04 -7.10437762e+01 
 1.77827941e+04 -7.11595611e+01 
 1.88364909e+04 -7.12859019e+01 
 1.99526231e+04 -7.14234161e+01 
 2.11348904e+04 -7.15726972e+01 
 2.23872114e+04 -7.17343030e+01 
 2.37137371e+04 -7.19087447e+01 
 2.51188643e+04 -7.20964761e+01 
 2.66072506e+04 -7.22978833e+01 
 2.81838293e+04 -7.25132752e+01 
 2.98538262e+04 -7.27428762e+01 
 3.16227766e+04 -7.29868201e+01 
 3.34965439e+04 -7.32451469e+01 
 3.54813389e+04 -7.35178016e+01 
 3.75837404e+04 -7.38046359e+01 
 3.98107171e+04 -7.41054115e+01 
 4.21696503e+04 -7.44198068e+01 
 4.46683592e+04 -7.47474244e+01 
 4.73151259e+04 -7.50878008e+01 
 5.01187234e+04 -7.54404164e+01 
 5.30884444e+04 -7.58047073e+01 
 5.62341325e+04 -7.61800754e+01 
 5.95662144e+04 -7.65659002e+01 
 6.30957344e+04 -7.69615482e+01 
 6.68343918e+04 -7.73663830e+01 
 7.07945784e+04 -7.77797729e+01 
 7.49894209e+04 -7.82010984e+01 
 7.94328235e+04 -7.86297579e+01 
 8.41395142e+04 -7.90651726e+01 
 8.91250938e+04 -7.95067900e+01 
 9.44060876e+04 -7.99540866e+01 
 1.00000000e+05 -8.04065694e+01 
 1.05925373e+05 -8.08637769e+01 
 1.12201845e+05 -8.13252794e+01 
 1.18850223e+05 -8.17906783e+01 
 1.25892541e+05 -8.22596059e+01 
 1.33352143e+05 -8.27317239e+01 
 1.41253754e+05 -8.32067221e+01 
 1.49623566e+05 -8.36843171e+01 
 1.58489319e+05 -8.41642506e+01 
 1.67880402e+05 -8.46462876e+01 
 1.77827941e+05 -8.51302151e+01 
 1.88364909e+05 -8.56158398e+01 
 1.99526231e+05 -8.61029873e+01 
 2.11348904e+05 -8.65915001e+01 
 2.23872114e+05 -8.70812361e+01 
 2.37137371e+05 -8.75720674e+01 
 2.51188643e+05 -8.80638791e+01 
 2.66072506e+05 -8.85565676e+01 
 2.81838293e+05 -8.90500404e+01 
 2.98538262e+05 -8.95442141e+01 
 3.16227766e+05 -9.00390141e+01 
 3.34965439e+05 -9.05343735e+01 
 3.54813389e+05 -9.10302326e+01 
 3.75837404e+05 -9.15265376e+01 
 3.98107171e+05 -9.20232407e+01 
 4.21696503e+05 -9.25202990e+01 
 4.46683592e+05 -9.30176742e+01 
 4.73151259e+05 -9.35153318e+01 
 5.01187234e+05 -9.40132414e+01 
 5.30884444e+05 -9.45113755e+01 
 5.62341325e+05 -9.50097096e+01 
 5.95662144e+05 -9.55082219e+01 
 6.30957344e+05 -9.60068927e+01 
 6.68343918e+05 -9.65057046e+01 
 7.07945784e+05 -9.70046419e+01 
 7.49894209e+05 -9.75036906e+01 
 7.94328235e+05 -9.80028382e+01 
 8.41395142e+05 -9.85020734e+01 
 8.91250938e+05 -9.90013860e+01 
 9.44060876e+05 -9.95007671e+01 
 1.00000000e+06 -1.00000208e+02 
 1.05925373e+06 -1.00499702e+02 
 1.12201845e+06 -1.00999243e+02 
 1.18850223e+06 -1.01498823e+02 
 1.25892541e+06 -1.01998438e+02 
 1.33352143e+06 -1.02498082e+02 
 1.41253754e+06 -1.02997751e+02 
 1.49623566e+06 -1.03497440e+02 
 1.58489319e+06 -1.03997145e+02 
 1.67880402e+06 -1.04496862e+02 
 1.77827941e+06 -1.04996588e+02 
 1.88364909e+06 -1.05496319e+02 
 1.99526231e+06 -1.05996051e+02 
 2.11348904e+06 -1.06495781e+02 
 2.23872114e+06 -1.06995505e+02 
 2.37137371e+06 -1.07495220e+02 
 2.51188643e+06 -1.07994921e+02 
 2.66072506e+06 -1.08494605e+02 
 2.81838293e+06 -1.08994268e+02 
 2.98538262e+06 -1.09493905e+02 
 3.16227766e+06 -1.09993511e+02 
 3.34965439e+06 -1.10493081e+02 
 3.54813389e+06 -1.10992609e+02 
 3.75837404e+06 -1.11492090e+02 
 3.98107171e+06 -1.11991516e+02 
 4.21696503e+06 -1.12490880e+02 
 4.46683592e+06 -1.12990173e+02 
 4.73151259e+06 -1.13489386e+02 
 5.01187234e+06 -1.13988508e+02 
 5.30884444e+06 -1.14487528e+02 
 5.62341325e+06 -1.14986434e+02 
 5.95662144e+06 -1.15485210e+02 
 6.30957344e+06 -1.15983840e+02 
 6.68343918e+06 -1.16482307e+02 
 7.07945784e+06 -1.16980590e+02 
 7.49894209e+06 -1.17478667e+02 
 7.94328235e+06 -1.17976512e+02 
 8.41395142e+06 -1.18474098e+02 
 8.91250938e+06 -1.18971392e+02 
 9.44060876e+06 -1.19468360e+02 
 1.00000000e+07 -1.19964962e+02 
 1.05925373e+07 -1.20461153e+02 
 1.12201845e+07 -1.20956885e+02 
 1.18850223e+07 -1.21452103e+02 
 1.25892541e+07 -1.21946743e+02 
 1.33352143e+07 -1.22440739e+02 
 1.41253754e+07 -1.22934013e+02 
 1.49623566e+07 -1.23426479e+02 
 1.58489319e+07 -1.23918043e+02 
 1.67880402e+07 -1.24408597e+02 
 1.77827941e+07 -1.24898024e+02 
 1.88364909e+07 -1.25386192e+02 
 1.99526231e+07 -1.25872956e+02 
 2.11348904e+07 -1.26358154e+02 
 2.23872114e+07 -1.26841607e+02 
 2.37137371e+07 -1.27323118e+02 
 2.51188643e+07 -1.27802467e+02 
 2.66072506e+07 -1.28279416e+02 
 2.81838293e+07 -1.28753699e+02 
 2.98538262e+07 -1.29225029e+02 
 3.16227766e+07 -1.29693088e+02 
 3.34965439e+07 -1.30157533e+02 
 3.54813389e+07 -1.30617989e+02 
 3.75837404e+07 -1.31074054e+02 
 3.98107171e+07 -1.31525291e+02 
 4.21696503e+07 -1.31971235e+02 
 4.46683592e+07 -1.32411390e+02 
 4.73151259e+07 -1.32845230e+02 
 5.01187234e+07 -1.33272202e+02 
 5.30884444e+07 -1.33691729e+02 
 5.62341325e+07 -1.34103215e+02 
 5.95662144e+07 -1.34506048e+02 
 6.30957344e+07 -1.34899608e+02 
 6.68343918e+07 -1.35283274e+02 
 7.07945784e+07 -1.35656436e+02 
 7.49894209e+07 -1.36018499e+02 
 7.94328235e+07 -1.36368899e+02 
 8.41395142e+07 -1.36707110e+02 
 8.91250938e+07 -1.37032661e+02 
 9.44060876e+07 -1.37345141e+02 
 1.00000000e+08 -1.37644215e+02 
