 1.00000000e+00 -1.72595506e+01 
 1.05925373e+00 -1.62594548e+01 
 1.12201845e+00 -1.52593528e+01 
 1.18850223e+00 -1.42592430e+01 
 1.25892541e+00 -1.32591239e+01 
 1.33352143e+00 -1.22589940e+01 
 1.41253754e+00 -1.12588513e+01 
 1.49623566e+00 -1.02586939e+01 
 1.58489319e+00 -9.25851965e+00 
 1.67880402e+00 -8.25832607e+00 
 1.77827941e+00 -7.25811050e+00 
 1.88364909e+00 -6.25786998e+00 
 1.99526231e+00 -5.25760128e+00 
 2.11348904e+00 -4.25730086e+00 
 2.23872114e+00 -3.25696487e+00 
 2.37137371e+00 -2.25658924e+00 
 2.51188643e+00 -1.25616968e+00 
 2.66072506e+00 -2.55701877e-01 
 2.81838293e+00  7.44818312e-01 
 2.98538262e+00  1.74539449e+00 
 3.16227766e+00  2.74602916e+00 
 3.34965439e+00  3.74672289e+00 
 3.54813389e+00  4.74747298e+00 
 3.75837404e+00  5.74827165e+00 
 3.98107171e+00  6.74910320e+00 
 4.21696503e+00  7.74993999e+00 
 4.46683592e+00  8.75073656e+00 
 4.73151259e+00  9.75142116e+00 
 5.01187234e+00  1.07518835e+01 
 5.30884444e+00  1.17519574e+01 
 5.62341325e+00  1.27513957e+01 
 5.95662144e+00  1.37498347e+01 
 6.30957344e+00  1.47467443e+01 
 6.68343918e+00  1.57413568e+01 
 7.07945784e+00  1.67325687e+01 
 7.49894209e+00  1.77188038e+01 
 7.94328235e+00  1.86978272e+01 
 8.41395142e+00  1.96664980e+01 
 8.91250938e+00  2.06204492e+01 
 9.44060876e+00  2.15536951e+01 
 1.00000000e+01  2.24581880e+01 
 1.05925373e+01  2.33233894e+01 
 1.12201845e+01  2.41359904e+01 
 1.18850223e+01  2.48800063e+01 
 1.25892541e+01  2.55375325e+01 
 1.33352143e+01  2.60904007e+01 
 1.41253754e+01  2.65227096e+01 
 1.49623566e+01  2.68237237e+01 
 1.58489319e+01  2.69901833e+01 
 1.67880402e+01  2.70270639e+01 
 1.77827941e+01  2.69464354e+01 
 1.88364909e+01  2.67649391e+01 
 1.99526231e+01  2.65008975e+01 
 2.11348904e+01  2.61719418e+01 
 2.23872114e+01  2.57935534e+01 
 2.37137371e+01  2.53784703e+01 
 2.51188643e+01  2.49366925e+01 
 2.66072506e+01  2.44758090e+01 
 2.81838293e+01  2.40014374e+01 
 2.98538262e+01  2.35176611e+01 
 3.16227766e+01  2.30274078e+01 
 3.34965439e+01  2.25327535e+01 
 3.54813389e+01  2.20351575e+01 
 3.75837404e+01  2.15356368e+01 
 3.98107171e+01  2.10348944e+01 
 4.21696503e+01  2.05334120e+01 
 4.46683592e+01  2.00315155e+01 
 4.73151259e+01  1.95294230e+01 
 5.01187234e+01  1.90272770e+01 
 5.30884444e+01  1.85251685e+01 
 5.62341325e+01  1.80231530e+01 
 5.95662144e+01  1.75212622e+01 
 6.30957344e+01  1.70195116e+01 
 6.68343918e+01  1.65179061e+01 
 7.07945784e+01  1.60164443e+01 
 7.49894209e+01  1.55151201e+01 
 7.94328235e+01  1.50139256e+01 
 8.41395142e+01  1.45128511e+01 
 8.91250938e+01  1.40118870e+01 
 9.44060876e+01  1.35110233e+01 
 1.00000000e+02  1.30102508e+01 
 1.05925373e+02  1.25095604e+01 
 1.12201845e+02  1.20089439e+01 
 1.18850223e+02  1.15083937e+01 
 1.25892541e+02  1.10079030e+01 
 1.33352143e+02  1.05074654e+01 
 1.41253754e+02  1.00070754e+01 
 1.49623566e+02  9.50672768e+00 
 1.58489319e+02  9.00641782e+00 
 1.67880402e+02  8.50614171e+00 
 1.77827941e+02  8.00589567e+00 
 1.88364909e+02  7.50567644e+00 
 1.99526231e+02  7.00548111e+00 
 2.11348904e+02  6.50530707e+00 
 2.23872114e+02  6.00515200e+00 
 2.37137371e+02  5.50501384e+00 
 2.51188643e+02  5.00489073e+00 
 2.66072506e+02  4.50478103e+00 
 2.81838293e+02  4.00468329e+00 
 2.98538262e+02  3.50459620e+00 
 3.16227766e+02  3.00451860e+00 
 3.34965439e+02  2.50444944e+00 
 3.54813389e+02  2.00438782e+00 
 3.75837404e+02  1.50433291e+00 
 3.98107171e+02  1.00428398e+00 
 4.21696503e+02  5.04240370e-01 
 4.46683592e+02  4.20151050e-03 
 4.73151259e+02 -4.95833119e-01 
 5.01187234e+02 -9.95863980e-01 
 5.30884444e+02 -1.49589148e+00 
 5.62341325e+02 -1.99591599e+00 
 5.95662144e+02 -2.49593783e+00 
 6.30957344e+02 -2.99595730e+00 
 6.68343918e+02 -3.49597465e+00 
 7.07945784e+02 -3.99599011e+00 
 7.49894209e+02 -4.49600389e+00 
 7.94328235e+02 -4.99601617e+00 
 8.41395142e+02 -5.49602711e+00 
 8.91250938e+02 -5.99603686e+00 
 9.44060876e+02 -6.49604556e+00 
 1.00000000e+03 -6.99605330e+00 
 1.05925373e+03 -7.49606021e+00 
 1.12201845e+03 -7.99606636e+00 
 1.18850223e+03 -8.49607185e+00 
 1.25892541e+03 -8.99607673e+00 
 1.33352143e+03 -9.49608109e+00 
 1.41253754e+03 -9.99608497e+00 
 1.49623566e+03 -1.04960884e+01 
 1.58489319e+03 -1.09960915e+01 
 1.67880402e+03 -1.14960943e+01 
 1.77827941e+03 -1.19960967e+01 
 1.88364909e+03 -1.24960989e+01 
 1.99526231e+03 -1.29961008e+01 
 2.11348904e+03 -1.34961026e+01 
 2.23872114e+03 -1.39961041e+01 
 2.37137371e+03 -1.44961055e+01 
 2.51188643e+03 -1.49961067e+01 
 2.66072506e+03 -1.54961078e+01 
 2.81838293e+03 -1.59961088e+01 
 2.98538262e+03 -1.64961097e+01 
 3.16227766e+03 -1.69961104e+01 
 3.34965439e+03 -1.74961111e+01 
 3.54813389e+03 -1.79961117e+01 
 3.75837404e+03 -1.84961123e+01 
 3.98107171e+03 -1.89961128e+01 
 4.21696503e+03 -1.94961132e+01 
 4.46683592e+03 -1.99961136e+01 
 4.73151259e+03 -2.04961139e+01 
 5.01187234e+03 -2.09961142e+01 
 5.30884444e+03 -2.14961145e+01 
 5.62341325e+03 -2.19961147e+01 
 5.95662144e+03 -2.24961150e+01 
 6.30957344e+03 -2.29961152e+01 
 6.68343918e+03 -2.34961153e+01 
 7.07945784e+03 -2.39961155e+01 
 7.49894209e+03 -2.44961156e+01 
 7.94328235e+03 -2.49961157e+01 
 8.41395142e+03 -2.54961158e+01 
 8.91250938e+03 -2.59961159e+01 
 9.44060876e+03 -2.64961160e+01 
 1.00000000e+04 -2.69961160e+01 
 1.05925373e+04 -2.74961161e+01 
 1.12201845e+04 -2.79961161e+01 
 1.18850223e+04 -2.84961162e+01 
 1.25892541e+04 -2.89961162e+01 
 1.33352143e+04 -2.94961162e+01 
 1.41253754e+04 -2.99961163e+01 
 1.49623566e+04 -3.04961163e+01 
 1.58489319e+04 -3.09961163e+01 
 1.67880402e+04 -3.14961163e+01 
 1.77827941e+04 -3.19961162e+01 
 1.88364909e+04 -3.24961162e+01 
 1.99526231e+04 -3.29961162e+01 
 2.11348904e+04 -3.34961162e+01 
 2.23872114e+04 -3.39961161e+01 
 2.37137371e+04 -3.44961161e+01 
 2.51188643e+04 -3.49961160e+01 
 2.66072506e+04 -3.54961159e+01 
 2.81838293e+04 -3.59961159e+01 
 2.98538262e+04 -3.64961158e+01 
 3.16227766e+04 -3.69961157e+01 
 3.34965439e+04 -3.74961155e+01 
 3.54813389e+04 -3.79961154e+01 
 3.75837404e+04 -3.84961152e+01 
 3.98107171e+04 -3.89961150e+01 
 4.21696503e+04 -3.94961148e+01 
 4.46683592e+04 -3.99961146e+01 
 4.73151259e+04 -4.04961144e+01 
 5.01187234e+04 -4.09961141e+01 
 5.30884444e+04 -4.14961137e+01 
 5.62341325e+04 -4.19961134e+01 
 5.95662144e+04 -4.24961130e+01 
 6.30957344e+04 -4.29961125e+01 
 6.68343918e+04 -4.34961120e+01 
 7.07945784e+04 -4.39961114e+01 
 7.49894209e+04 -4.44961108e+01 
 7.94328235e+04 -4.49961100e+01 
 8.41395142e+04 -4.54961092e+01 
 8.91250938e+04 -4.59961083e+01 
 9.44060876e+04 -4.64961072e+01 
 1.00000000e+05 -4.69961061e+01 
 1.05925373e+05 -4.74961048e+01 
 1.12201845e+05 -4.79961033e+01 
 1.18850223e+05 -4.84961016e+01 
 1.25892541e+05 -4.89960998e+01 
 1.33352143e+05 -4.94960977e+01 
 1.41253754e+05 -4.99960954e+01 
 1.49623566e+05 -5.04960928e+01 
 1.58489319e+05 -5.09960899e+01 
 1.67880402e+05 -5.14960866e+01 
 1.77827941e+05 -5.19960829e+01 
 1.88364909e+05 -5.24960788e+01 
 1.99526231e+05 -5.29960741e+01 
 2.11348904e+05 -5.34960689e+01 
 2.23872114e+05 -5.39960631e+01 
 2.37137371e+05 -5.44960565e+01 
 2.51188643e+05 -5.49960492e+01 
 2.66072506e+05 -5.54960409e+01 
 2.81838293e+05 -5.59960317e+01 
 2.98538262e+05 -5.64960213e+01 
 3.16227766e+05 -5.69960096e+01 
 3.34965439e+05 -5.74959966e+01 
 3.54813389e+05 -5.79959819e+01 
 3.75837404e+05 -5.84959654e+01 
 3.98107171e+05 -5.89959470e+01 
 4.21696503e+05 -5.94959262e+01 
 4.46683592e+05 -5.99959030e+01 
 4.73151259e+05 -6.04958769e+01 
 5.01187234e+05 -6.09958476e+01 
 5.30884444e+05 -6.14958148e+01 
 5.62341325e+05 -6.19957779e+01 
 5.95662144e+05 -6.24957366e+01 
 6.30957344e+05 -6.29956902e+01 
 6.68343918e+05 -6.34956381e+01 
 7.07945784e+05 -6.39955798e+01 
 7.49894209e+05 -6.44955142e+01 
 7.94328235e+05 -6.49954407e+01 
 8.41395142e+05 -6.54953582e+01 
 8.91250938e+05 -6.59952657e+01 
 9.44060876e+05 -6.64951618e+01 
 1.00000000e+06 -6.69950453e+01 
 1.05925373e+06 -6.74949146e+01 
 1.12201845e+06 -6.79947679e+01 
 1.18850223e+06 -6.84946034e+01 
 1.25892541e+06 -6.89944188e+01 
 1.33352143e+06 -6.94942116e+01 
 1.41253754e+06 -6.99939792e+01 
 1.49623566e+06 -7.04937184e+01 
 1.58489319e+06 -7.09934259e+01 
 1.67880402e+06 -7.14930977e+01 
 1.77827941e+06 -7.19927294e+01 
 1.88364909e+06 -7.24923163e+01 
 1.99526231e+06 -7.29918528e+01 
 2.11348904e+06 -7.34913328e+01 
 2.23872114e+06 -7.39907494e+01 
 2.37137371e+06 -7.44900949e+01 
 2.51188643e+06 -7.49893607e+01 
 2.66072506e+06 -7.54885371e+01 
 2.81838293e+06 -7.59876131e+01 
 2.98538262e+06 -7.64865767e+01 
 3.16227766e+06 -7.69854140e+01 
 3.34965439e+06 -7.74841099e+01 
 3.54813389e+06 -7.79826471e+01 
 3.75837404e+06 -7.84810064e+01 
 3.98107171e+06 -7.89791663e+01 
 4.21696503e+06 -7.94771025e+01 
 4.46683592e+06 -7.99747881e+01 
 4.73151259e+06 -8.04721928e+01 
 5.01187234e+06 -8.09692826e+01 
 5.30884444e+06 -8.14660196e+01 
 5.62341325e+06 -8.19623615e+01 
 5.95662144e+06 -8.24582606e+01 
 6.30957344e+06 -8.29536640e+01 
 6.68343918e+06 -8.34485122e+01 
 7.07945784e+06 -8.39427392e+01 
 7.49894209e+06 -8.44362708e+01 
 7.94328235e+06 -8.49290246e+01 
 8.41395142e+06 -8.54209086e+01 
 8.91250938e+06 -8.59118204e+01 
 9.44060876e+06 -8.64016458e+01 
 1.00000000e+07 -8.68902580e+01 
 1.05925373e+07 -8.73775161e+01 
 1.12201845e+07 -8.78632639e+01 
 1.18850223e+07 -8.83473281e+01 
 1.25892541e+07 -8.88295172e+01 
 1.33352143e+07 -8.93096196e+01 
 1.41253754e+07 -8.97874022e+01 
 1.49623566e+07 -9.02626084e+01 
 1.58489319e+07 -9.07349567e+01 
 1.67880402e+07 -9.12041393e+01 
 1.77827941e+07 -9.16698199e+01 
 1.88364909e+07 -9.21316330e+01 
 1.99526231e+07 -9.25891827e+01 
 2.11348904e+07 -9.30420414e+01 
 2.23872114e+07 -9.34897502e+01 
 2.37137371e+07 -9.39318185e+01 
 2.51188643e+07 -9.43677250e+01 
 2.66072506e+07 -9.47969194e+01 
 2.81838293e+07 -9.52188249e+01 
 2.98538262e+07 -9.56328413e+01 
 3.16227766e+07 -9.60383506e+01 
 3.34965439e+07 -9.64347217e+01 
 3.54813389e+07 -9.68213183e+01 
 3.75837404e+07 -9.71975065e+01 
 3.98107171e+07 -9.75626645e+01 
 4.21696503e+07 -9.79161922e+01 
 4.46683592e+07 -9.82575228e+01 
 4.73151259e+07 -9.85861332e+01 
 5.01187234e+07 -9.89015552e+01 
 5.30884444e+07 -9.92033864e+01 
 5.62341325e+07 -9.94912990e+01 
 5.95662144e+07 -9.97650485e+01 
 6.30957344e+07 -1.00024480e+02 
 6.68343918e+07 -1.00269531e+02 
 7.07945784e+07 -1.00500235e+02 
 7.49894209e+07 -1.00716719e+02 
 7.94328235e+07 -1.00919200e+02 
 8.41395142e+07 -1.01107983e+02 
 8.91250938e+07 -1.01283447e+02 
 9.44060876e+07 -1.01446043e+02 
 1.00000000e+08 -1.01596278e+02 
