 BSIM4v5: Berkeley Short Channel IGFET Model-4
     device        m.xdut.xm13.m0        m.xdut.xm18.m0        m.xdut.xm12.m0
      model            nmos_3p3.9            nmos_3p3.9            nmos_3p3.9
          l                 7e-07                 7e-07                 7e-07
          w                 4e-06                 4e-06                 4e-06
          m                     1                     1                     1
         nf                     1                     1                     1
         sa                     0                     0                     0
         sb                     0                     0                     0
         sd                     0                     0                     0
        sca                     0                     0                     0
        scb                     0                     0                     0
        scc                     0                     0                     0
         sc                     0                     0                     0
        min                     0                     0                     0
         ad                     0                     0                     0
         as                     0                     0                     0
         pd                     0                     0                     0
         ps                     0                     0                     0
        nrd                     0                     0                     0
        nrs                     0                     0                     0
        off                     0                     0                     0
       rbdb                    50                    50                    50
       rbsb                    50                    50                    50
       rbpb                    50                    50                    50
       rbps                    50                    50                    50
       rbpd                    50                    50                    50
     delvto                    -0                    -0                     0
      mulu0                     1                     1                     1
        xgw                     0                     0                     0
      ngcon                     1                     1                     1
   trnqsmod                     0                     0                     0
   acnqsmod                     0                     0                     0
   rbodymod                     0                     0                     0
   rgatemod                     0                     0                     0
     geomod                     0                     0                     0
    rgeomod                     0                     0                     0
       gmbs           8.38618e-05            7.6302e-06           8.38618e-05
         gm           0.000219218           1.04106e-05           0.000219218
        gds           7.89539e-07            0.00109212           7.89539e-07
      vdsat               0.29216               1.33761               0.29216
        vth              0.818928              0.805143              0.818928
         id           4.04581e-05           4.04581e-05           4.04581e-05
        ibd          -2.90429e-12          -4.39666e-14          -2.90429e-12
        ibs          -4.39666e-14                     0          -4.39666e-14
        gbd                 1e-12           1.09486e-12                 1e-12
        gbs           1.09486e-12           1.38281e-12           1.09486e-12
       isub            1.3565e-07           6.94046e-23            1.3565e-07
      igidl           1.78426e-30                     0           1.78426e-30
      igisl                     0                     0                     0
        igs                     0                     0                     0
        igd                     0                     0                     0
        igb                     0                     0                     0
       igcs                     0                     0                     0
       igcd                     0                     0                     0
        vbs            -0.0364447                     0            -0.0364447
        vgs                1.1264               2.89429                1.1264
        vds               2.85784             0.0364447               2.85784
        cgg           7.90643e-15           1.07919e-14           7.90643e-15
        cgs          -6.73874e-15          -5.22629e-15          -6.73874e-15
        cgd           4.02539e-19          -5.58661e-15           4.02539e-19
        cbg          -1.08108e-15          -9.58595e-18          -1.08108e-15
        cbd           1.65699e-19          -2.34684e-15           1.65699e-19
        cbs          -2.74406e-15          -1.98371e-15          -2.74406e-15
        cdg          -2.73031e-15           -5.3907e-15          -2.73031e-15
        cdd          -1.95024e-19           5.30098e-15          -1.95024e-19
        cds           3.79333e-15           2.26484e-15           3.79333e-15
        csg          -4.09504e-15          -5.39164e-15          -4.09504e-15
        csd          -3.73214e-19           2.63248e-15          -3.73214e-19
        css           5.68947e-15           4.94515e-15           5.68947e-15
        cgb           -1.1681e-15           2.09762e-17           -1.1681e-15
        cdb          -1.06283e-15          -2.17512e-15          -1.06283e-15
        csb          -1.59406e-15          -2.18599e-15          -1.59406e-15
        cbb           3.82498e-15           4.34014e-15           3.82498e-15
      capbd           1.43982e-15           2.35848e-15           1.43982e-15
      capbs           2.35848e-15            1.7692e-15           2.35848e-15
         qg           1.05128e-14           2.99987e-14           1.05128e-14
         qb          -8.50871e-15          -8.17567e-15          -8.50871e-15
         qd          -8.01671e-16          -1.08628e-14          -8.01671e-16
         qs           -1.2024e-15          -1.09601e-14           -1.2024e-15
       qinv           2.27066e-15           2.28866e-14           2.27066e-15
       qdef                     0                     0                     0
       gcrg                     0                     0                     0
       gtau                     0                     0                     0
    vgsteff              0.298936               2.02405              0.298936
     vdseff              0.291301             0.0362338              0.291301
       cgso           9.29333e-16           9.29647e-16           9.29333e-16
       cgdo            6.1708e-16           9.29646e-16            6.1708e-16
       cgbo              7.15e-20              7.15e-20              7.15e-20
       weff              3.97e-06              3.97e-06              3.97e-06
       leff              7.15e-07              7.15e-07              7.15e-07

 BSIM4v5: Berkeley Short Channel IGFET Model-4
     device        m.xdut.xm14.m0        m.xdut.xm17.m0        m.xdut.xm16.m0
      model            nmos_3p3.9            nmos_3p3.9            nmos_3p3.9
          l                 7e-07                 7e-07                 7e-07
          w                 4e-06                 4e-06                 4e-06
          m                     1                     1                     1
         nf                     1                     1                     1
         sa                     0                     0                     0
         sb                     0                     0                     0
         sd                     0                     0                     0
        sca                     0                     0                     0
        scb                     0                     0                     0
        scc                     0                     0                     0
         sc                     0                     0                     0
        min                     0                     0                     0
         ad                     0                     0                     0
         as                     0                     0                     0
         pd                     0                     0                     0
         ps                     0                     0                     0
        nrd                     0                     0                     0
        nrs                     0                     0                     0
        off                     0                     0                     0
       rbdb                    50                    50                    50
       rbsb                    50                    50                    50
       rbpb                    50                    50                    50
       rbps                    50                    50                    50
       rbpd                    50                    50                    50
     delvto                     0                     0                    -0
      mulu0                     1                     1                     1
        xgw                     0                     0                     0
      ngcon                     1                     1                     1
   trnqsmod                     0                     0                     0
   acnqsmod                     0                     0                     0
   rbodymod                     0                     0                     0
   rgatemod                     0                     0                     0
     geomod                     0                     0                     0
    rgeomod                     0                     0                     0
       gmbs           9.31155e-05            7.6302e-06           7.73709e-05
         gm            0.00023916           1.04106e-05           0.000204194
        gds           1.36598e-06            0.00109212             7.778e-07
      vdsat              0.327667               1.33761              0.275476
        vth              0.805039              0.805143              0.825392
         id           5.04234e-05           4.04581e-05           3.48585e-05
        ibd          -1.17284e-12          -4.39666e-14          -2.03552e-12
        ibs                     0                     0          -6.19561e-14
        gbd                 1e-12           1.09486e-12                 1e-12
        gbs           1.38281e-12           1.38281e-12           1.04984e-12
       isub           2.50958e-15           6.94046e-23           1.16752e-09
      igidl                     0                     0           5.35449e-53
      igisl                     0                     0                     0
        igs                     0                     0                     0
        igd                     0                     0                     0
        igb                     0                     0                     0
       igcs                     0                     0                     0
       igcd                     0                     0                     0
        vbs                     0                     0             -0.053258
        vgs               1.16284               2.89429               1.10958
        vds               1.16284             0.0364447               1.97226
        cgg           8.00431e-15           1.07919e-14           7.84887e-15
        cgs          -6.87236e-15          -5.22629e-15           -6.6604e-15
        cgd           -9.4589e-19          -5.58661e-15           2.89391e-19
        cbg          -1.07889e-15          -9.58595e-18          -1.08561e-15
        cbd          -3.99473e-19          -2.34684e-15           1.18716e-19
        cbs          -2.80436e-15          -1.98371e-15          -2.71247e-15
        cdg          -2.77181e-15           -5.3907e-15          -2.70568e-15
        cdd           1.32377e-18           5.30098e-15          -6.81544e-20
        cds           3.87225e-15           2.26484e-15            3.7496e-15
        csg          -4.15362e-15          -5.39164e-15          -4.05757e-15
        csd           2.15949e-20           2.63248e-15          -3.39952e-19
        css           5.80447e-15           4.94515e-15           5.62327e-15
        cgb          -1.13101e-15           2.09762e-17          -1.18876e-15
        cdb          -1.10177e-15          -2.17512e-15          -1.04384e-15
        csb          -1.65087e-15          -2.18599e-15          -1.56536e-15
        cbb           3.88365e-15           4.34014e-15           3.79797e-15
      capbd           1.77116e-15           2.35848e-15           1.57143e-15
      capbs            1.7692e-15            1.7692e-15           2.34242e-15
         qg           1.07607e-14           2.99987e-14           1.03998e-14
         qb          -8.40768e-15          -8.17567e-15          -8.55472e-15
         qd            -9.416e-16          -1.08628e-14          -7.38123e-16
         qs          -1.41143e-15          -1.09601e-14          -1.10697e-15
       qinv            2.6441e-15           2.28866e-14           2.09973e-15
       qdef                     0                     0                     0
       gcrg                     0                     0                     0
       gtau                     0                     0                     0
    vgsteff              0.347901               2.02405              0.276438
     vdseff              0.324733             0.0362338              0.274253
       cgso           9.29361e-16           9.29647e-16           9.29318e-16
       cgdo            8.7452e-16           9.29646e-16           6.66453e-16
       cgbo              7.15e-20              7.15e-20              7.15e-20
       weff              3.97e-06              3.97e-06              3.97e-06
       leff              7.15e-07              7.15e-07              7.15e-07

 BSIM4v5: Berkeley Short Channel IGFET Model-4
     device        m.xdut.xm20.m0        m.xdut.xm15.m0        m.xdut.xm19.m0
      model            nmos_3p3.9            nmos_3p3.9            nmos_3p3.9
          l                 7e-07                 7e-07                 7e-07
          w                 4e-06                 4e-06                 4e-06
          m                     1                     1                     1
         nf                     1                     1                     1
         sa                     0                     0                     0
         sb                     0                     0                     0
         sd                     0                     0                     0
        sca                     0                     0                     0
        scb                     0                     0                     0
        scc                     0                     0                     0
         sc                     0                     0                     0
        min                     0                     0                     0
         ad                     0                     0                     0
         as                     0                     0                     0
         pd                     0                     0                     0
         ps                     0                     0                     0
        nrd                     0                     0                     0
        nrs                     0                     0                     0
        off                     0                     0                     0
       rbdb                    50                    50                    50
       rbsb                    50                    50                    50
       rbpb                    50                    50                    50
       rbps                    50                    50                    50
       rbpd                    50                    50                    50
     delvto                     0                    -0                     0
      mulu0                     1                     1                     1
        xgw                     0                     0                     0
      ngcon                     1                     1                     1
   trnqsmod                     0                     0                     0
   acnqsmod                     0                     0                     0
   rbodymod                     0                     0                     0
   rgatemod                     0                     0                     0
     geomod                     0                     0                     0
    rgeomod                     0                     0                     0
       gmbs           1.11015e-05           7.75691e-05           1.07503e-05
         gm           1.52643e-05             0.0002046           1.47699e-05
        gds            0.00107569           8.31577e-07            0.00107735
      vdsat               1.33761              0.277149               1.33761
        vth              0.805142              0.824773              0.805142
         id            5.8682e-05           3.51142e-05           5.68438e-05
        ibd          -6.19561e-14          -1.75278e-12          -6.01606e-14
        ibs                     0          -6.01606e-14                     0
        gbd           1.04984e-12                 1e-12            1.0532e-12
        gbs           1.38281e-12            1.0532e-12           1.38281e-12
       isub           1.49011e-22           8.27209e-11           1.39532e-22
      igidl                     0                     0                     0
      igisl                     0                     0                     0
        igs                     0                     0                     0
        igd                     0                     0                     0
        igb                     0                     0                     0
       igcs                     0                     0                     0
       igcd                     0                     0                     0
        vbs                     0            -0.0515505                     0
        vgs               2.89429               1.11129               2.89429
        vds              0.053258               1.69122             0.0515505
        cgg           1.07905e-14           7.85546e-15           1.07906e-14
        cgs          -5.25069e-15          -6.66935e-15           -5.2482e-15
        cgd          -5.56042e-15           1.76685e-19           -5.5631e-15
        cbg          -1.02039e-17          -1.08487e-15          -1.01366e-17
        cbd          -2.33584e-15           7.22535e-20          -2.33697e-15
        cbs          -1.97939e-15            -2.716e-15          -1.97982e-15
        cdg          -5.38942e-15          -2.70878e-15          -5.38956e-15
        cdd           5.28169e-15           5.85157e-20           5.28367e-15
        cds           2.27283e-15           3.75476e-15           2.27201e-15
        csg          -5.39082e-15          -4.06181e-15          -5.39091e-15
        csd           2.61457e-15          -3.07454e-19            2.6164e-15
        css           4.95725e-15           5.63059e-15           4.95601e-15
        cgb           2.06553e-17          -1.18629e-15           2.06898e-17
        cdb           -2.1651e-15          -1.04603e-15          -2.16612e-15
        csb          -2.18099e-15          -1.56847e-15           -2.1815e-15
        cbb           4.32543e-15           3.80079e-15           4.32693e-15
      capbd           2.34242e-15           1.62662e-15           2.34403e-15
      capbs            1.7692e-15           2.34403e-15            1.7692e-15
         qg           2.99049e-14           1.04111e-14           2.99144e-14
         qb          -8.21503e-15          -8.55011e-15          -8.21104e-15
         qd          -1.07739e-14          -7.44527e-16          -1.07829e-14
         qs           -1.0916e-14          -1.11648e-15          -1.09205e-14
       qinv           2.27534e-14           2.11689e-15           2.27669e-14
       qdef                     0                     0                     0
       gcrg                     0                     0                     0
       gtau                     0                     0                     0
    vgsteff               2.02406              0.278681               2.02406
     vdseff             0.0529459              0.275674             0.0512488
       cgso           9.29647e-16            9.2932e-16           9.29647e-16
       cgdo           9.29646e-16           7.00877e-16           9.29646e-16
       cgbo              7.15e-20              7.15e-20              7.15e-20
       weff              3.97e-06              3.97e-06              3.97e-06
       leff              7.15e-07              7.15e-07              7.15e-07

 BSIM4v5: Berkeley Short Channel IGFET Model-4
     device        m.xdut.xm21.m0        m.xdut.xm22.m0        m.xdut.xm23.m0
      model            nmos_3p3.9            nmos_3p3.9           nmos_3p3.13
          l                 7e-07                 7e-07                 7e-07
          w                 8e-06                 8e-06                 2e-05
          m                     1                     1                     1
         nf                     1                     1                     1
         sa                     0                     0                     0
         sb                     0                     0                     0
         sd                     0                     0                     0
        sca                     0                     0                     0
        scb                     0                     0                     0
        scc                     0                     0                     0
         sc                     0                     0                     0
        min                     0                     0                     0
         ad                     0                     0                     0
         as                     0                     0                     0
         pd                     0                     0                     0
         ps                     0                     0                     0
        nrd                     0                     0                     0
        nrs                     0                     0                     0
        off                     0                     0                     0
       rbdb                    50                    50                    50
       rbsb                    50                    50                    50
       rbpb                    50                    50                    50
       rbps                    50                    50                    50
       rbpd                    50                    50                    50
     delvto                     0                     0                    -0
      mulu0                     1                     1                     1
        xgw                     0                     0                     0
      ngcon                     1                     1                     1
   trnqsmod                     0                     0                     0
   acnqsmod                     0                     0                     0
   rbodymod                     0                     0                     0
   rgatemod                     0                     0                     0
     geomod                     0                     0                     0
    rgeomod                     0                     0                     0
       gmbs           0.000137605           0.000137029           0.000154443
         gm           0.000352391           0.000350964           0.000394843
        gds           1.63077e-06           1.79781e-06           1.30463e-06
      vdsat              0.238745              0.238734              0.130603
        vth              0.806878              0.806892              0.807185
         id           5.09003e-05           5.06411e-05           3.14755e-05
        ibd           -1.0517e-12          -8.99915e-13          -1.67108e-12
        ibs                     0                     0                     0
        gbd                 1e-12                 1e-12                 1e-12
        gbs           1.38281e-12           1.38281e-12           1.38281e-12
       isub           8.33282e-16           1.57912e-18            2.3936e-10
      igidl                     0                     0                     0
      igisl                     0                     0                     0
        igs                     0                     0                     0
        igd                     0                     0                     0
        igb                     0                     0                     0
       igcs                     0                     0                     0
       igcd                     0                     0                     0
        vbs                     0                     0                     0
        vgs                1.0417                1.0417              0.889915
        vds                1.0417              0.889915               1.66108
        cgg           1.54173e-14           1.54199e-14           3.22346e-14
        cgs          -1.28237e-14          -1.28259e-14          -2.29889e-14
        cgd          -1.25418e-18          -2.72546e-18           1.12896e-18
        cbg          -2.26493e-15          -2.26385e-15          -7.97664e-15
        cbd          -4.98816e-19          -1.10644e-18           5.62713e-19
        cbs          -5.55865e-15          -5.55962e-15           -1.1066e-14
        cdg          -5.26404e-15          -5.26699e-15          -9.70473e-15
        cdd           1.87544e-18           3.51928e-18          -4.49864e-19
        cds           7.35619e-15           7.35877e-15           1.36239e-14
        csg          -7.88834e-15          -7.88904e-15          -1.45532e-14
        csd          -1.22437e-19           3.12623e-19          -1.24181e-18
        css           1.10262e-14           1.10268e-14           2.04309e-14
        cgb          -2.59235e-15          -2.59123e-15          -9.24687e-15
        cdb          -2.09402e-15           -2.0953e-15          -3.91874e-15
        csb          -3.13771e-15          -3.13806e-15          -5.87645e-15
        cbb           7.82408e-15           7.82458e-15           1.90421e-14
      capbd           3.62217e-15           3.72681e-15           8.23716e-15
      capbs           3.54283e-15           3.54283e-15           8.86374e-15
         qg           1.96021e-14           1.96024e-14           4.35586e-14
         qb            -1.656e-14          -1.65599e-14          -4.04365e-14
         qd          -1.21739e-15          -1.21778e-15          -1.24902e-15
         qs           -1.8247e-15          -1.82471e-15          -1.87306e-15
       qinv           3.49782e-15           3.49834e-15            3.6646e-15
       qdef                     0                     0                     0
       gcrg                     0                     0                     0
       gtau                     0                     0                     0
    vgsteff              0.229922              0.229909              0.096365
     vdseff               0.23652              0.236001               0.12996
       cgso           1.86083e-15           1.86083e-15           4.65446e-15
       cgdo           1.75123e-15           1.82117e-15            3.3855e-15
       cgbo              7.15e-20              7.15e-20              7.15e-20
       weff              7.97e-06              7.97e-06             1.997e-05
       leff              7.15e-07              7.15e-07              7.15e-07

 BSIM4v5: Berkeley Short Channel IGFET Model-4
     device         m.xdut.xm0.m0         m.xdut.xm1.m0         m.xdut.xm2.m0
      model            pmos_3p3.9            pmos_3p3.9            pmos_3p3.9
          l                 7e-07                 7e-07                 7e-07
          w                 4e-06                 4e-06                 4e-06
          m                     1                     1                     1
         nf                     1                     1                     1
         sa                     0                     0                     0
         sb                     0                     0                     0
         sd                     0                     0                     0
        sca                     0                     0                     0
        scb                     0                     0                     0
        scc                     0                     0                     0
         sc                     0                     0                     0
        min                     0                     0                     0
         ad                     0                     0                     0
         as                     0                     0                     0
         pd                     0                     0                     0
         ps                     0                     0                     0
        nrd                     0                     0                     0
        nrs                     0                     0                     0
        off                     0                     0                     0
       rbdb                    50                    50                    50
       rbsb                    50                    50                    50
       rbpb                    50                    50                    50
       rbps                    50                    50                    50
       rbpd                    50                    50                    50
     delvto                     0                     0                     0
      mulu0                     1                     1                     1
        xgw                     0                     0                     0
      ngcon                     1                     1                     1
   trnqsmod                     0                     0                     0
   acnqsmod                     0                     0                     0
   rbodymod                     0                     0                     0
   rgatemod                     0                     0                     0
     geomod                     0                     0                     0
    rgeomod                     0                     0                     0
       gmbs           5.49249e-05           3.60532e-05           3.60532e-05
         gm           0.000113883           6.86277e-05           6.86277e-05
        gds           1.09497e-06           5.28387e-05           5.28387e-05
      vdsat              0.629101              0.629004              0.629004
        vth              0.907165              0.907294              0.907294
         id                 5e-05           4.05938e-05           4.05938e-05
        ibd          -1.70654e-12          -4.15715e-13          -4.15715e-13
        ibs                     0                     0                     0
        gbd                 1e-12                 1e-12                 1e-12
        gbs           1.38664e-12           1.38664e-12           1.38664e-12
       isub           7.60562e-18           5.55647e-20           5.55647e-20
      igidl                     0                     0                     0
      igisl                     0                     0                     0
        igs                     0                     0                     0
        igd                     0                     0                     0
        igb                     0                     0                     0
       igcs                     0                     0                     0
       igcd                     0                     0                     0
        vbs                    -0                    -0                    -0
        vgs               1.69654               1.69654               1.69654
        vds               1.69654              0.405715              0.405715
        cgg           9.01984e-15           1.01919e-14           1.01919e-14
        cgs          -7.81302e-15          -7.10926e-15          -7.10926e-15
        cgd           -1.2511e-18          -2.24295e-15          -2.24295e-15
        cbg          -1.57294e-15           -7.3003e-16           -7.3003e-16
        cbd          -1.01148e-18          -1.61313e-15          -1.61313e-15
        cbs          -3.36284e-15          -2.95519e-15          -2.95519e-15
        cdg          -2.98021e-15          -4.46775e-15          -4.46775e-15
        cdd           2.09854e-18           2.82693e-15           2.82693e-15
        cds           4.47149e-15           3.67252e-15           3.67252e-15
        csg          -4.46669e-15          -4.99408e-15          -4.99408e-15
        csd           1.64031e-19           1.02915e-15           1.02915e-15
        css           6.70436e-15           6.39193e-15           6.39193e-15
        cgb          -1.20557e-15          -8.39658e-16          -8.39658e-16
        cdb          -1.49338e-15           -2.0317e-15           -2.0317e-15
        csb          -2.23783e-15          -2.42699e-15          -2.42699e-15
        cbb           4.93678e-15           5.29835e-15           5.29835e-15
      capbd             1.445e-15           1.72239e-15           1.72239e-15
      capbs             1.314e-15             1.314e-15             1.314e-15
         qg           1.78996e-14           1.81816e-14           1.81816e-14
         qb          -1.10386e-14          -1.08357e-14          -1.08357e-14
         qd          -2.74514e-15          -3.11064e-15          -3.11064e-15
         qs          -4.11587e-15          -4.23522e-15          -4.23522e-15
       qinv           6.02526e-15           6.31308e-15           6.31308e-15
       qdef                    -0                    -0                    -0
       gcrg                     0                     0                     0
       gtau                     0                     0                     0
    vgsteff              0.783545              0.783415              0.783415
     vdseff              0.623293              0.389457              0.389457
       cgso           7.19753e-16           7.19753e-16           7.19753e-16
       cgdo           6.97736e-16           7.19704e-16           7.19704e-16
       cgbo              7.28e-20              7.28e-20              7.28e-20
       weff              4.01e-06              4.01e-06              4.01e-06
       leff              7.12e-07              7.12e-07              7.12e-07

 BSIM4v5: Berkeley Short Channel IGFET Model-4
     device         m.xdut.xm3.m0         m.xdut.xm4.m0         m.xdut.xm5.m0
      model            pmos_3p3.9            pmos_3p3.9            pmos_3p3.9
          l                 7e-07                 7e-07                 7e-07
          w                 4e-06                 4e-06                 4e-06
          m                     1                     1                     1
         nf                     1                     1                     1
         sa                     0                     0                     0
         sb                     0                     0                     0
         sd                     0                     0                     0
        sca                     0                     0                     0
        scb                     0                     0                     0
        scc                     0                     0                     0
         sc                     0                     0                     0
        min                     0                     0                     0
         ad                     0                     0                     0
         as                     0                     0                     0
         pd                     0                     0                     0
         ps                     0                     0                     0
        nrd                     0                     0                     0
        nrs                     0                     0                     0
        off                     0                     0                     0
       rbdb                    50                    50                    50
       rbsb                    50                    50                    50
       rbpb                    50                    50                    50
       rbps                    50                    50                    50
       rbpd                    50                    50                    50
     delvto                     0                    -0                    -0
      mulu0                     1                     1                     1
        xgw                     0                     0                     0
      ngcon                     1                     1                     1
   trnqsmod                     0                     0                     0
   acnqsmod                     0                     0                     0
   rbodymod                     0                     0                     0
   rgatemod                     0                     0                     0
     geomod                     0                     0                     0
    rgeomod                     0                     0                     0
       gmbs           5.54294e-05           4.47621e-05           4.72133e-05
         gm           0.000114964           8.91355e-05           9.77181e-05
        gds           8.49745e-07           2.61493e-05           8.08088e-07
      vdsat              0.629134              0.629014              0.525418
        vth               0.90712              0.907282              0.907179
         id           5.04234e-05           4.55531e-05           3.51142e-05
        ibd          -2.14716e-12          -5.42406e-13          -1.56722e-12
        ibs                     0                     0                     0
        gbd                 1e-12                 1e-12                 1e-12
        gbs           1.38664e-12           1.38664e-12           1.38664e-12
       isub           1.79444e-13           1.42127e-19           3.06521e-18
      igidl           1.85304e-53                     0                     0
      igisl                     0                     0                     0
        igs                     0                     0                     0
        igd                     0                     0                     0
        igb                     0                     0                     0
       igcs                     0                     0                     0
       igcd                     0                     0                     0
        vbs                    -0                    -0                    -0
        vgs               1.69654               1.69654               1.55722
        vds               2.13716              0.532406               1.55722
        cgg           9.01874e-15           9.51236e-15           8.98949e-15
        cgs          -7.81225e-15          -7.64918e-15          -7.69377e-15
        cgd          -1.94722e-19          -8.46882e-16           -1.2492e-18
        cbg          -1.57374e-15           -1.2187e-15          -1.56961e-15
        cbd          -2.51775e-19          -6.09148e-16          -1.00542e-18
        cbs          -3.36221e-15          -3.27728e-15          -3.43334e-15
        cdg          -2.97869e-15          -3.62457e-15          -2.96948e-15
        cdd           6.56079e-19           1.10453e-15           2.08966e-18
        cds           4.47046e-15           4.28554e-15           4.45213e-15
        csg          -4.46631e-15          -4.66908e-15          -4.45039e-15
        csd          -2.09581e-19           3.51503e-16           1.64959e-19
        css             6.704e-15           6.64092e-15           6.67499e-15
        cgb          -1.20629e-15           -1.0163e-15          -1.29447e-15
        cdb          -1.49242e-15          -1.76549e-15          -1.48474e-15
        csb          -2.23749e-15          -2.32334e-15          -2.22476e-15
        cbb            4.9362e-15           5.10513e-15           5.00396e-15
      capbd           1.39138e-15           1.67999e-15           1.46457e-15
      capbs             1.314e-15             1.314e-15             1.314e-15
         qg           1.78993e-14           1.79921e-14           1.66452e-14
         qb          -1.10388e-14          -1.09719e-14          -1.08195e-14
         qd           -2.7446e-15          -2.86823e-15          -2.33094e-15
         qs           -4.1159e-15          -4.15196e-15          -3.49468e-15
       qinv           6.02495e-15            6.1113e-15            4.9563e-15
       qdef                    -0                    -0                    -0
       gcrg                     0                     0                     0
       gtau                     0                     0                     0
    vgsteff              0.783589              0.783428              0.645971
     vdseff              0.625001              0.495347              0.520399
       cgso           7.19753e-16           7.19753e-16           7.19742e-16
       cgdo            6.3858e-16           7.19673e-16           6.97736e-16
       cgbo              7.28e-20              7.28e-20              7.28e-20
       weff              4.01e-06              4.01e-06              4.01e-06
       leff              7.12e-07              7.12e-07              7.12e-07

 BSIM4v5: Berkeley Short Channel IGFET Model-4
     device         m.xdut.xm6.m0         m.xdut.xm7.m0         m.xdut.xm8.m0
      model            pmos_3p3.9            pmos_3p3.9           pmos_3p3.13
          l                 7e-07                 7e-07                 7e-07
          w                 4e-06                 4e-06                 2e-05
          m                     1                     1                     1
         nf                     1                     1                     1
         sa                     0                     0                     0
         sb                     0                     0                     0
         sd                     0                     0                     0
        sca                     0                     0                     0
        scb                     0                     0                     0
        scc                     0                     0                     0
         sc                     0                     0                     0
        min                     0                     0                     0
         ad                     0                     0                     0
         as                     0                     0                     0
         pd                     0                     0                     0
         ps                     0                     0                     0
        nrd                     0                     0                     0
        nrs                     0                     0                     0
        off                     0                     0                     0
       rbdb                    50                    50                    50
       rbsb                    50                    50                    50
       rbpb                    50                    50                    50
       rbps                    50                    50                    50
       rbpd                    50                    50                    50
     delvto                    -0                     0                    -0
      mulu0                     1                     1                     1
        xgw                     0                     0                     0
      ngcon                     1                     1                     1
   trnqsmod                     0                     0                     0
   acnqsmod                     0                     0                     0
   rbodymod                     0                     0                     0
   rgatemod                     0                     0                     0
     geomod                     0                     0                     0
    rgeomod                     0                     0                     0
       gmbs            4.6829e-05           5.56782e-05           8.98646e-05
         gm           9.69025e-05           0.000115497           0.000184373
        gds           1.00957e-06           7.50335e-07           3.39202e-07
      vdsat              0.525396              0.629154               0.18899
        vth              0.907207              0.907093              0.908741
         id           3.48596e-05           5.06411e-05           2.17278e-05
        ibd          -1.28448e-12          -2.42009e-12          -2.72604e-12
        ibs                     0                     0                     0
        gbd                 1e-12                 1e-12                 1e-12
        gbs           1.38664e-12           1.38664e-12           1.38664e-12
       isub           2.21863e-18           7.98594e-12            1.8171e-09
      igidl                     0           5.05841e-34           1.53233e-18
      igisl                     0                     0                     0
        igs                     0                     0                     0
        igd                     0                     0                     0
        igb                     0                     0                     0
       igcs                     0                     0                     0
       igcd                     0                     0                     0
        vbs                    -0                    -0                    -0
        vgs               1.55722               1.69654               1.10652
        vds               1.27448               2.41009               2.71604
        cgg           8.99166e-15           9.01844e-15           4.35106e-14
        cgs          -7.69484e-15          -7.81194e-15          -3.50751e-14
        cgd           -3.5092e-18           6.15616e-20           1.96539e-18
        cbg          -1.56804e-15          -1.57396e-15          -7.96292e-15
        cbd          -2.63071e-18          -6.74643e-20           1.01639e-18
        cbs          -3.43431e-15            -3.362e-15          -1.81567e-14
        cdg          -2.97245e-15          -2.97828e-15          -1.42201e-14
        cdd           5.16675e-18           3.05572e-19          -9.52718e-19
        cds            4.4537e-15           4.47009e-15           2.12941e-14
        csg          -4.45116e-15           -4.4662e-15          -2.13276e-14
        csd           9.73162e-19          -2.99669e-19          -2.02906e-18
        css           6.67545e-15           6.70385e-15           3.19377e-14
        cgb          -1.29331e-15          -1.20656e-15          -8.43753e-15
        cdb          -1.48642e-15          -1.49212e-15          -7.07304e-15
        csb          -2.22526e-15          -2.23735e-15           -1.0608e-14
        cbb           5.00499e-15           4.93603e-15           2.61186e-14
      capbd           1.50937e-15            1.3631e-15           6.68767e-15
      capbs             1.314e-15             1.314e-15           6.58315e-15
         qg           1.66458e-14           1.78993e-14           6.32597e-14
         qb          -1.08191e-14          -1.10389e-14          -5.06543e-14
         qd          -2.33189e-15          -2.74447e-15          -5.04247e-15
         qs          -3.49482e-15          -4.11597e-15          -7.56294e-15
       qinv             4.957e-15           6.02496e-15           7.56031e-15
       qdef                    -0                    -0                    -0
       gcrg                     0                     0                     0
       gtau                     0                     0                     0
    vgsteff              0.645942              0.783616              0.198948
     vdseff              0.518537              0.625648              0.188245
       cgso           7.19742e-16           7.19753e-16           3.60549e-15
       cgdo           7.16339e-16           6.20883e-16           2.98881e-15
       cgbo              7.28e-20              7.28e-20              7.28e-20
       weff              4.01e-06              4.01e-06             2.001e-05
       leff              7.12e-07              7.12e-07              7.12e-07

 BSIM4v5: Berkeley Short Channel IGFET Model-4
     device         m.xdut.xm9.m0        m.xdut.xm10.m0        m.xdut.xm11.m0
      model           pmos_3p3.13           pmos_3p3.13           pmos_3p3.13
          l                 7e-07                 7e-07                 7e-07
          w                 2e-05               1.6e-05                 1e-05
          m                     1                     1                     1
         nf                     1                     1                     1
         sa                     0                     0                     0
         sb                     0                     0                     0
         sd                     0                     0                     0
        sca                     0                     0                     0
        scb                     0                     0                     0
        scc                     0                     0                     0
         sc                     0                     0                     0
        min                     0                     0                     0
         ad                     0                     0                     0
         as                     0                     0                     0
         pd                     0                     0                     0
         ps                     0                     0                     0
        nrd                     0                     0                     0
        nrs                     0                     0                     0
        off                     0                     0                     0
       rbdb                    50                    50                    50
       rbsb                    50                    50                    50
       rbpb                    50                    50                    50
       rbps                    50                    50                    50
       rbpd                    50                    50                    50
     delvto                     0                    -0                    -0
      mulu0                     1                     1                     1
        xgw                     0                     0                     0
      ngcon                     1                     1                     1
   trnqsmod                     0                     0                     0
   acnqsmod                     0                     0                     0
   rbodymod                     0                     0                     0
   rgatemod                     0                     0                     0
     geomod                     0                     0                     0
    rgeomod                     0                     0                     0
       gmbs           9.44115e-05           0.000122133           7.55691e-05
         gm           0.000193731           0.000251274           0.000155455
        gds           3.66788e-07           7.91555e-07           6.42528e-07
      vdsat              0.197035              0.313218              0.313171
        vth              0.908741              0.908787              0.908849
         id           2.38217e-05           5.09003e-05           3.14774e-05
        ibd          -2.72434e-12           -2.2683e-12          -1.64892e-12
        ibs                     0                     0                     0
        gbd                 1e-12                 1e-12                 1e-12
        gbs           1.38664e-12           1.38664e-12           1.38664e-12
       isub           1.87862e-09           4.70771e-11            3.6667e-15
      igidl           1.24925e-18           5.48577e-26           2.32722e-53
      igisl                     0                     0                     0
        igs                     0                     0                     0
        igd                     0                     0                     0
        igb                     0                     0                     0
       igcs                     0                     0                     0
       igcd                     0                     0                     0
        vbs                    -0                    -0                    -0
        vgs               1.11759               1.27448               1.27448
        vds               2.71434                2.2583               1.63892
        cgg           4.36053e-14           3.55462e-14           2.22096e-14
        cgs          -3.52445e-14          -2.95125e-14          -1.84404e-14
        cgd           1.96176e-18           1.08251e-18          -4.00371e-19
        cbg          -7.94247e-15          -6.27242e-15          -3.91754e-15
        cbd           1.00782e-18           4.03882e-19          -5.22815e-19
        cbs          -1.81578e-14          -1.43293e-14          -8.95382e-15
        cdg          -1.42661e-14           -1.1711e-14          -7.31894e-15
        cdd          -9.38113e-19           -9.2867e-21           1.46654e-18
        cds           2.13623e-14           1.75385e-14             1.096e-14
        csg          -2.13967e-14          -1.75628e-14          -1.09732e-14
        csd          -2.03147e-18          -1.47711e-18           -5.4335e-19
        css             3.204e-14           2.63032e-14           1.64342e-14
        cgb          -8.36283e-15          -6.03483e-15          -3.76886e-15
        cdb          -7.09521e-15          -5.82752e-15           -3.6425e-15
        csb          -1.06413e-14          -8.73893e-15          -5.46052e-15
        cbb           2.60993e-14           2.06013e-14           1.28719e-14
      capbd           6.68842e-15           5.52408e-15           3.63777e-15
      capbs           6.58315e-15           5.26586e-15           3.28993e-15
         qg           6.37423e-14            5.6519e-14           3.53109e-14
         qb          -5.07424e-14           -4.1577e-14          -2.59758e-14
         qd          -5.20026e-15          -5.97739e-15          -3.73481e-15
         qs          -7.79959e-15          -8.96461e-15           -5.6003e-15
       qinv           7.96998e-15           1.11302e-14           6.95322e-15
       qdef                    -0                    -0                    -0
       gcrg                     0                     0                     0
       gtau                     0                     0                     0
    vgsteff              0.209644              0.364241              0.364179
     vdseff              0.196256              0.311617              0.310831
       cgso           3.60551e-15           2.88421e-15           1.80196e-15
       cgdo           2.98981e-15           2.44596e-15           1.61696e-15
       cgbo              7.28e-20              7.28e-20              7.28e-20
       weff             2.001e-05             1.601e-05             1.001e-05
       leff              7.12e-07              7.12e-07              7.12e-07

