 1.00000000e+00  1.05380301e+02 
 1.05925373e+00  1.04986820e+02 
 1.12201845e+00  1.04584008e+02 
 1.18850223e+00  1.04172499e+02 
 1.25892541e+00  1.03752916e+02 
 1.33352143e+00  1.03325864e+02 
 1.41253754e+00  1.02891929e+02 
 1.49623566e+00  1.02451668e+02 
 1.58489319e+00  1.02005612e+02 
 1.67880402e+00  1.01554261e+02 
 1.77827941e+00  1.01098083e+02 
 1.88364909e+00  1.00637516e+02 
 1.99526231e+00  1.00172965e+02 
 2.11348904e+00  9.97048048e+01 
 2.23872114e+00  9.92333801e+01 
 2.37137371e+00  9.87590072e+01 
 2.51188643e+00  9.82819756e+01 
 2.66072506e+00  9.78025491e+01 
 2.81838293e+00  9.73209677e+01 
 2.98538262e+00  9.68374494e+01 
 3.16227766e+00  9.63521916e+01 
 3.34965439e+00  9.58653730e+01 
 3.54813389e+00  9.53771547e+01 
 3.75837404e+00  9.48876821e+01 
 3.98107171e+00  9.43970863e+01 
 4.21696503e+00  9.39054849e+01 
 4.46683592e+00  9.34129840e+01 
 4.73151259e+00  9.29196784e+01 
 5.01187234e+00  9.24256536e+01 
 5.30884444e+00  9.19309858e+01 
 5.62341325e+00  9.14357438e+01 
 5.95662144e+00  9.09399887e+01 
 6.30957344e+00  9.04437755e+01 
 6.68343918e+00  8.99471532e+01 
 7.07945784e+00  8.94501659e+01 
 7.49894209e+00  8.89528526e+01 
 7.94328235e+00  8.84552486e+01 
 8.41395142e+00  8.79573852e+01 
 8.91250938e+00  8.74592903e+01 
 9.44060876e+00  8.69609889e+01 
 1.00000000e+01  8.64625033e+01 
 1.05925373e+01  8.59638535e+01 
 1.12201845e+01  8.54650573e+01 
 1.18850223e+01  8.49661304e+01 
 1.25892541e+01  8.44670870e+01 
 1.33352143e+01  8.39679398e+01 
 1.41253754e+01  8.34686999e+01 
 1.49623566e+01  8.29693776e+01 
 1.58489319e+01  8.24699816e+01 
 1.67880402e+01  8.19705200e+01 
 1.77827941e+01  8.14709999e+01 
 1.88364909e+01  8.09714277e+01 
 1.99526231e+01  8.04718089e+01 
 2.11348904e+01  7.99721488e+01 
 2.23872114e+01  7.94724517e+01 
 2.37137371e+01  7.89727217e+01 
 2.51188643e+01  7.84729623e+01 
 2.66072506e+01  7.79731768e+01 
 2.81838293e+01  7.74733680e+01 
 2.98538262e+01  7.69735383e+01 
 3.16227766e+01  7.64736902e+01 
 3.34965439e+01  7.59738256e+01 
 3.54813389e+01  7.54739462e+01 
 3.75837404e+01  7.49740537e+01 
 3.98107171e+01  7.44741495e+01 
 4.21696503e+01  7.39742349e+01 
 4.46683592e+01  7.34743111e+01 
 4.73151259e+01  7.29743789e+01 
 5.01187234e+01  7.24744394e+01 
 5.30884444e+01  7.19744933e+01 
 5.62341325e+01  7.14745413e+01 
 5.95662144e+01  7.09745841e+01 
 6.30957344e+01  7.04746223e+01 
 6.68343918e+01  6.99746563e+01 
 7.07945784e+01  6.94746866e+01 
 7.49894209e+01  6.89747136e+01 
 7.94328235e+01  6.84747377e+01 
 8.41395142e+01  6.79747591e+01 
 8.91250938e+01  6.74747783e+01 
 9.44060876e+01  6.69747953e+01 
 1.00000000e+02  6.64748105e+01 
 1.05925373e+02  6.59748240e+01 
 1.12201845e+02  6.54748361e+01 
 1.18850223e+02  6.49748469e+01 
 1.25892541e+02  6.44748564e+01 
 1.33352143e+02  6.39748650e+01 
 1.41253754e+02  6.34748726e+01 
 1.49623566e+02  6.29748794e+01 
 1.58489319e+02  6.24748855e+01 
 1.67880402e+02  6.19748908e+01 
 1.77827941e+02  6.14748957e+01 
 1.88364909e+02  6.09748999e+01 
 1.99526231e+02  6.04749038e+01 
 2.11348904e+02  5.99749072e+01 
 2.23872114e+02  5.94749102e+01 
 2.37137371e+02  5.89749129e+01 
 2.51188643e+02  5.84749154e+01 
 2.66072506e+02  5.79749175e+01 
 2.81838293e+02  5.74749194e+01 
 2.98538262e+02  5.69749212e+01 
 3.16227766e+02  5.64749227e+01 
 3.34965439e+02  5.59749241e+01 
 3.54813389e+02  5.54749253e+01 
 3.75837404e+02  5.49749264e+01 
 3.98107171e+02  5.44749274e+01 
 4.21696503e+02  5.39749283e+01 
 4.46683592e+02  5.34749291e+01 
 4.73151259e+02  5.29749298e+01 
 5.01187234e+02  5.24749305e+01 
 5.30884444e+02  5.19749311e+01 
 5.62341325e+02  5.14749316e+01 
 5.95662144e+02  5.09749321e+01 
 6.30957344e+02  5.04749326e+01 
 6.68343918e+02  4.99749330e+01 
 7.07945784e+02  4.94749334e+01 
 7.49894209e+02  4.89749338e+01 
 7.94328235e+02  4.84749342e+01 
 8.41395142e+02  4.79749346e+01 
 8.91250938e+02  4.74749349e+01 
 9.44060876e+02  4.69749353e+01 
 1.00000000e+03  4.64749357e+01 
 1.05925373e+03  4.59749360e+01 
 1.12201845e+03  4.54749364e+01 
 1.18850223e+03  4.49749368e+01 
 1.25892541e+03  4.44749372e+01 
 1.33352143e+03  4.39749377e+01 
 1.41253754e+03  4.34749382e+01 
 1.49623566e+03  4.29749387e+01 
 1.58489319e+03  4.24749393e+01 
 1.67880402e+03  4.19749400e+01 
 1.77827941e+03  4.14749407e+01 
 1.88364909e+03  4.09749415e+01 
 1.99526231e+03  4.04749423e+01 
 2.11348904e+03  3.99749433e+01 
 2.23872114e+03  3.94749444e+01 
 2.37137371e+03  3.89749456e+01 
 2.51188643e+03  3.84749470e+01 
 2.66072506e+03  3.79749485e+01 
 2.81838293e+03  3.74749502e+01 
 2.98538262e+03  3.69749520e+01 
 3.16227766e+03  3.64749542e+01 
 3.34965439e+03  3.59749565e+01 
 3.54813389e+03  3.54749592e+01 
 3.75837404e+03  3.49749622e+01 
 3.98107171e+03  3.44749655e+01 
 4.21696503e+03  3.39749692e+01 
 4.46683592e+03  3.34749734e+01 
 4.73151259e+03  3.29749782e+01 
 5.01187234e+03  3.24749834e+01 
 5.30884444e+03  3.19749894e+01 
 5.62341325e+03  3.14749960e+01 
 5.95662144e+03  3.09750035e+01 
 6.30957344e+03  3.04750118e+01 
 6.68343918e+03  2.99750212e+01 
 7.07945784e+03  2.94750317e+01 
 7.49894209e+03  2.89750436e+01 
 7.94328235e+03  2.84750568e+01 
 8.41395142e+03  2.79750717e+01 
 8.91250938e+03  2.74750884e+01 
 9.44060876e+03  2.69751071e+01 
 1.00000000e+04  2.64751281e+01 
 1.05925373e+04  2.59751517e+01 
 1.12201845e+04  2.54751781e+01 
 1.18850223e+04  2.49752078e+01 
 1.25892541e+04  2.44752411e+01 
 1.33352143e+04  2.39752784e+01 
 1.41253754e+04  2.34753204e+01 
 1.49623566e+04  2.29753674e+01 
 1.58489319e+04  2.24754202e+01 
 1.67880402e+04  2.19754794e+01 
 1.77827941e+04  2.14755458e+01 
 1.88364909e+04  2.09756203e+01 
 1.99526231e+04  2.04757039e+01 
 2.11348904e+04  1.99757978e+01 
 2.23872114e+04  1.94759031e+01 
 2.37137371e+04  1.89760212e+01 
 2.51188643e+04  1.84761537e+01 
 2.66072506e+04  1.79763024e+01 
 2.81838293e+04  1.74764693e+01 
 2.98538262e+04  1.69766565e+01 
 3.16227766e+04  1.64768666e+01 
 3.34965439e+04  1.59771023e+01 
 3.54813389e+04  1.54773668e+01 
 3.75837404e+04  1.49776635e+01 
 3.98107171e+04  1.44779965e+01 
 4.21696503e+04  1.39783701e+01 
 4.46683592e+04  1.34787892e+01 
 4.73151259e+04  1.29792596e+01 
 5.01187234e+04  1.24797873e+01 
 5.30884444e+04  1.19803794e+01 
 5.62341325e+04  1.14810438e+01 
 5.95662144e+04  1.09817893e+01 
 6.30957344e+04  1.04826257e+01 
 6.68343918e+04  9.98356430e+00 
 7.07945784e+04  9.48461742e+00 
 7.49894209e+04  8.98579908e+00 
 7.94328235e+04  8.48712498e+00 
 8.41395142e+04  7.98861275e+00 
 8.91250938e+04  7.49028213e+00 
 9.44060876e+04  6.99215533e+00 
 1.00000000e+05  6.49425723e+00 
 1.05925373e+05  5.99661579e+00 
 1.12201845e+05  5.49926237e+00 
 1.18850223e+05  5.00223216e+00 
 1.25892541e+05  4.50556469e+00 
 1.33352143e+05  4.00930431e+00 
 1.41253754e+05  3.51350080e+00 
 1.49623566e+05  3.01821006e+00 
 1.58489319e+05  2.52349485e+00 
 1.67880402e+05  2.02942563e+00 
 1.77827941e+05  1.53608152e+00 
 1.88364909e+05  1.04355136e+00 
 1.99526231e+05  5.51934930e-01 
 2.11348904e+05  6.13443233e-02 
 2.23872114e+05 -4.28094558e-01 
 2.37137371e+05 -9.16240255e-01 
 2.51188643e+05 -1.40293381e+00 
 2.66072506e+05 -1.88799657e+00 
 2.81838293e+05 -2.37122770e+00 
 2.98538262e+05 -2.85240142e+00 
 3.16227766e+05 -3.33126378e+00 
 3.34965439e+05 -3.80752913e+00 
 3.54813389e+05 -4.28087605e+00 
 3.75837404e+05 -4.75094273e+00 
 3.98107171e+05 -5.21732183e+00 
 4.21696503e+05 -5.67955452e+00 
 4.46683592e+05 -6.13712378e+00 
 4.73151259e+05 -6.58944683e+00 
 5.01187234e+05 -7.03586642e+00 
 5.30884444e+05 -7.47564108e+00 
 5.62341325e+05 -7.90793390e+00 
 5.95662144e+05 -8.33179998e+00 
 6.30957344e+05 -8.74617209e+00 
 6.68343918e+05 -9.14984472e+00 
 7.07945784e+05 -9.54145615e+00 
 7.49894209e+05 -9.91946887e+00 
 7.94328235e+05 -1.02821484e+01 
 8.41395142e+05 -1.06275415e+01 
 8.91250938e+05 -1.09534551e+01 
 9.44060876e+05 -1.12574390e+01 
 1.00000000e+06 -1.15367779e+01 
 1.05925373e+06 -1.17885028e+01 
 1.12201845e+06 -1.20094392e+01 
 1.18850223e+06 -1.21963252e+01 
 1.25892541e+06 -1.23460548e+01 
 1.33352143e+06 -1.24561493e+01 
 1.41253754e+06 -1.25256310e+01 
 1.49623566e+06 -1.25565921e+01 
 1.58489319e+06 -1.25569128e+01 
 1.67880402e+06 -1.25446798e+01 
 1.77827941e+06 -1.25545356e+01 
 1.88364909e+06 -1.26444429e+01 
 1.99526231e+06 -1.28969125e+01 
 2.11348904e+06 -1.34036482e+01 
 2.23872114e+06 -1.42286770e+01 
 2.37137371e+06 -1.53716232e+01 
 2.51188643e+06 -1.67672778e+01 
 2.66072506e+06 -1.83219521e+01 
 2.81838293e+06 -1.99506749e+01 
 2.98538262e+06 -2.15929932e+01 
 3.16227766e+06 -2.32119686e+01 
 3.34965439e+06 -2.47874620e+01 
 3.54813389e+06 -2.63097686e+01 
 3.75837404e+06 -2.77751751e+01 
 3.98107171e+06 -2.91832267e+01 
 4.21696503e+06 -3.05351504e+01 
 4.46683592e+06 -3.18329785e+01 
 4.73151259e+06 -3.30790779e+01 
 5.01187234e+06 -3.42759054e+01 
 5.30884444e+06 -3.54258903e+01 
 5.62341325e+06 -3.65313826e+01 
 5.95662144e+06 -3.75946388e+01 
 6.30957344e+06 -3.86178236e+01 
 6.68343918e+06 -3.96030200e+01 
 7.07945784e+06 -4.05522409e+01 
 7.49894209e+06 -4.14674398e+01 
 7.94328235e+06 -4.23505199e+01 
 8.41395142e+06 -4.32033397e+01 
 8.91250938e+06 -4.40277159e+01 
 9.44060876e+06 -4.48254247e+01 
 1.00000000e+07 -4.55981994e+01 
 1.05925373e+07 -4.63477284e+01 
 1.12201845e+07 -4.70756505e+01 
 1.18850223e+07 -4.77835505e+01 
 1.25892541e+07 -4.84729543e+01 
 1.33352143e+07 -4.91453246e+01 
 1.41253754e+07 -4.98020568e+01 
 1.49623566e+07 -5.04444753e+01 
 1.58489319e+07 -5.10738311e+01 
 1.67880402e+07 -5.16913003e+01 
 1.77827941e+07 -5.22979830e+01 
 1.88364909e+07 -5.28949035e+01 
 1.99526231e+07 -5.34830112e+01 
 2.11348904e+07 -5.40631822e+01 
 2.23872114e+07 -5.46362221e+01 
 2.37137371e+07 -5.52028685e+01 
 2.51188643e+07 -5.57637957e+01 
 2.66072506e+07 -5.63196184e+01 
 2.81838293e+07 -5.68708969e+01 
 2.98538262e+07 -5.74181421e+01 
 3.16227766e+07 -5.79618215e+01 
 3.34965439e+07 -5.85023647e+01 
 3.54813389e+07 -5.90401691e+01 
 3.75837404e+07 -5.95756058e+01 
 3.98107171e+07 -6.01090243e+01 
 4.21696503e+07 -6.06407580e+01 
 4.46683592e+07 -6.11711278e+01 
 4.73151259e+07 -6.17004459e+01 
 5.01187234e+07 -6.22290185e+01 
 5.30884444e+07 -6.27571476e+01 
 5.62341325e+07 -6.32851324e+01 
 5.95662144e+07 -6.38132697e+01 
 6.30957344e+07 -6.43418534e+01 
 6.68343918e+07 -6.48711741e+01 
 7.07945784e+07 -6.54015170e+01 
 7.49894209e+07 -6.59331601e+01 
 7.94328235e+07 -6.64663704e+01 
 8.41395142e+07 -6.70014005e+01 
 8.91250938e+07 -6.75384827e+01 
 9.44060876e+07 -6.80778228e+01 
 1.00000000e+08 -6.86195916e+01 
 1.05925373e+08 -6.91639147e+01 
 1.12201845e+08 -6.97108602e+01 
 1.18850223e+08 -7.02604243e+01 
 1.25892541e+08 -7.08125145e+01 
 1.33352143e+08 -7.13669305e+01 
 1.41253754e+08 -7.19233441e+01 
 1.49623566e+08 -7.24812785e+01 
 1.58489319e+08 -7.30400876e+01 
 1.67880402e+08 -7.35989389e+01 
 1.77827941e+08 -7.41568017e+01 
 1.88364909e+08 -7.47124434e+01 
 1.99526231e+08 -7.52644385e+01 
 2.11348904e+08 -7.58111933e+01 
 2.23872114e+08 -7.63509884e+01 
 2.37137371e+08 -7.68820421e+01 
 2.51188643e+08 -7.74025918e+01 
 2.66072506e+08 -7.79109910e+01 
 2.81838293e+08 -7.84058131e+01 
 2.98538262e+08 -7.88859514e+01 
 3.16227766e+08 -7.93507051e+01 
 3.34965439e+08 -7.97998362e+01 
 3.54813389e+08 -8.02335929e+01 
 3.75837404e+08 -8.06526914e+01 
 3.98107171e+08 -8.10582619e+01 
 4.21696503e+08 -8.14517642e+01 
 4.46683592e+08 -8.18348840e+01 
 4.73151259e+08 -8.22094240e+01 
 5.01187234e+08 -8.25771999e+01 
 5.30884444e+08 -8.29399502e+01 
 5.62341325e+08 -8.32992664e+01 
 5.95662144e+08 -8.36565432e+01 
 6.30957344e+08 -8.40129502e+01 
 6.68343918e+08 -8.43694200e+01 
 7.07945784e+08 -8.47266506e+01 
 7.49894209e+08 -8.50851172e+01 
 7.94328235e+08 -8.54450895e+01 
 8.41395142e+08 -8.58066515e+01 
 8.91250938e+08 -8.61697223e+01 
 9.44060876e+08 -8.65340741e+01 
 1.00000000e+09 -8.68993497e+01 
