 1.00000000e+00 -2.27097414e+01 
 1.05925373e+00 -2.27097414e+01 
 1.12201845e+00 -2.27097414e+01 
 1.18850223e+00 -2.27097414e+01 
 1.25892541e+00 -2.27097414e+01 
 1.33352143e+00 -2.27097414e+01 
 1.41253754e+00 -2.27097414e+01 
 1.49623566e+00 -2.27097414e+01 
 1.58489319e+00 -2.27097414e+01 
 1.67880402e+00 -2.27097414e+01 
 1.77827941e+00 -2.27097414e+01 
 1.88364909e+00 -2.27097414e+01 
 1.99526231e+00 -2.27097414e+01 
 2.11348904e+00 -2.27097414e+01 
 2.23872114e+00 -2.27097414e+01 
 2.37137371e+00 -2.27097414e+01 
 2.51188643e+00 -2.27097414e+01 
 2.66072506e+00 -2.27097414e+01 
 2.81838293e+00 -2.27097414e+01 
 2.98538262e+00 -2.27097414e+01 
 3.16227766e+00 -2.27097414e+01 
 3.34965439e+00 -2.27097414e+01 
 3.54813389e+00 -2.27097414e+01 
 3.75837404e+00 -2.27097414e+01 
 3.98107171e+00 -2.27097414e+01 
 4.21696503e+00 -2.27097414e+01 
 4.46683592e+00 -2.27097414e+01 
 4.73151259e+00 -2.27097414e+01 
 5.01187234e+00 -2.27097414e+01 
 5.30884444e+00 -2.27097414e+01 
 5.62341325e+00 -2.27097414e+01 
 5.95662144e+00 -2.27097414e+01 
 6.30957344e+00 -2.27097414e+01 
 6.68343918e+00 -2.27097414e+01 
 7.07945784e+00 -2.27097414e+01 
 7.49894209e+00 -2.27097414e+01 
 7.94328235e+00 -2.27097414e+01 
 8.41395142e+00 -2.27097414e+01 
 8.91250938e+00 -2.27097414e+01 
 9.44060876e+00 -2.27097414e+01 
 1.00000000e+01 -2.27097414e+01 
 1.05925373e+01 -2.27097414e+01 
 1.12201845e+01 -2.27097414e+01 
 1.18850223e+01 -2.27097414e+01 
 1.25892541e+01 -2.27097414e+01 
 1.33352143e+01 -2.27097414e+01 
 1.41253754e+01 -2.27097414e+01 
 1.49623566e+01 -2.27097414e+01 
 1.58489319e+01 -2.27097414e+01 
 1.67880402e+01 -2.27097414e+01 
 1.77827941e+01 -2.27097414e+01 
 1.88364909e+01 -2.27097414e+01 
 1.99526231e+01 -2.27097414e+01 
 2.11348904e+01 -2.27097414e+01 
 2.23872114e+01 -2.27097415e+01 
 2.37137371e+01 -2.27097415e+01 
 2.51188643e+01 -2.27097415e+01 
 2.66072506e+01 -2.27097415e+01 
 2.81838293e+01 -2.27097415e+01 
 2.98538262e+01 -2.27097415e+01 
 3.16227766e+01 -2.27097415e+01 
 3.34965439e+01 -2.27097415e+01 
 3.54813389e+01 -2.27097415e+01 
 3.75837404e+01 -2.27097415e+01 
 3.98107171e+01 -2.27097416e+01 
 4.21696503e+01 -2.27097416e+01 
 4.46683592e+01 -2.27097416e+01 
 4.73151259e+01 -2.27097416e+01 
 5.01187234e+01 -2.27097416e+01 
 5.30884444e+01 -2.27097417e+01 
 5.62341325e+01 -2.27097417e+01 
 5.95662144e+01 -2.27097417e+01 
 6.30957344e+01 -2.27097418e+01 
 6.68343918e+01 -2.27097418e+01 
 7.07945784e+01 -2.27097419e+01 
 7.49894209e+01 -2.27097419e+01 
 7.94328235e+01 -2.27097420e+01 
 8.41395142e+01 -2.27097421e+01 
 8.91250938e+01 -2.27097421e+01 
 9.44060876e+01 -2.27097422e+01 
 1.00000000e+02 -2.27097423e+01 
 1.05925373e+02 -2.27097424e+01 
 1.12201845e+02 -2.27097426e+01 
 1.18850223e+02 -2.27097427e+01 
 1.25892541e+02 -2.27097429e+01 
 1.33352143e+02 -2.27097430e+01 
 1.41253754e+02 -2.27097432e+01 
 1.49623566e+02 -2.27097435e+01 
 1.58489319e+02 -2.27097437e+01 
 1.67880402e+02 -2.27097440e+01 
 1.77827941e+02 -2.27097443e+01 
 1.88364909e+02 -2.27097447e+01 
 1.99526231e+02 -2.27097451e+01 
 2.11348904e+02 -2.27097455e+01 
 2.23872114e+02 -2.27097460e+01 
 2.37137371e+02 -2.27097466e+01 
 2.51188643e+02 -2.27097472e+01 
 2.66072506e+02 -2.27097479e+01 
 2.81838293e+02 -2.27097487e+01 
 2.98538262e+02 -2.27097496e+01 
 3.16227766e+02 -2.27097506e+01 
 3.34965439e+02 -2.27097517e+01 
 3.54813389e+02 -2.27097530e+01 
 3.75837404e+02 -2.27097544e+01 
 3.98107171e+02 -2.27097560e+01 
 4.21696503e+02 -2.27097577e+01 
 4.46683592e+02 -2.27097597e+01 
 4.73151259e+02 -2.27097620e+01 
 5.01187234e+02 -2.27097645e+01 
 5.30884444e+02 -2.27097673e+01 
 5.62341325e+02 -2.27097705e+01 
 5.95662144e+02 -2.27097740e+01 
 6.30957344e+02 -2.27097780e+01 
 6.68343918e+02 -2.27097824e+01 
 7.07945784e+02 -2.27097874e+01 
 7.49894209e+02 -2.27097931e+01 
 7.94328235e+02 -2.27097994e+01 
 8.41395142e+02 -2.27098064e+01 
 8.91250938e+02 -2.27098144e+01 
 9.44060876e+02 -2.27098233e+01 
 1.00000000e+03 -2.27098332e+01 
 1.05925373e+03 -2.27098445e+01 
 1.12201845e+03 -2.27098570e+01 
 1.18850223e+03 -2.27098711e+01 
 1.25892541e+03 -2.27098870e+01 
 1.33352143e+03 -2.27099047e+01 
 1.41253754e+03 -2.27099247e+01 
 1.49623566e+03 -2.27099470e+01 
 1.58489319e+03 -2.27099721e+01 
 1.67880402e+03 -2.27100002e+01 
 1.77827941e+03 -2.27100318e+01 
 1.88364909e+03 -2.27100673e+01 
 1.99526231e+03 -2.27101070e+01 
 2.11348904e+03 -2.27101516e+01 
 2.23872114e+03 -2.27102017e+01 
 2.37137371e+03 -2.27102579e+01 
 2.51188643e+03 -2.27103209e+01 
 2.66072506e+03 -2.27103916e+01 
 2.81838293e+03 -2.27104709e+01 
 2.98538262e+03 -2.27105599e+01 
 3.16227766e+03 -2.27106597e+01 
 3.34965439e+03 -2.27107718e+01 
 3.54813389e+03 -2.27108975e+01 
 3.75837404e+03 -2.27110385e+01 
 3.98107171e+03 -2.27111968e+01 
 4.21696503e+03 -2.27113743e+01 
 4.46683592e+03 -2.27115735e+01 
 4.73151259e+03 -2.27117970e+01 
 5.01187234e+03 -2.27120478e+01 
 5.30884444e+03 -2.27123291e+01 
 5.62341325e+03 -2.27126448e+01 
 5.95662144e+03 -2.27129989e+01 
 6.30957344e+03 -2.27133962e+01 
 6.68343918e+03 -2.27138419e+01 
 7.07945784e+03 -2.27143420e+01 
 7.49894209e+03 -2.27149030e+01 
 7.94328235e+03 -2.27155324e+01 
 8.41395142e+03 -2.27162384e+01 
 8.91250938e+03 -2.27170305e+01 
 9.44060876e+03 -2.27179190e+01 
 1.00000000e+04 -2.27189157e+01 
 1.05925373e+04 -2.27200338e+01 
 1.12201845e+04 -2.27212879e+01 
 1.18850223e+04 -2.27226946e+01 
 1.25892541e+04 -2.27242724e+01 
 1.33352143e+04 -2.27260421e+01 
 1.41253754e+04 -2.27280267e+01 
 1.49623566e+04 -2.27302524e+01 
 1.58489319e+04 -2.27327483e+01 
 1.67880402e+04 -2.27355469e+01 
 1.77827941e+04 -2.27386848e+01 
 1.88364909e+04 -2.27422028e+01 
 1.99526231e+04 -2.27461466e+01 
 2.11348904e+04 -2.27505671e+01 
 2.23872114e+04 -2.27555216e+01 
 2.37137371e+04 -2.27610735e+01 
 2.51188643e+04 -2.27672942e+01 
 2.66072506e+04 -2.27742629e+01 
 2.81838293e+04 -2.27820682e+01 
 2.98538262e+04 -2.27908087e+01 
 3.16227766e+04 -2.28005940e+01 
 3.34965439e+04 -2.28115461e+01 
 3.54813389e+04 -2.28238006e+01 
 3.75837404e+04 -2.28375079e+01 
 3.98107171e+04 -2.28528346e+01 
 4.21696503e+04 -2.28699649e+01 
 4.46683592e+04 -2.28891024e+01 
 4.73151259e+04 -2.29104715e+01 
 5.01187234e+04 -2.29343189e+01 
 5.30884444e+04 -2.29609155e+01 
 5.62341325e+04 -2.29905575e+01 
 5.95662144e+04 -2.30235684e+01 
 6.30957344e+04 -2.30602998e+01 
 6.68343918e+04 -2.31011328e+01 
 7.07945784e+04 -2.31464783e+01 
 7.49894209e+04 -2.31967779e+01 
 7.94328235e+04 -2.32525033e+01 
 8.41395142e+04 -2.33141554e+01 
 8.91250938e+04 -2.33822628e+01 
 9.44060876e+04 -2.34573793e+01 
 1.00000000e+05 -2.35400801e+01 
 1.05925373e+05 -2.36309574e+01 
 1.12201845e+05 -2.37306142e+01 
 1.18850223e+05 -2.38396573e+01 
 1.25892541e+05 -2.39586891e+01 
 1.33352143e+05 -2.40882976e+01 
 1.41253754e+05 -2.42290465e+01 
 1.49623566e+05 -2.43814635e+01 
 1.58489319e+05 -2.45460287e+01 
 1.67880402e+05 -2.47231628e+01 
 1.77827941e+05 -2.49132157e+01 
 1.88364909e+05 -2.51164559e+01 
 1.99526231e+05 -2.53330609e+01 
 2.11348904e+05 -2.55631093e+01 
 2.23872114e+05 -2.58065754e+01 
 2.37137371e+05 -2.60633253e+01 
 2.51188643e+05 -2.63331156e+01 
 2.66072506e+05 -2.66155941e+01 
 2.81838293e+05 -2.69103029e+01 
 2.98538262e+05 -2.72166831e+01 
 3.16227766e+05 -2.75340803e+01 
 3.34965439e+05 -2.78617515e+01 
 3.54813389e+05 -2.81988722e+01 
 3.75837404e+05 -2.85445426e+01 
 3.98107171e+05 -2.88977935e+01 
 4.21696503e+05 -2.92575910e+01 
 4.46683592e+05 -2.96228391e+01 
 4.73151259e+05 -2.99923798e+01 
 5.01187234e+05 -3.03649920e+01 
 5.30884444e+05 -3.07393857e+01 
 5.62341325e+05 -3.11141947e+01 
 5.95662144e+05 -3.14879645e+01 
 6.30957344e+05 -3.18591372e+01 
 6.68343918e+05 -3.22260312e+01 
 7.07945784e+05 -3.25868163e+01 
 7.49894209e+05 -3.29394830e+01 
 7.94328235e+05 -3.32818054e+01 
 8.41395142e+05 -3.36112968e+01 
 8.91250938e+05 -3.39251574e+01 
 9.44060876e+05 -3.42202135e+01 
 1.00000000e+06 -3.44928506e+01 
 1.05925373e+06 -3.47389421e+01 
 1.12201845e+06 -3.49537863e+01 
 1.18850223e+06 -3.51320718e+01 
 1.25892541e+06 -3.52679221e+01 
 1.33352143e+06 -3.53551204e+01 
 1.41253754e+06 -3.53877298e+01 
 1.49623566e+06 -3.53615451e+01 
 1.58489319e+06 -3.52772494e+01 
 1.67880402e+06 -3.51468800e+01 
 1.77827941e+06 -3.50059661e+01 
 1.88364909e+06 -3.49323367e+01 
 1.99526231e+06 -3.50621133e+01 
 2.11348904e+06 -3.55679988e+01 
 2.23872114e+06 -3.65650109e+01 
 2.37137371e+06 -3.80125283e+01 
 2.51188643e+06 -3.97436392e+01 
 2.66072506e+06 -4.15789921e+01 
 2.81838293e+06 -4.33924670e+01 
 2.98538262e+06 -4.51125616e+01 
 3.16227766e+06 -4.67035454e+01 
 3.34965439e+06 -4.81499885e+01 
 3.54813389e+06 -4.94479945e+01 
 3.75837404e+06 -5.06007858e+01 
 3.98107171e+06 -5.16163454e+01 
 4.21696503e+06 -5.25058216e+01 
 4.46683592e+06 -5.32821814e+01 
 4.73151259e+06 -5.39590252e+01 
 5.01187234e+06 -5.45496272e+01 
 5.30884444e+06 -5.50662664e+01 
 5.62341325e+06 -5.55198509e+01 
 5.95662144e+06 -5.59197851e+01 
 6.30957344e+06 -5.62740091e+01 
 6.68343918e+06 -5.65891374e+01 
 7.07945784e+06 -5.68706429e+01 
 7.49894209e+06 -5.71230495e+01 
 7.94328235e+06 -5.73501102e+01 
 8.41395142e+06 -5.75549633e+01 
 8.91250938e+06 -5.77402610e+01 
 9.44060876e+06 -5.79082733e+01 
 1.00000000e+07 -5.80609704e+01 
 1.05925373e+07 -5.82000854e+01 
 1.12201845e+07 -5.83271627e+01 
 1.18850223e+07 -5.84435939e+01 
 1.25892541e+07 -5.85506456e+01 
 1.33352143e+07 -5.86494783e+01 
 1.41253754e+07 -5.87411620e+01 
 1.49623566e+07 -5.88266857e+01 
 1.58489319e+07 -5.89069655e+01 
 1.67880402e+07 -5.89828489e+01 
 1.77827941e+07 -5.90551181e+01 
 1.88364909e+07 -5.91244922e+01 
 1.99526231e+07 -5.91916276e+01 
 2.11348904e+07 -5.92571185e+01 
 2.23872114e+07 -5.93214974e+01 
 2.37137371e+07 -5.93852347e+01 
 2.51188643e+07 -5.94487395e+01 
 2.66072506e+07 -5.95123609e+01 
 2.81838293e+07 -5.95763899e+01 
 2.98538262e+07 -5.96410627e+01 
 3.16227766e+07 -5.97065653e+01 
 3.34965439e+07 -5.97730391e+01 
 3.54813389e+07 -5.98405886e+01 
 3.75837404e+07 -5.99092894e+01 
 3.98107171e+07 -5.99791981e+01 
 4.21696503e+07 -6.00503625e+01 
 4.46683592e+07 -6.01228322e+01 
 4.73151259e+07 -6.01966695e+01 
 5.01187234e+07 -6.02719590e+01 
 5.30884444e+07 -6.03488173e+01 
 5.62341325e+07 -6.04274005e+01 
 5.95662144e+07 -6.05079106e+01 
 6.30957344e+07 -6.05906002e+01 
 6.68343918e+07 -6.06757747e+01 
 7.07945784e+07 -6.07637929e+01 
 7.49894209e+07 -6.08550651e+01 
 7.94328235e+07 -6.09500500e+01 
 8.41395142e+07 -6.10492480e+01 
 8.91250938e+07 -6.11531939e+01 
 9.44060876e+07 -6.12624463e+01 
 1.00000000e+08 -6.13775749e+01 
 1.05925373e+08 -6.14991456e+01 
 1.12201845e+08 -6.16277033e+01 
 1.18850223e+08 -6.17637510e+01 
 1.25892541e+08 -6.19077279e+01 
 1.33352143e+08 -6.20599847e+01 
 1.41253754e+08 -6.22207572e+01 
 1.49623566e+08 -6.23901404e+01 
 1.58489319e+08 -6.25680625e+01 
 1.67880402e+08 -6.27542636e+01 
 1.77827941e+08 -6.29482787e+01 
 1.88364909e+08 -6.31494302e+01 
 1.99526231e+08 -6.33568320e+01 
 2.11348904e+08 -6.35694075e+01 
 2.23872114e+08 -6.37859240e+01 
 2.37137371e+08 -6.40050432e+01 
 2.51188643e+08 -6.42253860e+01 
 2.66072506e+08 -6.44456065e+01 
 2.81838293e+08 -6.46644693e+01 
 2.98538262e+08 -6.48809204e+01 
 3.16227766e+08 -6.50941427e+01 
 3.34965439e+08 -6.53035895e+01 
 3.54813389e+08 -6.55089893e+01 
 3.75837404e+08 -6.57103223e+01 
 3.98107171e+08 -6.59077722e+01 
 4.21696503e+08 -6.61016586e+01 
 4.46683592e+08 -6.62923605e+01 
 4.73151259e+08 -6.64802401e+01 
 5.01187234e+08 -6.66655739e+01 
 5.30884444e+08 -6.68484988e+01 
 5.62341325e+08 -6.70289759e+01 
 5.95662144e+08 -6.72067730e+01 
 6.30957344e+08 -6.73814662e+01 
 6.68343918e+08 -6.75524564e+01 
 7.07945784e+08 -6.77190001e+01 
 7.49894209e+08 -6.78802496e+01 
 7.94328235e+08 -6.80352993e+01 
 8.41395142e+08 -6.81832357e+01 
 8.91250938e+08 -6.83231867e+01 
 9.44060876e+08 -6.84543688e+01 
 1.00000000e+09 -6.85761273e+01 
