 1.00000000e+00  1.01509153e+02 
 1.05925373e+00  1.01485069e+02 
 1.12201845e+00  1.01458205e+02 
 1.18850223e+00  1.01428259e+02 
 1.25892541e+00  1.01394904e+02 
 1.33352143e+00  1.01357780e+02 
 1.41253754e+00  1.01316502e+02 
 1.49623566e+00  1.01270648e+02 
 1.58489319e+00  1.01219770e+02 
 1.67880402e+00  1.01163385e+02 
 1.77827941e+00  1.01100978e+02 
 1.88364909e+00  1.01032009e+02 
 1.99526231e+00  1.00955905e+02 
 2.11348904e+00  1.00872074e+02 
 2.23872114e+00  1.00779901e+02 
 2.37137371e+00  1.00678758e+02 
 2.51188643e+00  1.00568009e+02 
 2.66072506e+00  1.00447018e+02 
 2.81838293e+00  1.00315161e+02 
 2.98538262e+00  1.00171829e+02 
 3.16227766e+00  1.00016445e+02 
 3.34965439e+00  9.98484750e+01 
 3.54813389e+00  9.96674338e+01 
 3.75837404e+00  9.94729005e+01 
 3.98107171e+00  9.92645266e+01 
 4.21696503e+00  9.90420448e+01 
 4.46683592e+00  9.88052753e+01 
 4.73151259e+00  9.85541310e+01 
 5.01187234e+00  9.82886194e+01 
 5.30884444e+00  9.80088427e+01 
 5.62341325e+00  9.77149948e+01 
 5.95662144e+00  9.74073566e+01 
 6.30957344e+00  9.70862887e+01 
 6.68343918e+00  9.67522229e+01 
 7.07945784e+00  9.64056520e+01 
 7.49894209e+00  9.60471193e+01 
 7.94328235e+00  9.56772072e+01 
 8.41395142e+00  9.52965262e+01 
 8.91250938e+00  9.49057046e+01 
 9.44060876e+00  9.45053785e+01 
 1.00000000e+01  9.40961829e+01 
 1.05925373e+01  9.36787442e+01 
 1.12201845e+01  9.32536736e+01 
 1.18850223e+01  9.28215617e+01 
 1.25892541e+01  9.23829746e+01 
 1.33352143e+01  9.19384506e+01 
 1.41253754e+01  9.14884981e+01 
 1.49623566e+01  9.10335942e+01 
 1.58489319e+01  9.05741847e+01 
 1.67880402e+01  9.01106835e+01 
 1.77827941e+01  8.96434736e+01 
 1.88364909e+01  8.91729080e+01 
 1.99526231e+01  8.86993106e+01 
 2.11348904e+01  8.82229780e+01 
 2.23872114e+01  8.77441809e+01 
 2.37137371e+01  8.72631656e+01 
 2.51188643e+01  8.67801559e+01 
 2.66072506e+01  8.62953548e+01 
 2.81838293e+01  8.58089458e+01 
 2.98538262e+01  8.53210948e+01 
 3.16227766e+01  8.48319513e+01 
 3.34965439e+01  8.43416500e+01 
 3.54813389e+01  8.38503124e+01 
 3.75837404e+01  8.33580473e+01 
 3.98107171e+01  8.28649526e+01 
 4.21696503e+01  8.23711163e+01 
 4.46683592e+01  8.18766171e+01 
 4.73151259e+01  8.13815255e+01 
 5.01187234e+01  8.08859049e+01 
 5.30884444e+01  8.03898117e+01 
 5.62341325e+01  7.98932966e+01 
 5.95662144e+01  7.93964049e+01 
 6.30957344e+01  7.88991770e+01 
 6.68343918e+01  7.84016492e+01 
 7.07945784e+01  7.79038537e+01 
 7.49894209e+01  7.74058194e+01 
 7.94328235e+01  7.69075721e+01 
 8.41395142e+01  7.64091348e+01 
 8.91250938e+01  7.59105280e+01 
 9.44060876e+01  7.54117701e+01 
 1.00000000e+02  7.49128774e+01 
 1.05925373e+02  7.44138645e+01 
 1.12201845e+02  7.39147445e+01 
 1.18850223e+02  7.34155289e+01 
 1.25892541e+02  7.29162282e+01 
 1.33352143e+02  7.24168515e+01 
 1.41253754e+02  7.19174071e+01 
 1.49623566e+02  7.14179023e+01 
 1.58489319e+02  7.09183437e+01 
 1.67880402e+02  7.04187372e+01 
 1.77827941e+02  6.99190879e+01 
 1.88364909e+02  6.94194005e+01 
 1.99526231e+02  6.89196791e+01 
 2.11348904e+02  6.84199274e+01 
 2.23872114e+02  6.79201488e+01 
 2.37137371e+02  6.74203461e+01 
 2.51188643e+02  6.69205219e+01 
 2.66072506e+02  6.64206786e+01 
 2.81838293e+02  6.59208183e+01 
 2.98538262e+02  6.54209428e+01 
 3.16227766e+02  6.49210538e+01 
 3.34965439e+02  6.44211527e+01 
 3.54813389e+02  6.39212409e+01 
 3.75837404e+02  6.34213195e+01 
 3.98107171e+02  6.29213895e+01 
 4.21696503e+02  6.24214520e+01 
 4.46683592e+02  6.19215076e+01 
 4.73151259e+02  6.14215573e+01 
 5.01187234e+02  6.09216015e+01 
 5.30884444e+02  6.04216409e+01 
 5.62341325e+02  5.99216761e+01 
 5.95662144e+02  5.94217075e+01 
 6.30957344e+02  5.89217354e+01 
 6.68343918e+02  5.84217604e+01 
 7.07945784e+02  5.79217827e+01 
 7.49894209e+02  5.74218025e+01 
 7.94328235e+02  5.69218203e+01 
 8.41395142e+02  5.64218361e+01 
 8.91250938e+02  5.59218503e+01 
 9.44060876e+02  5.54218630e+01 
 1.00000000e+03  5.49218743e+01 
 1.05925373e+03  5.44218845e+01 
 1.12201845e+03  5.39218936e+01 
 1.18850223e+03  5.34219018e+01 
 1.25892541e+03  5.29219092e+01 
 1.33352143e+03  5.24219159e+01 
 1.41253754e+03  5.19219220e+01 
 1.49623566e+03  5.14219275e+01 
 1.58489319e+03  5.09219325e+01 
 1.67880402e+03  5.04219372e+01 
 1.77827941e+03  4.99219414e+01 
 1.88364909e+03  4.94219455e+01 
 1.99526231e+03  4.89219492e+01 
 2.11348904e+03  4.84219528e+01 
 2.23872114e+03  4.79219563e+01 
 2.37137371e+03  4.74219597e+01 
 2.51188643e+03  4.69219630e+01 
 2.66072506e+03  4.64219663e+01 
 2.81838293e+03  4.59219697e+01 
 2.98538262e+03  4.54219731e+01 
 3.16227766e+03  4.49219767e+01 
 3.34965439e+03  4.44219805e+01 
 3.54813389e+03  4.39219845e+01 
 3.75837404e+03  4.34219888e+01 
 3.98107171e+03  4.29219935e+01 
 4.21696503e+03  4.24219985e+01 
 4.46683592e+03  4.19220040e+01 
 4.73151259e+03  4.14220101e+01 
 5.01187234e+03  4.09220168e+01 
 5.30884444e+03  4.04220242e+01 
 5.62341325e+03  3.99220324e+01 
 5.95662144e+03  3.94220415e+01 
 6.30957344e+03  3.89220517e+01 
 6.68343918e+03  3.84220630e+01 
 7.07945784e+03  3.79220757e+01 
 7.49894209e+03  3.74220899e+01 
 7.94328235e+03  3.69221057e+01 
 8.41395142e+03  3.64221235e+01 
 8.91250938e+03  3.59221433e+01 
 9.44060876e+03  3.54221656e+01 
 1.00000000e+04  3.49221906e+01 
 1.05925373e+04  3.44222185e+01 
 1.12201845e+04  3.39222499e+01 
 1.18850223e+04  3.34222851e+01 
 1.25892541e+04  3.29223245e+01 
 1.33352143e+04  3.24223688e+01 
 1.41253754e+04  3.19224184e+01 
 1.49623566e+04  3.14224741e+01 
 1.58489319e+04  3.09225366e+01 
 1.67880402e+04  3.04226066e+01 
 1.77827941e+04  2.99226853e+01 
 1.88364909e+04  2.94227734e+01 
 1.99526231e+04  2.89228724e+01 
 2.11348904e+04  2.84229834e+01 
 2.23872114e+04  2.79231080e+01 
 2.37137371e+04  2.74232477e+01 
 2.51188643e+04  2.69234045e+01 
 2.66072506e+04  2.64235804e+01 
 2.81838293e+04  2.59237778e+01 
 2.98538262e+04  2.54239993e+01 
 3.16227766e+04  2.49242478e+01 
 3.34965439e+04  2.44245265e+01 
 3.54813389e+04  2.39248393e+01 
 3.75837404e+04  2.34251903e+01 
 3.98107171e+04  2.29255841e+01 
 4.21696503e+04  2.24260259e+01 
 4.46683592e+04  2.19265216e+01 
 4.73151259e+04  2.14270778e+01 
 5.01187234e+04  2.09277019e+01 
 5.30884444e+04  2.04284020e+01 
 5.62341325e+04  1.99291876e+01 
 5.95662144e+04  1.94300690e+01 
 6.30957344e+04  1.89310579e+01 
 6.68343918e+04  1.84321674e+01 
 7.07945784e+04  1.79334123e+01 
 7.49894209e+04  1.74348090e+01 
 7.94328235e+04  1.69363760e+01 
 8.41395142e+04  1.64381340e+01 
 8.91250938e+04  1.59401065e+01 
 9.44060876e+04  1.54423194e+01 
 1.00000000e+05  1.49448022e+01 
 1.05925373e+05  1.44475876e+01 
 1.12201845e+05  1.39507124e+01 
 1.18850223e+05  1.34542181e+01 
 1.25892541e+05  1.29581510e+01 
 1.33352143e+05  1.24625631e+01 
 1.41253754e+05  1.19675125e+01 
 1.49623566e+05  1.14730648e+01 
 1.58489319e+05  1.09792930e+01 
 1.67880402e+05  1.04862794e+01 
 1.77827941e+05  9.99411595e+00 
 1.88364909e+05  9.50290579e+00 
 1.99526231e+05  9.01276450e+00 
 2.11348904e+05  8.52382158e+00 
 2.23872114e+05  8.03622207e+00 
 2.37137371e+05  7.55012840e+00 
 2.51188643e+05  7.06572248e+00 
 2.66072506e+05  6.58320792e+00 
 2.81838293e+05  6.10281258e+00 
 2.98538262e+05  5.62479140e+00 
 3.16227766e+05  5.14942949e+00 
 3.34965439e+05  4.67704562e+00 
 3.54813389e+05  4.20799601e+00 
 3.75837404e+05  3.74267856e+00 
 3.98107171e+05  3.28153748e+00 
 4.21696503e+05  2.82506845e+00 
 4.46683592e+05  2.37382417e+00 
 4.73151259e+05  1.92842056e+00 
 5.01187234e+05  1.48954340e+00 
 5.30884444e+05  1.05795569e+00 
 5.62341325e+05  6.34505533e-01 
 5.95662144e+05  2.20134702e-01 
 6.30957344e+05 -1.84112145e-01 
 6.68343918e+05 -5.77077583e-01 
 7.07945784e+05 -9.57480870e-01 
 7.49894209e+05 -1.32390676e+00 
 7.94328235e+05 -1.67479370e+00 
 8.41395142e+05 -2.00842146e+00 
 8.91250938e+05 -2.32289839e+00 
 9.44060876e+05 -2.61614827e+00 
 1.00000000e+06 -2.88589738e+00 
 1.05925373e+06 -3.12966192e+00 
 1.12201845e+06 -3.34473689e+00 
 1.18850223e+06 -3.52818786e+00 
 1.25892541e+06 -3.67684815e+00 
 1.33352143e+06 -3.78732610e+00 
 1.41253754e+06 -3.85603045e+00 
 1.49623566e+06 -3.87922817e+00 
 1.58489319e+06 -3.85315995e+00 
 1.67880402e+06 -3.77425813e+00 
 1.77827941e+06 -3.63954533e+00 
 1.88364909e+06 -3.44735001e+00 
 1.99526231e+06 -3.19856720e+00 
 2.11348904e+06 -2.89882317e+00 
 2.23872114e+06 -2.56202126e+00 
 2.37137371e+06 -2.21562920e+00 
 2.51188643e+06 -1.90706406e+00 
 2.66072506e+06 -1.70750481e+00 
 2.81838293e+06 -1.70457258e+00 
 2.98538262e+06 -1.97541266e+00 
 3.16227766e+06 -2.54895816e+00 
 3.34965439e+06 -3.38896196e+00 
 3.54813389e+06 -4.41576140e+00 
 3.75837404e+06 -5.54405458e+00 
 3.98107171e+06 -6.70698218e+00 
 4.21696503e+06 -7.86123024e+00 
 4.46683592e+06 -8.98244167e+00 
 4.73151259e+06 -1.00588503e+01 
 5.01187234e+06 -1.10862306e+01 
 5.30884444e+06 -1.20645738e+01 
 5.62341325e+06 -1.29960802e+01 
 5.95662144e+06 -1.38840014e+01 
 6.30957344e+06 -1.47319918e+01 
 6.68343918e+06 -1.55437551e+01 
 7.07945784e+06 -1.63228596e+01 
 7.49894209e+06 -1.70726487e+01 
 7.94328235e+06 -1.77962035e+01 
 8.41395142e+06 -1.84963356e+01 
 8.91250938e+06 -1.91755951e+01 
 9.44060876e+06 -1.98362860e+01 
 1.00000000e+07 -2.04804862e+01 
 1.05925373e+07 -2.11100674e+01 
 1.12201845e+07 -2.17267154e+01 
 1.18850223e+07 -2.23319495e+01 
 1.25892541e+07 -2.29271403e+01 
 1.33352143e+07 -2.35135260e+01 
 1.41253754e+07 -2.40922278e+01 
 1.49623566e+07 -2.46642636e+01 
 1.58489319e+07 -2.52305607e+01 
 1.67880402e+07 -2.57919668e+01 
 1.77827941e+07 -2.63492612e+01 
 1.88364909e+07 -2.69031637e+01 
 1.99526231e+07 -2.74543442e+01 
 2.11348904e+07 -2.80034302e+01 
 2.23872114e+07 -2.85510157e+01 
 2.37137371e+07 -2.90976676e+01 
 2.51188643e+07 -2.96439334e+01 
 2.66072506e+07 -3.01903479e+01 
 2.81838293e+07 -3.07374392e+01 
 2.98538262e+07 -3.12857357e+01 
 3.16227766e+07 -3.18357710e+01 
 3.34965439e+07 -3.23880893e+01 
 3.54813389e+07 -3.29432505e+01 
 3.75837404e+07 -3.35018329e+01 
 3.98107171e+07 -3.40644365e+01 
 4.21696503e+07 -3.46316844e+01 
 4.46683592e+07 -3.52042222e+01 
 4.73151259e+07 -3.57827164e+01 
 5.01187234e+07 -3.63678508e+01 
 5.30884444e+07 -3.69603201e+01 
 5.62341325e+07 -3.75608222e+01 
 5.95662144e+07 -3.81700475e+01 
 6.30957344e+07 -3.87886664e+01 
 6.68343918e+07 -3.94173154e+01 
 7.07945784e+07 -4.00565815e+01 
 7.49894209e+07 -4.07069863e+01 
 7.94328235e+07 -4.13689714e+01 
 8.41395142e+07 -4.20428851e+01 
 8.91250938e+07 -4.27289718e+01 
 9.44060876e+07 -4.34273675e+01 
 1.00000000e+08 -4.41380986e+01 
 1.05925373e+08 -4.48610887e+01 
 1.12201845e+08 -4.55961705e+01 
 1.18850223e+08 -4.63431043e+01 
 1.25892541e+08 -4.71016017e+01 
 1.33352143e+08 -4.78713525e+01 
 1.41253754e+08 -4.86520534e+01 
 1.49623566e+08 -4.94434371e+01 
 1.58489319e+08 -5.02452977e+01 
 1.67880402e+08 -5.10575129e+01 
 1.77827941e+08 -5.18800589e+01 
 1.88364909e+08 -5.27130188e+01 
 1.99526231e+08 -5.35565819e+01 
 2.11348904e+08 -5.44110346e+01 
 2.23872114e+08 -5.52767430e+01 
 2.37137371e+08 -5.61541264e+01 
 2.51188643e+08 -5.70436247e+01 
 2.66072506e+08 -5.79456587e+01 
 2.81838293e+08 -5.88605867e+01 
 2.98538262e+08 -5.97886583e+01 
 3.16227766e+08 -6.07299682e+01 
 3.34965439e+08 -6.16844137e+01 
 3.54813389e+08 -6.26516582e+01 
 3.75837404e+08 -6.36311054e+01 
 3.98107171e+08 -6.46218877e+01 
 4.21696503e+08 -6.56228718e+01 
 4.46683592e+08 -6.66326831e+01 
 4.73151259e+08 -6.76497490e+01 
 5.01187234e+08 -6.86723587e+01 
 5.30884444e+08 -6.96987332e+01 
 5.62341325e+08 -7.07270992e+01 
 5.95662144e+08 -7.17557576e+01 
 6.30957344e+08 -7.27831379e+01 
 6.68343918e+08 -7.38078329e+01 
 7.07945784e+08 -7.48286072e+01 
 7.49894209e+08 -7.58443799e+01 
 7.94328235e+08 -7.68541814e+01 
 8.41395142e+08 -7.78570874e+01 
 8.91250938e+08 -7.88521349e+01 
 9.44060876e+08 -7.98382234e+01 
 1.00000000e+09 -8.08140049e+01 
