1.0000000000E+00  1.6995847431E+02
1.0592537300E+00  1.6937665394E+02
1.1220184500E+00  1.6876276902E+02
1.1885022300E+00  1.6811534996E+02
1.2589254100E+00  1.6743291435E+02
1.3335214300E+00  1.6671397682E+02
1.4125375400E+00  1.6595706254E+02
1.4962356600E+00  1.6516072222E+02
1.5848931900E+00  1.6432355046E+02
1.6788040200E+00  1.6344420562E+02
1.7782794100E+00  1.6252143422E+02
1.8836490900E+00  1.6155409680E+02
1.9952623100E+00  1.6054119780E+02
2.1134890400E+00  1.5948191736E+02
2.2387211400E+00  1.5837564657E+02
2.3713737100E+00  1.5722202366E+02
2.5118864300E+00  1.5602097227E+02
2.6607250600E+00  1.5477273934E+02
2.8183829300E+00  1.5347793295E+02
2.9853826200E+00  1.5213755692E+02
3.1622776600E+00  1.5075304213E+02
3.3496543900E+00  1.4932627146E+02
3.5481338900E+00  1.4785959733E+02
3.7583740400E+00  1.4635584949E+02
3.9810717100E+00  1.4481833151E+02
4.2169650300E+00  1.4325080486E+02
4.4668359200E+00  1.4165745868E+02
4.7315125900E+00  1.4004286706E+02
5.0118723400E+00  1.3841193202E+02
5.3088444400E+00  1.3676981520E+02
5.6234132500E+00  1.3512185928E+02
5.9566214400E+00  1.3347350287E+02
6.3095734400E+00  1.3183019129E+02
6.6834391800E+00  1.3019728679E+02
7.0794578400E+00  1.2857998292E+02
7.4989420900E+00  1.2698322443E+02
7.9432823500E+00  1.2541163754E+02
8.4139514200E+00  1.2386947140E+02
8.9125093800E+00  1.2236055261E+02
9.4406087600E+00  1.2088825355E+02
1.0000000000E+01  1.1945547435E+02
1.0592537300E+01  1.1806463752E+02
1.1220184500E+01  1.1671769474E+02
1.1885022300E+01  1.1541614146E+02
1.2589254100E+01  1.1416104330E+02
1.3335214300E+01  1.1295306426E+02
1.4125375400E+01  1.1179250254E+02
1.4962356600E+01  1.1067932692E+02
1.5848931900E+01  1.0961321581E+02
1.6788040200E+01  1.0859359413E+02
1.7782794100E+01  1.0761967135E+02
1.8836490900E+01  1.0669047578E+02
1.9952623100E+01  1.0580488762E+02
2.1134890400E+01  1.0496166843E+02
2.2387211400E+01  1.0415948858E+02
2.3713737100E+01  1.0339695077E+02
2.5118864300E+01  1.0267261142E+02
2.6607250600E+01  1.0198499865E+02
2.8183829300E+01  1.0133262828E+02
2.9853826200E+01  1.0071401691E+02
3.1622776600E+01  1.0012769307E+02
3.3496543900E+01  9.9572206382E+01
3.5481338900E+01  9.9046134933E+01
3.7583740400E+01  9.8548091232E+01
3.9810717100E+01  9.8076726759E+01
4.2169650300E+01  9.7630735496E+01
4.4668359200E+01  9.7208856259E+01
4.7315125900E+01  9.6809874544E+01
5.0118723400E+01  9.6432623407E+01
5.3088444400E+01  9.6075983924E+01
5.6234132500E+01  9.5738885083E+01
5.9566214400E+01  9.5420303403E+01
6.3095734400E+01  9.5119262186E+01
6.6834391800E+01  9.4834830461E+01
7.0794578400E+01  9.4566121913E+01
7.4989420900E+01  9.4312293466E+01
7.9432823500E+01  9.4072543923E+01
8.4139514200E+01  9.3846112456E+01
8.9125093800E+01  9.3632277058E+01
9.4406087600E+01  9.3430352982E+01
1.0000000000E+02  9.3239691184E+01
1.0592537300E+02  9.3059676745E+01
1.1220184500E+02  9.2889727413E+01
1.1885022300E+02  9.2729291896E+01
1.2589254100E+02  9.2577848676E+01
1.3335214300E+02  9.2434904327E+01
1.4125375400E+02  9.2299992284E+01
1.4962356600E+02  9.2172671433E+01
1.5848931900E+02  9.2052524916E+01
1.6788040200E+02  9.1939158771E+01
1.7782794100E+02  9.1832200887E+01
1.8836490900E+02  9.1731299786E+01
1.9952623100E+02  9.1636123599E+01
2.1134890400E+02  9.1546359006E+01
2.2387211400E+02  9.1461710308E+01
2.3713737100E+02  9.1381898456E+01
2.5118864300E+02  9.1306660201E+01
2.6607250600E+02  9.1235747236E+01
2.8183829300E+02  9.1168925432E+01
2.9853826200E+02  9.1105974067E+01
3.1622776600E+02  9.1046685132E+01
3.3496543900E+02  9.0990862652E+01
3.5481338900E+02  9.0938322054E+01
3.7583740400E+02  9.0888889573E+01
3.9810717100E+02  9.0842401684E+01
4.2169650300E+02  9.0798704575E+01
4.4668359200E+02  9.0757653632E+01
4.7315125900E+02  9.0719112984E+01
5.0118723400E+02  9.0682955045E+01
5.3088444400E+02  9.0649060105E+01
5.6234132500E+02  9.0617315929E+01
5.9566214400E+02  9.0587617394E+01
6.3095734400E+02  9.0559866145E+01
6.6834391800E+02  9.0533970263E+01
7.0794578400E+02  9.0509843974E+01
7.4989420900E+02  9.0487407357E+01
7.9432823500E+02  9.0466586083E+01
8.4139514200E+02  9.0447311173E+01
8.9125093800E+02  9.0429518767E+01
9.4406087600E+02  9.0413149914E+01
1.0000000000E+03  9.0398150379E+01
1.0592537300E+03  9.0384470460E+01
1.1220184500E+03  9.0372064832E+01
1.1885022300E+03  9.0360892381E+01
1.2589254100E+03  9.0350916089E+01
1.3335214300E+03  9.0342102896E+01
1.4125375400E+03  9.0334423595E+01
1.4962356600E+03  9.0327852739E+01
1.5848931900E+03  9.0322368553E+01
1.6788040200E+03  9.0317952861E+01
1.7782794100E+03  9.0314591032E+01
1.8836490900E+03  9.0312271922E+01
1.9952623100E+03  9.0310987847E+01
2.1134890400E+03  9.0310734551E+01
2.2387211400E+03  9.0311511194E+01
2.3713737100E+03  9.0313320350E+01
2.5118864300E+03  9.0316168013E+01
2.6607250600E+03  9.0320063621E+01
2.8183829300E+03  9.0325020082E+01
2.9853826200E+03  9.0331053823E+01
3.1622776600E+03  9.0338184836E+01
3.3496543900E+03  9.0346436753E+01
3.5481338900E+03  9.0355836918E+01
3.7583740400E+03  9.0366416480E+01
3.9810717100E+03  9.0378210496E+01
4.2169650300E+03  9.0391258043E+01
4.4668359200E+03  9.0405602357E+01
4.7315125900E+03  9.0421290962E+01
5.0118723400E+03  9.0438375840E+01
5.3088444400E+03  9.0456913592E+01
5.6234132500E+03  9.0476965635E+01
5.9566214400E+03  9.0498598395E+01
6.3095734400E+03  9.0521883532E+01
6.6834391800E+03  9.0546898176E+01
7.0794578400E+03  9.0573725177E+01
7.4989420900E+03  9.0602453384E+01
7.9432823500E+03  9.0633177931E+01
8.4139514200E+03  9.0666000553E+01
8.9125093800E+03  9.0701029920E+01
9.4406087600E+03  9.0738381994E+01
1.0000000000E+04  9.0778180408E+01
1.0592537300E+04  9.0820556872E+01
1.1220184500E+04  9.0865651588E+01
1.1885022300E+04  9.0913613754E+01
1.2589254100E+04  9.0964601978E+01
1.3335214300E+04  9.1018784861E+01
1.4125375400E+04  9.1076341502E+01
1.4962356600E+04  9.1137462101E+01
1.5848931900E+04  9.1202348535E+01
1.6788040200E+04  9.1271215069E+01
1.7782794100E+04  9.1344288972E+01
1.8836490900E+04  9.1421811295E+01
1.9952623100E+04  9.1504037600E+01
2.1134890400E+04  9.1591238799E+01
2.2387211400E+04  9.1683701960E+01
2.3713737100E+04  9.1781731239E+01
2.5118864300E+04  9.1885648792E+01
2.6607250600E+04  9.1995795792E+01
2.8183829300E+04  9.2112533422E+01
2.9853826200E+04  9.2236243992E+01
3.1622776600E+04  9.2367332041E+01
3.3496543900E+04  9.2506225536E+01
3.5481338900E+04  9.2653377087E+01
3.7583740400E+04  9.2809265217E+01
3.9810717100E+04  9.2974395683E+01
4.2169650300E+04  9.3149302802E+01
4.4668359200E+04  9.3334550896E+01
4.7315125900E+04  9.3530735645E+01
5.0118723400E+04  9.3738485564E+01
5.3088444400E+04  9.3958463425E+01
5.6234132500E+04  9.4191367735E+01
5.9566214400E+04  9.4437934124E+01
6.3095734400E+04  9.4698936725E+01
6.6834391800E+04  9.4975189556E+01
7.0794578400E+04  9.5267547649E+01
7.4989420900E+04  9.5576908247E+01
7.9432823500E+04  9.5904211667E+01
8.4139514200E+04  9.6250442022E+01
8.9125093800E+04  9.6616627660E+01
9.4406087600E+04  9.7003841250E+01
1.0000000000E+05  9.7413199407E+01
1.0592537300E+05  9.7845861865E+01
1.1220184500E+05  9.8303029772E+01
1.1885022300E+05  9.8785943951E+01
1.2589254100E+05  9.9295880977E+01
1.3335214300E+05  9.9834149702E+01
1.4125375400E+05  1.0040208536E+02
1.4962356600E+05  1.0100104302E+02
1.5848931900E+05  1.0163238870E+02
1.6788040200E+05  1.0229748970E+02
1.7782794100E+05  1.0299770156E+02
1.8836490900E+05  1.0373435390E+02
1.9952623100E+05  1.0450873287E+02
2.1134890400E+05  1.0532206159E+02
2.2387211400E+05  1.0617547699E+02
2.3713737100E+05  1.0707000439E+02
2.5118864300E+05  1.0800652854E+02
2.6607250600E+05  1.0898576228E+02
2.8183829300E+05  1.1000821184E+02
2.9853826200E+05  1.1107414063E+02
3.1622776600E+05  1.1218353085E+02
3.3496543900E+05  1.1333604460E+02
3.5481338900E+05  1.1453098519E+02
3.7583740400E+05  1.1576726002E+02
3.9810717100E+05  1.1704334688E+02
4.2169650300E+05  1.1835726485E+02
4.4668359200E+05  1.1970655276E+02
4.7315125900E+05  1.2108825551E+02
5.0118723400E+05  1.2249892165E+02
5.3088444400E+05  1.2393461266E+02
5.6234132500E+05  1.2539092566E+02
5.9566214400E+05  1.2686302937E+02
6.3095734400E+05  1.2834571381E+02
6.6834391800E+05  1.2983345272E+02
7.0794578400E+05  1.3132047597E+02
7.4989420900E+05  1.3280085117E+02
7.9432823500E+05  1.3426856969E+02
8.4139514200E+05  1.3571763471E+02
8.9125093800E+05  1.3714214752E+02
9.4406087600E+05  1.3853638837E+02
1.0000000000E+06  1.3989488886E+02
1.0592537300E+06  1.4121249371E+02
1.1220184500E+06  1.4248440913E+02
1.1885022300E+06  1.4370623962E+02
1.2589254100E+06  1.4487400734E+02
1.3335214300E+06  1.4598416225E+02
1.4125375400E+06  1.4703357686E+02
1.4962356600E+06  1.4801953209E+02
1.5848931900E+06  1.4893969289E+02
1.6788040200E+06  1.4979207854E+02
1.7782794100E+06  1.5057502579E+02
1.8836490900E+06  1.5128715043E+02
1.9952623100E+06  1.5192730593E+02
2.1134890400E+06  1.5249454253E+02
2.2387211400E+06  1.5298806638E+02
2.3713737100E+06  1.5340720099E+02
2.5118864300E+06  1.5375135053E+02
2.6607250600E+06  1.5401996624E+02
2.8183829300E+06  1.5421251563E+02
2.9853826200E+06  1.5432845523E+02
3.1622776600E+06  1.5436720647E+02
3.3496543900E+06  1.5432813510E+02
3.5481338900E+06  1.5421053376E+02
3.7583740400E+06  1.5401360802E+02
3.9810717100E+06  1.5373646546E+02
4.2169650300E+06  1.5337810821E+02
4.4668359200E+06  1.5293742839E+02
4.7315125900E+06  1.5241320714E+02
5.0118723400E+06  1.5180411671E+02
5.3088444400E+06  1.5110872617E+02
5.6234132500E+06  1.5032551057E+02
5.9566214400E+06  1.4945286412E+02
6.3095734400E+06  1.4848911741E+02
6.6834391800E+06  1.4743255863E+02
7.0794578400E+06  1.4628146003E+02
7.4989420900E+06  1.4503410851E+02
7.9432823500E+06  1.4368884192E+02
8.4139514200E+06  1.4224409027E+02
8.9125093800E+06  1.4069842230E+02
9.4406087600E+06  1.3905059729E+02
1.0000000000E+07  1.3729962181E+02
1.0592537300E+07  1.3544481074E+02
1.1220184500E+07  1.3348585282E+02
1.1885022300E+07  1.3142287567E+02
1.2589254100E+07  1.2925651721E+02
1.3335214300E+07  1.2698798995E+02
1.4125375400E+07  1.2461914721E+02
1.4962356600E+07  1.2215254055E+02
1.5848931900E+07  1.1959147199E+02
1.6788040200E+07  1.1694003059E+02
1.7782794100E+07  1.1420312062E+02
1.8836490900E+07  1.1138646854E+02
1.9952623100E+07  1.0849661442E+02
2.1134890400E+07  1.0554088096E+02
2.2387211400E+07  1.0252732387E+02
2.3713737100E+07  9.9464658703E+01
2.5118864300E+07  9.6362169770E+01
2.6607250600E+07  9.3229599407E+01
2.8183829300E+07  9.0077024291E+01
2.9853826200E+07  8.6914718291E+01
3.1622776600E+07  8.3753009901E+01
3.3496543900E+07  8.0602136185E+01
3.5481338900E+07  7.7472099920E+01
3.7583740400E+07  7.4372533569E+01
3.9810717100E+07  7.1312574559E+01
4.2169650300E+07  6.8300756289E+01
4.4668359200E+07  6.5344915461E+01
4.7315125900E+07  6.2452121617E+01
5.0118723400E+07  5.9628625679E+01
5.3088444400E+07  5.6879830431E+01
5.6234132500E+07  5.4210280420E+01
5.9566214400E+07  5.1623671131E+01
6.3095734400E+07  4.9122874035E+01
6.6834391800E+07  4.6709974833E+01
7.0794578400E+07  4.4386324071E+01
7.4989420900E+07  4.2152594119E+01
7.9432823500E+07  4.0008843015E+01
8.4139514200E+07  3.7954580484E+01
8.9125093800E+07  3.5988834812E+01
9.4406087600E+07  3.4110218768E+01
1.0000000000E+08  3.2316993066E+01
1.0592537300E+08  3.0607126014E+01
1.1220184500E+08  2.8978349663E+01
1.1885022300E+08  2.7428208540E+01
1.2589254100E+08  2.5954107868E+01
1.3335214300E+08  2.4553351570E+01
1.4125375400E+08  2.3223179179E+01
1.4962356600E+08  2.1960795744E+01
1.5848931900E+08  2.0763398973E+01
1.6788040200E+08  1.9628200075E+01
1.7782794100E+08  1.8552443521E+01
1.8836490900E+08  1.7533421291E+01
1.9952623100E+08  1.6568485557E+01
2.1134890400E+08  1.5655057912E+01
2.2387211400E+08  1.4790637216E+01
2.3713737100E+08  1.3972804637E+01
2.5118864300E+08  1.3199227724E+01
2.6607250600E+08  1.2467662590E+01
2.8183829300E+08  1.1775955472E+01
2.9853826200E+08  1.1122042800E+01
3.1622776600E+08  1.0503950859E+01
3.3496543900E+08  9.9197945544E+00
3.5481338900E+08  9.3677758249E+00
3.7583740400E+08  8.8461815946E+00
3.9810717100E+08  8.3533813953E+00
4.2169650300E+08  7.8878248665E+00
4.4668359200E+08  7.4480388345E+00
4.7315125900E+08  7.0326246405E+00
5.0118723400E+08  6.6402551074E+00
5.3088444400E+08  6.2696716344E+00
5.6234132500E+08  5.9196811991E+00
5.9566214400E+08  5.5891534941E+00
6.3095734400E+08  5.2770180479E+00
6.6834391800E+08  4.9822613458E+00
7.0794578400E+08  4.7039242021E+00
7.4989420900E+08  4.4410989985E+00
7.9432823500E+08  4.1929271892E+00
8.4139514200E+08  3.9585968074E+00
8.9125093800E+08  3.7373400798E+00
9.4406087600E+08  3.5284311494E+00
1.0000000000E+09  3.3311839011E+00
