 1.00000000e+00  1.67673553e+02 
 1.05925373e+00  1.66967437e+02 
 1.12201845e+00  1.66223853e+02 
 1.18850223e+00  1.65441342e+02 
 1.25892541e+00  1.64618479e+02 
 1.33352143e+00  1.63753900e+02 
 1.41253754e+00  1.62846317e+02 
 1.49623566e+00  1.61894548e+02 
 1.58489319e+00  1.60897544e+02 
 1.67880402e+00  1.59854420e+02 
 1.77827941e+00  1.58764491e+02 
 1.88364909e+00  1.57627303e+02 
 1.99526231e+00  1.56442679e+02 
 2.11348904e+00  1.55210747e+02 
 2.23872114e+00  1.53931988e+02 
 2.37137371e+00  1.52607262e+02 
 2.51188643e+00  1.51237851e+02 
 2.66072506e+00  1.49825478e+02 
 2.81838293e+00  1.48372330e+02 
 2.98538262e+00  1.46881073e+02 
 3.16227766e+00  1.45354845e+02 
 3.34965439e+00  1.43797253e+02 
 3.54813389e+00  1.42212341e+02 
 3.75837404e+00  1.40604556e+02 
 3.98107171e+00  1.38978692e+02 
 4.21696503e+00  1.37339831e+02 
 4.46683592e+00  1.35693261e+02 
 4.73151259e+00  1.34044397e+02 
 5.01187234e+00  1.32398693e+02 
 5.30884444e+00  1.30761549e+02 
 5.62341325e+00  1.29138227e+02 
 5.95662144e+00  1.27533766e+02 
 6.30957344e+00  1.25952911e+02 
 6.68343918e+00  1.24400046e+02 
 7.07945784e+00  1.22879149e+02 
 7.49894209e+00  1.21393752e+02 
 7.94328235e+00  1.19946921e+02 
 8.41395142e+00  1.18541243e+02 
 8.91250938e+00  1.17178832e+02 
 9.44060876e+00  1.15861339e+02 
 1.00000000e+01  1.14589976e+02 
 1.05925373e+01  1.13365540e+02 
 1.12201845e+01  1.12188455e+02 
 1.18850223e+01  1.11058797e+02 
 1.25892541e+01  1.09976342e+02 
 1.33352143e+01  1.08940597e+02 
 1.41253754e+01  1.07950843e+02 
 1.49623566e+01  1.07006167e+02 
 1.58489319e+01  1.06105496e+02 
 1.67880402e+01  1.05247630e+02 
 1.77827941e+01  1.04431267e+02 
 1.88364909e+01  1.03655031e+02 
 1.99526231e+01  1.02917492e+02 
 2.11348904e+01  1.02217185e+02 
 2.23872114e+01  1.01552628e+02 
 2.37137371e+01  1.00922336e+02 
 2.51188643e+01  1.00324832e+02 
 2.66072506e+01  9.97586557e+01 
 2.81838293e+01  9.92223753e+01 
 2.98538262e+01  9.87145898e+01 
 3.16227766e+01  9.82339361e+01 
 3.34965439e+01  9.77790926e+01 
 3.54813389e+01  9.73487817e+01 
 3.75837404e+01  9.69417717e+01 
 3.98107171e+01  9.65568785e+01 
 4.21696503e+01  9.61929657e+01 
 4.46683592e+01  9.58489448e+01 
 4.73151259e+01  9.55237751e+01 
 5.01187234e+01  9.52164629e+01 
 5.30884444e+01  9.49260604e+01 
 5.62341325e+01  9.46516650e+01 
 5.95662144e+01  9.43924176e+01 
 6.30957344e+01  9.41475016e+01 
 6.68343918e+01  9.39161410e+01 
 7.07945784e+01  9.36975992e+01 
 7.49894209e+01  9.34911774e+01 
 7.94328235e+01  9.32962129e+01 
 8.41395142e+01  9.31120774e+01 
 8.91250938e+01  9.29381761e+01 
 9.44060876e+01  9.27739452e+01 
 1.00000000e+02  9.26188513e+01 
 1.05925373e+02  9.24723893e+01 
 1.12201845e+02  9.23340815e+01 
 1.18850223e+02  9.22034759e+01 
 1.25892541e+02  9.20801451e+01 
 1.33352143e+02  9.19636848e+01 
 1.41253754e+02  9.18537128e+01 
 1.49623566e+02  9.17498680e+01 
 1.58489319e+02  9.16518087e+01 
 1.67880402e+02  9.15592123e+01 
 1.77827941e+02  9.14717739e+01 
 1.88364909e+02  9.13892051e+01 
 1.99526231e+02  9.13112337e+01 
 2.11348904e+02  9.12376024e+01 
 2.23872114e+02  9.11680682e+01 
 2.37137371e+02  9.11024012e+01 
 2.51188643e+02  9.10403847e+01 
 2.66072506e+02  9.09818135e+01 
 2.81838293e+02  9.09264941e+01 
 2.98538262e+02  9.08742435e+01 
 3.16227766e+02  9.08248888e+01 
 3.34965439e+02  9.07782667e+01 
 3.54813389e+02  9.07342230e+01 
 3.75837404e+02  9.06926119e+01 
 3.98107171e+02  9.06532956e+01 
 4.21696503e+02  9.06161439e+01 
 4.46683592e+02  9.05810339e+01 
 4.73151259e+02  9.05478492e+01 
 5.01187234e+02  9.05164799e+01 
 5.30884444e+02  9.04868222e+01 
 5.62341325e+02  9.04587777e+01 
 5.95662144e+02  9.04322537e+01 
 6.30957344e+02  9.04071622e+01 
 6.68343918e+02  9.03834201e+01 
 7.07945784e+02  9.03609487e+01 
 7.49894209e+02  9.03396735e+01 
 7.94328235e+02  9.03195241e+01 
 8.41395142e+02  9.03004338e+01 
 8.91250938e+02  9.02823391e+01 
 9.44060876e+02  9.02651803e+01 
 1.00000000e+03  9.02489003e+01 
 1.05925373e+03  9.02334453e+01 
 1.12201845e+03  9.02187640e+01 
 1.18850223e+03  9.02048079e+01 
 1.25892541e+03  9.01915305e+01 
 1.33352143e+03  9.01788880e+01 
 1.41253754e+03  9.01668384e+01 
 1.49623566e+03  9.01553417e+01 
 1.58489319e+03  9.01443600e+01 
 1.67880402e+03  9.01338567e+01 
 1.77827941e+03  9.01237971e+01 
 1.88364909e+03  9.01141479e+01 
 1.99526231e+03  9.01048770e+01 
 2.11348904e+03  9.00959537e+01 
 2.23872114e+03  9.00873484e+01 
 2.37137371e+03  9.00790327e+01 
 2.51188643e+03  9.00709789e+01 
 2.66072506e+03  9.00631604e+01 
 2.81838293e+03  9.00555512e+01 
 2.98538262e+03  9.00481262e+01 
 3.16227766e+03  9.00408607e+01 
 3.34965439e+03  9.00337306e+01 
 3.54813389e+03  9.00267123e+01 
 3.75837404e+03  9.00197826e+01 
 3.98107171e+03  9.00129184e+01 
 4.21696503e+03  9.00060970e+01 
 4.46683592e+03  8.99992959e+01 
 4.73151259e+03  8.99924924e+01 
 5.01187234e+03  8.99856640e+01 
 5.30884444e+03  8.99787881e+01 
 5.62341325e+03  8.99718419e+01 
 5.95662144e+03  8.99648024e+01 
 6.30957344e+03  8.99576462e+01 
 6.68343918e+03  8.99503496e+01 
 7.07945784e+03  8.99428884e+01 
 7.49894209e+03  8.99352379e+01 
 7.94328235e+03  8.99273727e+01 
 8.41395142e+03  8.99192668e+01 
 8.91250938e+03  8.99108933e+01 
 9.44060876e+03  8.99022244e+01 
 1.00000000e+04  8.98932314e+01 
 1.05925373e+04  8.98838845e+01 
 1.12201845e+04  8.98741526e+01 
 1.18850223e+04  8.98640036e+01 
 1.25892541e+04  8.98534038e+01 
 1.33352143e+04  8.98423181e+01 
 1.41253754e+04  8.98307096e+01 
 1.49623566e+04  8.98185400e+01 
 1.58489319e+04  8.98057687e+01 
 1.67880402e+04  8.97923536e+01 
 1.77827941e+04  8.97782502e+01 
 1.88364909e+04  8.97634115e+01 
 1.99526231e+04  8.97477886e+01 
 2.11348904e+04  8.97313294e+01 
 2.23872114e+04  8.97139795e+01 
 2.37137371e+04  8.96956813e+01 
 2.51188643e+04  8.96763741e+01 
 2.66072506e+04  8.96559939e+01 
 2.81838293e+04  8.96344729e+01 
 2.98538262e+04  8.96117398e+01 
 3.16227766e+04  8.95877192e+01 
 3.34965439e+04  8.95623313e+01 
 3.54813389e+04  8.95354919e+01 
 3.75837404e+04  8.95071117e+01 
 3.98107171e+04  8.94770966e+01 
 4.21696503e+04  8.94453467e+01 
 4.46683592e+04  8.94117567e+01 
 4.73151259e+04  8.93762147e+01 
 5.01187234e+04  8.93386027e+01 
 5.30884444e+04  8.92987955e+01 
 5.62341325e+04  8.92566606e+01 
 5.95662144e+04  8.92120576e+01 
 6.30957344e+04  8.91648379e+01 
 6.68343918e+04  8.91148442e+01 
 7.07945784e+04  8.90619095e+01 
 7.49894209e+04  8.90058571e+01 
 7.94328235e+04  8.89464996e+01 
 8.41395142e+04  8.88836384e+01 
 8.91250938e+04  8.88170629e+01 
 9.44060876e+04  8.87465499e+01 
 1.00000000e+05  8.86718624e+01 
 1.05925373e+05  8.85927491e+01 
 1.12201845e+05  8.85089435e+01 
 1.18850223e+05  8.84201623e+01 
 1.25892541e+05  8.83261051e+01 
 1.33352143e+05  8.82264525e+01 
 1.41253754e+05  8.81208654e+01 
 1.49623566e+05  8.80089832e+01 
 1.58489319e+05  8.78904223e+01 
 1.67880402e+05  8.77647748e+01 
 1.77827941e+05  8.76316062e+01 
 1.88364909e+05  8.74904538e+01 
 1.99526231e+05  8.73408243e+01 
 2.11348904e+05  8.71821913e+01 
 2.23872114e+05  8.70139929e+01 
 2.37137371e+05  8.68356282e+01 
 2.51188643e+05  8.66464546e+01 
 2.66072506e+05  8.64457833e+01 
 2.81838293e+05  8.62328756e+01 
 2.98538262e+05  8.60069378e+01 
 3.16227766e+05  8.57671155e+01 
 3.34965439e+05  8.55124876e+01 
 3.54813389e+05  8.52420589e+01 
 3.75837404e+05  8.49547513e+01 
 3.98107171e+05  8.46493946e+01 
 4.21696503e+05  8.43247143e+01 
 4.46683592e+05  8.39793185e+01 
 4.73151259e+05  8.36116815e+01 
 5.01187234e+05  8.32201250e+01 
 5.30884444e+05  8.28027947e+01 
 5.62341325e+05  8.23576333e+01 
 5.95662144e+05  8.18823464e+01 
 6.30957344e+05  8.13743623e+01 
 6.68343918e+05  8.08307819e+01 
 7.07945784e+05  8.02483171e+01 
 7.49894209e+05  7.96232147e+01 
 7.94328235e+05  7.89511610e+01 
 8.41395142e+05  7.82271628e+01 
 8.91250938e+05  7.74453966e+01 
 9.44060876e+05  7.65990167e+01 
 1.00000000e+06  7.56799111e+01 
 1.05925373e+06  7.46783853e+01 
 1.12201845e+06  7.35827543e+01 
 1.18850223e+06  7.23788085e+01 
 1.25892541e+06  7.10491128e+01 
 1.33352143e+06  6.95720784e+01 
 1.41253754e+06  6.79207289e+01 
 1.49623566e+06  6.60610518e+01 
 1.58489319e+06  6.39497955e+01 
 1.67880402e+06  6.15315415e+01 
 1.77827941e+06  5.87348780e+01 
 1.88364909e+06  5.54675892e+01 
 1.99526231e+06  5.16111253e+01 
 2.11348904e+06  4.70156017e+01 
 2.23872114e+06  4.14989657e+01 
 2.37137371e+06  3.48588620e+01 
 2.51188643e+06  2.69132222e+01 
 2.66072506e+06  1.75889789e+01 
 2.81838293e+06  7.05436758e+00 
 2.98538262e+06 -4.18518318e+00 
 3.16227766e+06 -1.53687292e+01 
 3.34965439e+06 -2.57574019e+01 
 3.54813389e+06 -3.48934775e+01 
 3.75837404e+06 -4.26508264e+01 
 3.98107171e+06 -4.91256633e+01 
 4.21696503e+06 -5.45077229e+01 
 4.46683592e+06 -5.89990064e+01 
 4.73151259e+06 -6.27783996e+01 
 5.01187234e+06 -6.59923325e+01 
 5.30884444e+06 -6.87565394e+01 
 5.62341325e+06 -7.11612554e+01 
 5.95662144e+06 -7.32766697e+01 
 6.30957344e+06 -7.51575862e+01 
 6.68343918e+06 -7.68471018e+01 
 7.07945784e+06 -7.83794117e+01 
 7.49894209e+06 -7.97819165e+01 
 7.94328235e+06 -8.10768001e+01 
 8.41395142e+06 -8.22822128e+01 
 8.91250938e+06 -8.34131625e+01 
 9.44060876e+06 -8.44821910e+01 
 1.00000000e+07 -8.54998911e+01 
 1.05925373e+07 -8.64753048e+01 
 1.12201845e+07 -8.74162325e+01 
 1.18850223e+07 -8.83294757e+01 
 1.25892541e+07 -8.92210275e+01 
 1.33352143e+07 -9.00962250e+01 
 1.41253754e+07 -9.09598704e+01 
 1.49623566e+07 -9.18163297e+01 
 1.58489319e+07 -9.26696115e+01 
 1.67880402e+07 -9.35234325e+01 
 1.77827941e+07 -9.43812705e+01 
 1.88364909e+07 -9.52464080e+01 
 1.99526231e+07 -9.61219684e+01 
 2.11348904e+07 -9.70109451e+01 
 2.23872114e+07 -9.79162246e+01 
 2.37137371e+07 -9.88406044e+01 
 2.51188643e+07 -9.97868053e+01 
 2.66072506e+07 -1.00757478e+02 
 2.81838293e+07 -1.01755205e+02 
 2.98538262e+07 -1.02782495e+02 
 3.16227766e+07 -1.03841772e+02 
 3.34965439e+07 -1.04935360e+02 
 3.54813389e+07 -1.06065455e+02 
 3.75837404e+07 -1.07234099e+02 
 3.98107171e+07 -1.08443140e+02 
 4.21696503e+07 -1.09694191e+02 
 4.46683592e+07 -1.10988585e+02 
 4.73151259e+07 -1.12327326e+02 
 5.01187234e+07 -1.13711035e+02 
 5.30884444e+07 -1.15139907e+02 
 5.62341325e+07 -1.16613662e+02 
 5.95662144e+07 -1.18131517e+02 
 6.30957344e+07 -1.19692158e+02 
 6.68343918e+07 -1.21293741e+02 
 7.07945784e+07 -1.22933908e+02 
 7.49894209e+07 -1.24609829e+02 
 7.94328235e+07 -1.26318273e+02 
 8.41395142e+07 -1.28055709e+02 
 8.91250938e+07 -1.29818427e+02 
 9.44060876e+07 -1.31602683e+02 
 1.00000000e+08 -1.33404854e+02 
 1.05925373e+08 -1.35221605e+02 
 1.12201845e+08 -1.37050030e+02 
 1.18850223e+08 -1.38887789e+02 
 1.25892541e+08 -1.40733199e+02 
 1.33352143e+08 -1.42585291e+02 
 1.41253754e+08 -1.44443813e+02 
 1.49623566e+08 -1.46309184e+02 
 1.58489319e+08 -1.48182400e+02 
 1.67880402e+08 -1.50064888e+02 
 1.77827941e+08 -1.51958334e+02 
 1.88364909e+08 -1.53864477e+02 
 1.99526231e+08 -1.55784898e+02 
 2.11348904e+08 -1.57720807e+02 
 2.23872114e+08 -1.59672844e+02 
 2.37137371e+08 -1.61640912e+02 
 2.51188643e+08 -1.63624047e+02 
 2.66072506e+08 -1.65620345e+02 
 2.81838293e+08 -1.67626955e+02 
 2.98538262e+08 -1.69640133e+02 
 3.16227766e+08 -1.71655397e+02 
 3.34965439e+08 -1.73667747e+02 
 3.54813389e+08 -1.75671983e+02 
 3.75837404e+08 -1.77663095e+02 
 3.98107171e+08 -1.79636709e+02 
 4.21696503e+08  1.78410431e+02 
 4.46683592e+08  1.76479981e+02 
 4.73151259e+08  1.74571567e+02 
 5.01187234e+08  1.72682439e+02 
 5.30884444e+08  1.70807247e+02 
 5.62341325e+08  1.68937973e+02 
 5.95662144e+08  1.67064007e+02 
 6.30957344e+08  1.65172365e+02 
 6.68343918e+08  1.63248005e+02 
 7.07945784e+08  1.61274204e+02 
 7.49894209e+08  1.59232945e+02 
 7.94328235e+08  1.57105280e+02 
 8.41395142e+08  1.54871640e+02 
 8.91250938e+08  1.52512100e+02 
 9.44060876e+08  1.50006605e+02 
 1.00000000e+09  1.47335203e+02 
