 1.00000000e+00 -8.61489105e+01 
 1.05925373e+00 -8.61489105e+01 
 1.12201845e+00 -8.61489105e+01 
 1.18850223e+00 -8.61489105e+01 
 1.25892541e+00 -8.61489105e+01 
 1.33352143e+00 -8.61489105e+01 
 1.41253754e+00 -8.61489106e+01 
 1.49623566e+00 -8.61489106e+01 
 1.58489319e+00 -8.61489106e+01 
 1.67880402e+00 -8.61489106e+01 
 1.77827941e+00 -8.61489106e+01 
 1.88364909e+00 -8.61489106e+01 
 1.99526231e+00 -8.61489106e+01 
 2.11348904e+00 -8.61489106e+01 
 2.23872114e+00 -8.61489106e+01 
 2.37137371e+00 -8.61489106e+01 
 2.51188643e+00 -8.61489106e+01 
 2.66072506e+00 -8.61489106e+01 
 2.81838293e+00 -8.61489106e+01 
 2.98538262e+00 -8.61489106e+01 
 3.16227766e+00 -8.61489106e+01 
 3.34965439e+00 -8.61489106e+01 
 3.54813389e+00 -8.61489106e+01 
 3.75837404e+00 -8.61489106e+01 
 3.98107171e+00 -8.61489106e+01 
 4.21696503e+00 -8.61489106e+01 
 4.46683592e+00 -8.61489106e+01 
 4.73151259e+00 -8.61489107e+01 
 5.01187234e+00 -8.61489107e+01 
 5.30884444e+00 -8.61489107e+01 
 5.62341325e+00 -8.61489107e+01 
 5.95662144e+00 -8.61489107e+01 
 6.30957344e+00 -8.61489107e+01 
 6.68343918e+00 -8.61489108e+01 
 7.07945784e+00 -8.61489108e+01 
 7.49894209e+00 -8.61489108e+01 
 7.94328235e+00 -8.61489108e+01 
 8.41395142e+00 -8.61489109e+01 
 8.91250938e+00 -8.61489109e+01 
 9.44060876e+00 -8.61489110e+01 
 1.00000000e+01 -8.61489110e+01 
 1.05925373e+01 -8.61489111e+01 
 1.12201845e+01 -8.61489112e+01 
 1.18850223e+01 -8.61489112e+01 
 1.25892541e+01 -8.61489113e+01 
 1.33352143e+01 -8.61489114e+01 
 1.41253754e+01 -8.61489115e+01 
 1.49623566e+01 -8.61489116e+01 
 1.58489319e+01 -8.61489118e+01 
 1.67880402e+01 -8.61489119e+01 
 1.77827941e+01 -8.61489121e+01 
 1.88364909e+01 -8.61489123e+01 
 1.99526231e+01 -8.61489125e+01 
 2.11348904e+01 -8.61489127e+01 
 2.23872114e+01 -8.61489130e+01 
 2.37137371e+01 -8.61489133e+01 
 2.51188643e+01 -8.61489136e+01 
 2.66072506e+01 -8.61489140e+01 
 2.81838293e+01 -8.61489144e+01 
 2.98538262e+01 -8.61489149e+01 
 3.16227766e+01 -8.61489154e+01 
 3.34965439e+01 -8.61489160e+01 
 3.54813389e+01 -8.61489167e+01 
 3.75837404e+01 -8.61489174e+01 
 3.98107171e+01 -8.61489183e+01 
 4.21696503e+01 -8.61489192e+01 
 4.46683592e+01 -8.61489203e+01 
 4.73151259e+01 -8.61489215e+01 
 5.01187234e+01 -8.61489228e+01 
 5.30884444e+01 -8.61489243e+01 
 5.62341325e+01 -8.61489260e+01 
 5.95662144e+01 -8.61489278e+01 
 6.30957344e+01 -8.61489300e+01 
 6.68343918e+01 -8.61489323e+01 
 7.07945784e+01 -8.61489350e+01 
 7.49894209e+01 -8.61489380e+01 
 7.94328235e+01 -8.61489413e+01 
 8.41395142e+01 -8.61489451e+01 
 8.91250938e+01 -8.61489493e+01 
 9.44060876e+01 -8.61489540e+01 
 1.00000000e+02 -8.61489593e+01 
 1.05925373e+02 -8.61489653e+01 
 1.12201845e+02 -8.61489719e+01 
 1.18850223e+02 -8.61489794e+01 
 1.25892541e+02 -8.61489878e+01 
 1.33352143e+02 -8.61489973e+01 
 1.41253754e+02 -8.61490079e+01 
 1.49623566e+02 -8.61490197e+01 
 1.58489319e+02 -8.61490330e+01 
 1.67880402e+02 -8.61490480e+01 
 1.77827941e+02 -8.61490648e+01 
 1.88364909e+02 -8.61490836e+01 
 1.99526231e+02 -8.61491047e+01 
 2.11348904e+02 -8.61491284e+01 
 2.23872114e+02 -8.61491549e+01 
 2.37137371e+02 -8.61491848e+01 
 2.51188643e+02 -8.61492182e+01 
 2.66072506e+02 -8.61492557e+01 
 2.81838293e+02 -8.61492978e+01 
 2.98538262e+02 -8.61493451e+01 
 3.16227766e+02 -8.61493981e+01 
 3.34965439e+02 -8.61494575e+01 
 3.54813389e+02 -8.61495242e+01 
 3.75837404e+02 -8.61495991e+01 
 3.98107171e+02 -8.61496830e+01 
 4.21696503e+02 -8.61497772e+01 
 4.46683592e+02 -8.61498828e+01 
 4.73151259e+02 -8.61500014e+01 
 5.01187234e+02 -8.61501343e+01 
 5.30884444e+02 -8.61502834e+01 
 5.62341325e+02 -8.61504507e+01 
 5.95662144e+02 -8.61506383e+01 
 6.30957344e+02 -8.61508487e+01 
 6.68343918e+02 -8.61510847e+01 
 7.07945784e+02 -8.61513494e+01 
 7.49894209e+02 -8.61516462e+01 
 7.94328235e+02 -8.61519790e+01 
 8.41395142e+02 -8.61523522e+01 
 8.91250938e+02 -8.61527705e+01 
 9.44060876e+02 -8.61532396e+01 
 1.00000000e+03 -8.61537653e+01 
 1.05925373e+03 -8.61543545e+01 
 1.12201845e+03 -8.61550148e+01 
 1.18850223e+03 -8.61557547e+01 
 1.25892541e+03 -8.61565835e+01 
 1.33352143e+03 -8.61575119e+01 
 1.41253754e+03 -8.61585515e+01 
 1.49623566e+03 -8.61597153e+01 
 1.58489319e+03 -8.61610179e+01 
 1.67880402e+03 -8.61624754e+01 
 1.77827941e+03 -8.61641055e+01 
 1.88364909e+03 -8.61659280e+01 
 1.99526231e+03 -8.61679647e+01 
 2.11348904e+03 -8.61702396e+01 
 2.23872114e+03 -8.61727789e+01 
 2.37137371e+03 -8.61756117e+01 
 2.51188643e+03 -8.61787694e+01 
 2.66072506e+03 -8.61822862e+01 
 2.81838293e+03 -8.61861991e+01 
 2.98538262e+03 -8.61905477e+01 
 3.16227766e+03 -8.61953742e+01 
 3.34965439e+03 -8.62007231e+01 
 3.54813389e+03 -8.62066405e+01 
 3.75837404e+03 -8.62131735e+01 
 3.98107171e+03 -8.62203693e+01 
 4.21696503e+03 -8.62282729e+01 
 4.46683592e+03 -8.62369253e+01 
 4.73151259e+03 -8.62463606e+01 
 5.01187234e+03 -8.62566013e+01 
 5.30884444e+03 -8.62676529e+01 
 5.62341325e+03 -8.62794965e+01 
 5.95662144e+03 -8.62920788e+01 
 6.30957344e+03 -8.63052992e+01 
 6.68343918e+03 -8.63189926e+01 
 7.07945784e+03 -8.63329080e+01 
 7.49894209e+03 -8.63466795e+01 
 7.94328235e+03 -8.63597906e+01 
 8.41395142e+03 -8.63715279e+01 
 8.91250938e+03 -8.63809240e+01 
 9.44060876e+03 -8.63866861e+01 
 1.00000000e+04 -8.63871105e+01 
 1.05925373e+04 -8.63799821e+01 
 1.12201845e+04 -8.63624615e+01 
 1.18850223e+04 -8.63309659e+01 
 1.25892541e+04 -8.62810577e+01 
 1.33352143e+04 -8.62073617e+01 
 1.41253754e+04 -8.61035444e+01 
 1.49623566e+04 -8.59623974e+01 
 1.58489319e+04 -8.57760708e+01 
 1.67880402e+04 -8.55364915e+01 
 1.77827941e+04 -8.52359680e+01 
 1.88364909e+04 -8.48679297e+01 
 1.99526231e+04 -8.44276815e+01 
 2.11348904e+04 -8.39130126e+01 
 2.23872114e+04 -8.33245032e+01 
 2.37137371e+04 -8.26654444e+01 
 2.51188643e+04 -8.19413927e+01 
 2.66072506e+04 -8.11594819e+01 
 2.81838293e+04 -8.03276568e+01 
 2.98538262e+04 -7.94539786e+01 
 3.16227766e+04 -7.85460926e+01 
 3.34965439e+04 -7.76108881e+01 
 3.54813389e+04 -7.66543317e+01 
 3.75837404e+04 -7.56814320e+01 
 3.98107171e+04 -7.46962899e+01 
 4.21696503e+04 -7.37021975e+01 
 4.46683592e+04 -7.27017545e+01 
 4.73151259e+04 -7.16969860e+01 
 5.01187234e+04 -7.06894522e+01 
 5.30884444e+04 -6.96803424e+01 
 5.62341325e+04 -6.86705556e+01 
 5.95662144e+04 -6.76607666e+01 
 6.30957344e+04 -6.66514781e+01 
 6.68343918e+04 -6.56430644e+01 
 7.07945784e+04 -6.46358040e+01 
 7.49894209e+04 -6.36299060e+01 
 7.94328235e+04 -6.26255311e+01 
 8.41395142e+04 -6.16228072e+01 
 8.91250938e+04 -6.06218425e+01 
 9.44060876e+04 -5.96227346e+01 
 1.00000000e+05 -5.86255793e+01 
 1.05925373e+05 -5.76304758e+01 
 1.12201845e+05 -5.66375321e+01 
 1.18850223e+05 -5.56468691e+01 
 1.25892541e+05 -5.46586238e+01 
 1.33352143e+05 -5.36729520e+01 
 1.41253754e+05 -5.26900305e+01 
 1.49623566e+05 -5.17100596e+01 
 1.58489319e+05 -5.07332643e+01 
 1.67880402e+05 -4.97598955e+01 
 1.77827941e+05 -4.87902316e+01 
 1.88364909e+05 -4.78245788e+01 
 1.99526231e+05 -4.68632711e+01 
 2.11348904e+05 -4.59066704e+01 
 2.23872114e+05 -4.49551655e+01 
 2.37137371e+05 -4.40091702e+01 
 2.51188643e+05 -4.30691211e+01 
 2.66072506e+05 -4.21354738e+01 
 2.81838293e+05 -4.12086983e+01 
 2.98538262e+05 -4.02892734e+01 
 3.16227766e+05 -3.93776790e+01 
 3.34965439e+05 -3.84743874e+01 
 3.54813389e+05 -3.75798534e+01 
 3.75837404e+05 -3.66945025e+01 
 3.98107171e+05 -3.58187180e+01 
 4.21696503e+05 -3.49528269e+01 
 4.46683592e+05 -3.40970848e+01 
 4.73151259e+05 -3.32516600e+01 
 5.01187234e+05 -3.24166177e+01 
 5.30884444e+05 -3.15919038e+01 
 5.62341325e+05 -3.07773286e+01 
 5.95662144e+05 -2.99725521e+01 
 6.30957344e+05 -2.91770685e+01 
 6.68343918e+05 -2.83901920e+01 
 7.07945784e+05 -2.76110428e+01 
 7.49894209e+05 -2.68385323e+01 
 7.94328235e+05 -2.60713471e+01 
 8.41395142e+05 -2.53079310e+01 
 8.91250938e+05 -2.45464627e+01 
 9.44060876e+05 -2.37848267e+01 
 1.00000000e+06 -2.30205766e+01 
 1.05925373e+06 -2.22508841e+01 
 1.12201845e+06 -2.14724724e+01 
 1.18850223e+06 -2.06815238e+01 
 1.25892541e+06 -1.98735545e+01 
 1.33352143e+06 -1.90432416e+01 
 1.41253754e+06 -1.81841819e+01 
 1.49623566e+06 -1.72885492e+01 
 1.58489319e+06 -1.63465989e+01 
 1.67880402e+06 -1.53459332e+01 
 1.77827941e+06 -1.42703758e+01 
 1.88364909e+06 -1.30981847e+01 
 1.99526231e+06 -1.17990796e+01 
 2.11348904e+06 -1.03290121e+01 
 2.23872114e+06 -8.62030241e+00 
 2.37137371e+06 -6.56134484e+00 
 2.51188643e+06 -3.95016624e+00 
 2.66072506e+06 -3.77029831e-01 
 2.81838293e+06  4.96427244e+00 
 2.98538262e+06  8.39589710e+00 
 3.16227766e+06  2.55549483e+00 
 3.34965439e+06 -1.89383265e+00 
 3.54813389e+06 -4.94689282e+00 
 3.75837404e+06 -7.24285245e+00 
 3.98107171e+06 -9.08311975e+00 
 4.21696503e+06 -1.06232477e+01 
 4.46683592e+06 -1.19525229e+01 
 4.73151259e+06 -1.31265413e+01 
 5.01187234e+06 -1.41821092e+01 
 5.30884444e+06 -1.51447661e+01 
 5.62341325e+06 -1.60328969e+01 
 5.95662144e+06 -1.68601270e+01 
 6.30957344e+06 -1.76367921e+01 
 6.68343918e+06 -1.83708800e+01 
 7.07945784e+06 -1.90686551e+01 
 7.49894209e+06 -1.97350865e+01 
 7.94328235e+06 -2.03741485e+01 
 8.41395142e+06 -2.09890368e+01 
 8.91250938e+06 -2.15823275e+01 
 9.44060876e+06 -2.21560950e+01 
 1.00000000e+07 -2.27120031e+01 
 1.05925373e+07 -2.32513742e+01 
 1.12201845e+07 -2.37752443e+01 
 1.18850223e+07 -2.42844079e+01 
 1.25892541e+07 -2.47794531e+01 
 1.33352143e+07 -2.52607931e+01 
 1.41253754e+07 -2.57286918e+01 
 1.49623566e+07 -2.61832875e+01 
 1.58489319e+07 -2.66246142e+01 
 1.67880402e+07 -2.70526218e+01 
 1.77827941e+07 -2.74671958e+01 
 1.88364909e+07 -2.78681759e+01 
 1.99526231e+07 -2.82553749e+01 
 2.11348904e+07 -2.86285970e+01 
 2.23872114e+07 -2.89876555e+01 
 2.37137371e+07 -2.93323899e+01 
 2.51188643e+07 -2.96626811e+01 
 2.66072506e+07 -2.99784650e+01 
 2.81838293e+07 -3.02797440e+01 
 2.98538262e+07 -3.05665946e+01 
 3.16227766e+07 -3.08391724e+01 
 3.34965439e+07 -3.10977130e+01 
 3.54813389e+07 -3.13425295e+01 
 3.75837404e+07 -3.15740060e+01 
 3.98107171e+07 -3.17925884e+01 
 4.21696503e+07 -3.19987726e+01 
 4.46683592e+07 -3.21930908e+01 
 4.73151259e+07 -3.23760967e+01 
 5.01187234e+07 -3.25483512e+01 
 5.30884444e+07 -3.27104085e+01 
 5.62341325e+07 -3.28628041e+01 
 5.95662144e+07 -3.30060448e+01 
 6.30957344e+07 -3.31406017e+01 
 6.68343918e+07 -3.32669064e+01 
 7.07945784e+07 -3.33853498e+01 
 7.49894209e+07 -3.34962846e+01 
 7.94328235e+07 -3.36000294e+01 
 8.41395142e+07 -3.36968758e+01 
 8.91250938e+07 -3.37870955e+01 
 9.44060876e+07 -3.38709488e+01 
 1.00000000e+08 -3.39486917e+01 
 1.05925373e+08 -3.40205827e+01 
 1.12201845e+08 -3.40868865e+01 
 1.18850223e+08 -3.41478777e+01 
 1.25892541e+08 -3.42038402e+01 
 1.33352143e+08 -3.42550662e+01 
 1.41253754e+08 -3.43018534e+01 
 1.49623566e+08 -3.43445008e+01 
 1.58489319e+08 -3.43833041e+01 
 1.67880402e+08 -3.44185513e+01 
 1.77827941e+08 -3.44505182e+01 
 1.88364909e+08 -3.44794656e+01 
 1.99526231e+08 -3.45056363e+01 
 2.11348904e+08 -3.45292541e+01 
 2.23872114e+08 -3.45505235e+01 
 2.37137371e+08 -3.45696308e+01 
 2.51188643e+08 -3.45867459e+01 
 2.66072506e+08 -3.46020251e+01 
 2.81838293e+08 -3.46156143e+01 
 2.98538262e+08 -3.46276525e+01 
 3.16227766e+08 -3.46382748e+01 
 3.34965439e+08 -3.46476156e+01 
 3.54813389e+08 -3.46558099e+01 
 3.75837404e+08 -3.46629944e+01 
 3.98107171e+08 -3.46693068e+01 
 4.21696503e+08 -3.46748839e+01 
 4.46683592e+08 -3.46798589e+01 
 4.73151259e+08 -3.46843579e+01 
 5.01187234e+08 -3.46884959e+01 
 5.30884444e+08 -3.46923738e+01 
 5.62341325e+08 -3.46960755e+01 
 5.95662144e+08 -3.46996666e+01 
 6.30957344e+08 -3.47031946e+01 
 6.68343918e+08 -3.47066891e+01 
 7.07945784e+08 -3.47101647e+01 
 7.49894209e+08 -3.47136231e+01 
 7.94328235e+08 -3.47170565e+01 
 8.41395142e+08 -3.47204507e+01 
 8.91250938e+08 -3.47237873e+01 
 9.44060876e+08 -3.47270471e+01 
 1.00000000e+09 -3.47302109e+01 
