 1.00000000e+00  1.08111680e+02 
 1.05925373e+00  1.07611793e+02 
 1.12201845e+00  1.07111895e+02 
 1.18850223e+00  1.06611985e+02 
 1.25892541e+00  1.06112065e+02 
 1.33352143e+00  1.05612137e+02 
 1.41253754e+00  1.05112201e+02 
 1.49623566e+00  1.04612258e+02 
 1.58489319e+00  1.04112308e+02 
 1.67880402e+00  1.03612354e+02 
 1.77827941e+00  1.03112394e+02 
 1.88364909e+00  1.02612430e+02 
 1.99526231e+00  1.02112462e+02 
 2.11348904e+00  1.01612490e+02 
 2.23872114e+00  1.01112516e+02 
 2.37137371e+00  1.00612538e+02 
 2.51188643e+00  1.00112559e+02 
 2.66072506e+00  9.96125766e+01 
 2.81838293e+00  9.91125926e+01 
 2.98538262e+00  9.86126069e+01 
 3.16227766e+00  9.81126197e+01 
 3.34965439e+00  9.76126310e+01 
 3.54813389e+00  9.71126411e+01 
 3.75837404e+00  9.66126502e+01 
 3.98107171e+00  9.61126582e+01 
 4.21696503e+00  9.56126654e+01 
 4.46683592e+00  9.51126718e+01 
 4.73151259e+00  9.46126774e+01 
 5.01187234e+00  9.41126825e+01 
 5.30884444e+00  9.36126870e+01 
 5.62341325e+00  9.31126911e+01 
 5.95662144e+00  9.26126947e+01 
 6.30957344e+00  9.21126979e+01 
 6.68343918e+00  9.16127007e+01 
 7.07945784e+00  9.11127033e+01 
 7.49894209e+00  9.06127055e+01 
 7.94328235e+00  9.01127076e+01 
 8.41395142e+00  8.96127094e+01 
 8.91250938e+00  8.91127110e+01 
 9.44060876e+00  8.86127124e+01 
 1.00000000e+01  8.81127137e+01 
 1.05925373e+01  8.76127148e+01 
 1.12201845e+01  8.71127158e+01 
 1.18850223e+01  8.66127167e+01 
 1.25892541e+01  8.61127175e+01 
 1.33352143e+01  8.56127182e+01 
 1.41253754e+01  8.51127189e+01 
 1.49623566e+01  8.46127194e+01 
 1.58489319e+01  8.41127199e+01 
 1.67880402e+01  8.36127204e+01 
 1.77827941e+01  8.31127208e+01 
 1.88364909e+01  8.26127212e+01 
 1.99526231e+01  8.21127215e+01 
 2.11348904e+01  8.16127218e+01 
 2.23872114e+01  8.11127220e+01 
 2.37137371e+01  8.06127223e+01 
 2.51188643e+01  8.01127225e+01 
 2.66072506e+01  7.96127226e+01 
 2.81838293e+01  7.91127228e+01 
 2.98538262e+01  7.86127229e+01 
 3.16227766e+01  7.81127231e+01 
 3.34965439e+01  7.76127232e+01 
 3.54813389e+01  7.71127233e+01 
 3.75837404e+01  7.66127234e+01 
 3.98107171e+01  7.61127235e+01 
 4.21696503e+01  7.56127235e+01 
 4.46683592e+01  7.51127236e+01 
 4.73151259e+01  7.46127237e+01 
 5.01187234e+01  7.41127237e+01 
 5.30884444e+01  7.36127238e+01 
 5.62341325e+01  7.31127238e+01 
 5.95662144e+01  7.26127238e+01 
 6.30957344e+01  7.21127239e+01 
 6.68343918e+01  7.16127239e+01 
 7.07945784e+01  7.11127239e+01 
 7.49894209e+01  7.06127240e+01 
 7.94328235e+01  7.01127240e+01 
 8.41395142e+01  6.96127240e+01 
 8.91250938e+01  6.91127240e+01 
 9.44060876e+01  6.86127240e+01 
 1.00000000e+02  6.81127241e+01 
 1.05925373e+02  6.76127241e+01 
 1.12201845e+02  6.71127241e+01 
 1.18850223e+02  6.66127241e+01 
 1.25892541e+02  6.61127241e+01 
 1.33352143e+02  6.56127242e+01 
 1.41253754e+02  6.51127242e+01 
 1.49623566e+02  6.46127242e+01 
 1.58489319e+02  6.41127242e+01 
 1.67880402e+02  6.36127242e+01 
 1.77827941e+02  6.31127243e+01 
 1.88364909e+02  6.26127243e+01 
 1.99526231e+02  6.21127243e+01 
 2.11348904e+02  6.16127244e+01 
 2.23872114e+02  6.11127244e+01 
 2.37137371e+02  6.06127244e+01 
 2.51188643e+02  6.01127245e+01 
 2.66072506e+02  5.96127245e+01 
 2.81838293e+02  5.91127246e+01 
 2.98538262e+02  5.86127246e+01 
 3.16227766e+02  5.81127247e+01 
 3.34965439e+02  5.76127248e+01 
 3.54813389e+02  5.71127249e+01 
 3.75837404e+02  5.66127250e+01 
 3.98107171e+02  5.61127251e+01 
 4.21696503e+02  5.56127252e+01 
 4.46683592e+02  5.51127253e+01 
 4.73151259e+02  5.46127255e+01 
 5.01187234e+02  5.41127257e+01 
 5.30884444e+02  5.36127259e+01 
 5.62341325e+02  5.31127261e+01 
 5.95662144e+02  5.26127263e+01 
 6.30957344e+02  5.21127266e+01 
 6.68343918e+02  5.16127269e+01 
 7.07945784e+02  5.11127272e+01 
 7.49894209e+02  5.06127276e+01 
 7.94328235e+02  5.01127280e+01 
 8.41395142e+02  4.96127285e+01 
 8.91250938e+02  4.91127290e+01 
 9.44060876e+02  4.86127296e+01 
 1.00000000e+03  4.81127303e+01 
 1.05925373e+03  4.76127311e+01 
 1.12201845e+03  4.71127319e+01 
 1.18850223e+03  4.66127329e+01 
 1.25892541e+03  4.61127339e+01 
 1.33352143e+03  4.56127351e+01 
 1.41253754e+03  4.51127365e+01 
 1.49623566e+03  4.46127380e+01 
 1.58489319e+03  4.41127397e+01 
 1.67880402e+03  4.36127416e+01 
 1.77827941e+03  4.31127437e+01 
 1.88364909e+03  4.26127461e+01 
 1.99526231e+03  4.21127488e+01 
 2.11348904e+03  4.16127518e+01 
 2.23872114e+03  4.11127552e+01 
 2.37137371e+03  4.06127590e+01 
 2.51188643e+03  4.01127633e+01 
 2.66072506e+03  3.96127681e+01 
 2.81838293e+03  3.91127734e+01 
 2.98538262e+03  3.86127794e+01 
 3.16227766e+03  3.81127862e+01 
 3.34965439e+03  3.76127938e+01 
 3.54813389e+03  3.71128023e+01 
 3.75837404e+03  3.66128118e+01 
 3.98107171e+03  3.61128225e+01 
 4.21696503e+03  3.56128345e+01 
 4.46683592e+03  3.51128480e+01 
 4.73151259e+03  3.46128631e+01 
 5.01187234e+03  3.41128800e+01 
 5.30884444e+03  3.36128991e+01 
 5.62341325e+03  3.31129204e+01 
 5.95662144e+03  3.26129444e+01 
 6.30957344e+03  3.21129712e+01 
 6.68343918e+03  3.16130014e+01 
 7.07945784e+03  3.11130352e+01 
 7.49894209e+03  3.06130732e+01 
 7.94328235e+03  3.01131158e+01 
 8.41395142e+03  2.96131636e+01 
 8.91250938e+03  2.91132172e+01 
 9.44060876e+03  2.86132774e+01 
 1.00000000e+04  2.81133449e+01 
 1.05925373e+04  2.76134206e+01 
 1.12201845e+04  2.71135056e+01 
 1.18850223e+04  2.66136010e+01 
 1.25892541e+04  2.61137079e+01 
 1.33352143e+04  2.56138280e+01 
 1.41253754e+04  2.51139627e+01 
 1.49623566e+04  2.46141138e+01 
 1.58489319e+04  2.41142834e+01 
 1.67880402e+04  2.36144736e+01 
 1.77827941e+04  2.31146871e+01 
 1.88364909e+04  2.26149266e+01 
 1.99526231e+04  2.21151953e+01 
 2.11348904e+04  2.16154968e+01 
 2.23872114e+04  2.11158351e+01 
 2.37137371e+04  2.06162147e+01 
 2.51188643e+04  2.01166406e+01 
 2.66072506e+04  1.96171184e+01 
 2.81838293e+04  1.91176546e+01 
 2.98538262e+04  1.86182561e+01 
 3.16227766e+04  1.81189310e+01 
 3.34965439e+04  1.76196883e+01 
 3.54813389e+04  1.71205379e+01 
 3.75837404e+04  1.66214912e+01 
 3.98107171e+04  1.61225607e+01 
 4.21696503e+04  1.56237607e+01 
 4.46683592e+04  1.51251070e+01 
 4.73151259e+04  1.46266175e+01 
 5.01187234e+04  1.41283122e+01 
 5.30884444e+04  1.36302136e+01 
 5.62341325e+04  1.31323467e+01 
 5.95662144e+04  1.26347400e+01 
 6.30957344e+04  1.21374250e+01 
 6.68343918e+04  1.16404372e+01 
 7.07945784e+04  1.11438166e+01 
 7.49894209e+04  1.06476078e+01 
 7.94328235e+04  1.01518608e+01 
 8.41395142e+04  9.65663196e+00 
 8.91250938e+04  9.16198415e+00 
 9.44060876e+04  8.66798802e+00 
 1.00000000e+05  8.17472273e+00 
 1.05925373e+05  7.68227701e+00 
 1.12201845e+05  7.19075028e+00 
 1.18850223e+05  6.70025399e+00 
 1.25892541e+05  6.21091297e+00 
 1.33352143e+05  5.72286707e+00 
 1.41253754e+05  5.23627291e+00 
 1.49623566e+05  4.75130587e+00 
 1.58489319e+05  4.26816229e+00 
 1.67880402e+05  3.78706189e+00 
 1.77827941e+05  3.30825051e+00 
 1.88364909e+05  2.83200312e+00 
 1.99526231e+05  2.35862715e+00 
 2.11348904e+05  1.88846616e+00 
 2.23872114e+05  1.42190396e+00 
 2.37137371e+05  9.59369074e-01 
 2.51188643e+05  5.01339712e-01 
 2.66072506e+05  4.83491795e-02 
 2.81838293e+05 -3.99008158e-01 
 2.98538262e+05 -8.40070367e-01 
 3.16227766e+05 -1.27410086e+00 
 3.34965439e+05 -1.70028068e+00 
 3.54813389e+05 -2.11770016e+00 
 3.75837404e+05 -2.52534989e+00 
 3.98107171e+05 -2.92211103e+00 
 4.21696503e+05 -3.30674486e+00 
 4.46683592e+05 -3.67788167e+00 
 4.73151259e+05 -4.03400888e+00 
 5.01187234e+05 -4.37345846e+00 
 5.30884444e+05 -4.69439361e+00 
 5.62341325e+05 -4.99479476e+00 
 5.95662144e+05 -5.27244494e+00 
 6.30957344e+05 -5.52491469e+00 
 6.68343918e+05 -5.74954675e+00 
 7.07945784e+05 -5.94344123e+00 
 7.49894209e+05 -6.10344229e+00 
 7.94328235e+05 -6.22612881e+00 
 8.41395142e+05 -6.30781311e+00 
 8.91250938e+05 -6.34455593e+00 
 9.44060876e+05 -6.33221254e+00 
 1.00000000e+06 -6.26653750e+00 
 1.05925373e+06 -6.14339893e+00 
 1.12201845e+06 -5.95919485e+00 
 1.18850223e+06 -5.71163956e+00 
 1.25892541e+06 -5.40121506e+00 
 1.33352143e+06 -5.03377650e+00 
 1.41253754e+06 -4.62500804e+00 
 1.49623566e+06 -4.20733417e+00 
 1.58489319e+06 -3.83847412e+00 
 1.67880402e+06 -3.60615736e+00 
 1.77827941e+06 -3.61597721e+00 
 1.88364909e+06 -3.95150342e+00 
 1.99526231e+06 -4.62621541e+00 
 2.11348904e+06 -5.57490491e+00 
 2.23872114e+06 -6.69459975e+00 
 2.37137371e+06 -7.89096916e+00 
 2.51188643e+06 -9.09844506e+00 
 2.66072506e+06 -1.02789052e+01 
 2.81838293e+06 -1.14133534e+01 
 2.98538262e+06 -1.24942850e+01 
 3.16227766e+06 -1.35205244e+01 
 3.34965439e+06 -1.44941419e+01 
 3.54813389e+06 -1.54187221e+01 
 3.75837404e+06 -1.62984247e+01 
 3.98107171e+06 -1.71374924e+01 
 4.21696503e+06 -1.79400025e+01 
 4.46683592e+06 -1.87097528e+01 
 4.73151259e+06 -1.94502180e+01 
 5.01187234e+06 -2.01645436e+01 
 5.30884444e+06 -2.08555594e+01 
 5.62341325e+06 -2.15258008e+01 
 5.95662144e+06 -2.21775344e+01 
 6.30957344e+06 -2.28127835e+01 
 6.68343918e+06 -2.34333528e+01 
 7.07945784e+06 -2.40408511e+01 
 7.49894209e+06 -2.46367126e+01 
 7.94328235e+06 -2.52222159e+01 
 8.41395142e+06 -2.57985007e+01 
 8.91250938e+06 -2.63665836e+01 
 9.44060876e+06 -2.69273711e+01 
 1.00000000e+07 -2.74816726e+01 
 1.05925373e+07 -2.80302106e+01 
 1.12201845e+07 -2.85736307e+01 
 1.18850223e+07 -2.91125101e+01 
 1.25892541e+07 -2.96473658e+01 
 1.33352143e+07 -3.01786607e+01 
 1.41253754e+07 -3.07068104e+01 
 1.49623566e+07 -3.12321887e+01 
 1.58489319e+07 -3.17551323e+01 
 1.67880402e+07 -3.22759453e+01 
 1.77827941e+07 -3.27949037e+01 
 1.88364909e+07 -3.33122583e+01 
 1.99526231e+07 -3.38282386e+01 
 2.11348904e+07 -3.43430556e+01 
 2.23872114e+07 -3.48569045e+01 
 2.37137371e+07 -3.53699674e+01 
 2.51188643e+07 -3.58824153e+01 
 2.66072506e+07 -3.63944108e+01 
 2.81838293e+07 -3.69061096e+01 
 2.98538262e+07 -3.74176630e+01 
 3.16227766e+07 -3.79292192e+01 
 3.34965439e+07 -3.84409255e+01 
 3.54813389e+07 -3.89529299e+01 
 3.75837404e+07 -3.94653826e+01 
 3.98107171e+07 -3.99784382e+01 
 4.21696503e+07 -4.04922570e+01 
 4.46683592e+07 -4.10070069e+01 
 4.73151259e+07 -4.15228650e+01 
 5.01187234e+07 -4.20400197e+01 
 5.30884444e+07 -4.25586724e+01 
 5.62341325e+07 -4.30790395e+01 
 5.95662144e+07 -4.36013542e+01 
 6.30957344e+07 -4.41258688e+01 
 6.68343918e+07 -4.46528565e+01 
 7.07945784e+07 -4.51826137e+01 
 7.49894209e+07 -4.57154617e+01 
 7.94328235e+07 -4.62517488e+01 
 8.41395142e+07 -4.67918516e+01 
 8.91250938e+07 -4.73361767e+01 
 9.44060876e+07 -4.78851611e+01 
 1.00000000e+08 -4.84392726e+01 
 1.05925373e+08 -4.89990089e+01 
 1.12201845e+08 -4.95648959e+01 
 1.18850223e+08 -5.01374841e+01 
 1.25892541e+08 -5.07173444e+01 
 1.33352143e+08 -5.13050606e+01 
 1.41253754e+08 -5.19012208e+01 
 1.49623566e+08 -5.25064061e+01 
 1.58489319e+08 -5.31211769e+01 
 1.67880402e+08 -5.37460575e+01 
 1.77827941e+08 -5.43815186e+01 
 1.88364909e+08 -5.50279600e+01 
 1.99526231e+08 -5.56856930e+01 
 2.11348904e+08 -5.63549260e+01 
 2.23872114e+08 -5.70357537e+01 
 2.37137371e+08 -5.77281521e+01 
 2.51188643e+08 -5.84319814e+01 
 2.66072506e+08 -5.91469964e+01 
 2.81838293e+08 -5.98728654e+01 
 2.98538262e+08 -6.06091964e+01 
 3.16227766e+08 -6.13555683e+01 
 3.34965439e+08 -6.21115650e+01 
 3.54813389e+08 -6.28768099e+01 
 3.75837404e+08 -6.36509987e+01 
 3.98107171e+08 -6.44339273e+01 
 4.21696503e+08 -6.52255143e+01 
 4.46683592e+08 -6.60258178e+01 
 4.73151259e+08 -6.68350443e+01 
 5.01187234e+08 -6.76535503e+01 
 5.30884444e+08 -6.84818376e+01 
 5.62341325e+08 -6.93205388e+01 
 5.95662144e+08 -7.01703956e+01 
 6.30957344e+08 -7.10322255e+01 
 6.68343918e+08 -7.19068784e+01 
 7.07945784e+08 -7.27951793e+01 
 7.49894209e+08 -7.36978576e+01 
 7.94328235e+08 -7.46154626e+01 
 8.41395142e+08 -7.55482683e+01 
 8.91250938e+08 -7.64961729e+01 
 9.44060876e+08 -7.74586040e+01 
 1.00000000e+09 -7.84344434e+01 
