 1.00000000e+00  9.06854363e+01 
 1.05925373e+00  9.06470954e+01 
 1.12201845e+00  9.06108987e+01 
 1.18850223e+00  9.05767262e+01 
 1.25892541e+00  9.05444648e+01 
 1.33352143e+00  9.05140077e+01 
 1.41253754e+00  9.04852540e+01 
 1.49623566e+00  9.04581083e+01 
 1.58489319e+00  9.04324809e+01 
 1.67880402e+00  9.04082867e+01 
 1.77827941e+00  9.03854457e+01 
 1.88364909e+00  9.03638821e+01 
 1.99526231e+00  9.03435245e+01 
 2.11348904e+00  9.03243054e+01 
 2.23872114e+00  9.03061612e+01 
 2.37137371e+00  9.02890317e+01 
 2.51188643e+00  9.02728601e+01 
 2.66072506e+00  9.02575930e+01 
 2.81838293e+00  9.02431796e+01 
 2.98538262e+00  9.02295722e+01 
 3.16227766e+00  9.02167257e+01 
 3.34965439e+00  9.02045975e+01 
 3.54813389e+00  9.01931475e+01 
 3.75837404e+00  9.01823377e+01 
 3.98107171e+00  9.01721322e+01 
 4.21696503e+00  9.01624973e+01 
 4.46683592e+00  9.01534010e+01 
 4.73151259e+00  9.01448131e+01 
 5.01187234e+00  9.01367052e+01 
 5.30884444e+00  9.01290504e+01 
 5.62341325e+00  9.01218234e+01 
 5.95662144e+00  9.01150002e+01 
 6.30957344e+00  9.01085581e+01 
 6.68343918e+00  9.01024759e+01 
 7.07945784e+00  9.00967333e+01 
 7.49894209e+00  9.00913114e+01 
 7.94328235e+00  9.00861921e+01 
 8.41395142e+00  9.00813585e+01 
 8.91250938e+00  9.00767946e+01 
 9.44060876e+00  9.00724852e+01 
 1.00000000e+01  9.00684161e+01 
 1.05925373e+01  9.00645737e+01 
 1.12201845e+01  9.00609454e+01 
 1.18850223e+01  9.00575191e+01 
 1.25892541e+01  9.00542835e+01 
 1.33352143e+01  9.00512278e+01 
 1.41253754e+01  9.00483418e+01 
 1.49623566e+01  9.00456161e+01 
 1.58489319e+01  9.00430416e+01 
 1.67880402e+01  9.00406098e+01 
 1.77827941e+01  9.00383126e+01 
 1.88364909e+01  9.00361424e+01 
 1.99526231e+01  9.00340919e+01 
 2.11348904e+01  9.00321545e+01 
 2.23872114e+01  9.00303237e+01 
 2.37137371e+01  9.00285933e+01 
 2.51188643e+01  9.00269577e+01 
 2.66072506e+01  9.00254115e+01 
 2.81838293e+01  9.00239495e+01 
 2.98538262e+01  9.00225669e+01 
 3.16227766e+01  9.00212591e+01 
 3.34965439e+01  9.00200218e+01 
 3.54813389e+01  9.00188508e+01 
 3.75837404e+01  9.00177424e+01 
 3.98107171e+01  9.00166927e+01 
 4.21696503e+01  9.00156983e+01 
 4.46683592e+01  9.00147560e+01 
 4.73151259e+01  9.00138626e+01 
 5.01187234e+01  9.00130152e+01 
 5.30884444e+01  9.00122108e+01 
 5.62341325e+01  9.00114470e+01 
 5.95662144e+01  9.00107211e+01 
 6.30957344e+01  9.00100307e+01 
 6.68343918e+01  9.00093736e+01 
 7.07945784e+01  9.00087476e+01 
 7.49894209e+01  9.00081505e+01 
 7.94328235e+01  9.00075805e+01 
 8.41395142e+01  9.00070356e+01 
 8.91250938e+01  9.00065140e+01 
 9.44060876e+01  9.00060140e+01 
 1.00000000e+02  9.00055339e+01 
 1.05925373e+02  9.00050722e+01 
 1.12201845e+02  9.00046273e+01 
 1.18850223e+02  9.00041977e+01 
 1.25892541e+02  9.00037821e+01 
 1.33352143e+02  9.00033790e+01 
 1.41253754e+02  9.00029870e+01 
 1.49623566e+02  9.00026050e+01 
 1.58489319e+02  9.00022316e+01 
 1.67880402e+02  9.00018657e+01 
 1.77827941e+02  9.00015059e+01 
 1.88364909e+02  9.00011510e+01 
 1.99526231e+02  9.00008000e+01 
 2.11348904e+02  9.00004517e+01 
 2.23872114e+02  9.00001048e+01 
 2.37137371e+02  8.99997583e+01 
 2.51188643e+02  8.99994110e+01 
 2.66072506e+02  8.99990618e+01 
 2.81838293e+02  8.99987094e+01 
 2.98538262e+02  8.99983528e+01 
 3.16227766e+02  8.99979907e+01 
 3.34965439e+02  8.99976219e+01 
 3.54813389e+02  8.99972453e+01 
 3.75837404e+02  8.99968595e+01 
 3.98107171e+02  8.99964633e+01 
 4.21696503e+02  8.99960554e+01 
 4.46683592e+02  8.99956344e+01 
 4.73151259e+02  8.99951990e+01 
 5.01187234e+02  8.99947476e+01 
 5.30884444e+02  8.99942788e+01 
 5.62341325e+02  8.99937911e+01 
 5.95662144e+02  8.99932828e+01 
 6.30957344e+02  8.99927522e+01 
 6.68343918e+02  8.99921976e+01 
 7.07945784e+02  8.99916171e+01 
 7.49894209e+02  8.99910089e+01 
 7.94328235e+02  8.99903708e+01 
 8.41395142e+02  8.99897008e+01 
 8.91250938e+02  8.99889967e+01 
 9.44060876e+02  8.99882562e+01 
 1.00000000e+03  8.99874766e+01 
 1.05925373e+03  8.99866556e+01 
 1.12201845e+03  8.99857904e+01 
 1.18850223e+03  8.99848780e+01 
 1.25892541e+03  8.99839156e+01 
 1.33352143e+03  8.99828998e+01 
 1.41253754e+03  8.99818273e+01 
 1.49623566e+03  8.99806946e+01 
 1.58489319e+03  8.99794979e+01 
 1.67880402e+03  8.99782332e+01 
 1.77827941e+03  8.99768964e+01 
 1.88364909e+03  8.99754831e+01 
 1.99526231e+03  8.99739884e+01 
 2.11348904e+03  8.99724076e+01 
 2.23872114e+03  8.99707352e+01 
 2.37137371e+03  8.99689659e+01 
 2.51188643e+03  8.99670937e+01 
 2.66072506e+03  8.99651124e+01 
 2.81838293e+03  8.99630155e+01 
 2.98538262e+03  8.99607960e+01 
 3.16227766e+03  8.99584466e+01 
 3.34965439e+03  8.99559594e+01 
 3.54813389e+03  8.99533262e+01 
 3.75837404e+03  8.99505383e+01 
 3.98107171e+03  8.99475865e+01 
 4.21696503e+03  8.99444609e+01 
 4.46683592e+03  8.99411512e+01 
 4.73151259e+03  8.99376464e+01 
 5.01187234e+03  8.99339350e+01 
 5.30884444e+03  8.99300045e+01 
 5.62341325e+03  8.99258420e+01 
 5.95662144e+03  8.99214337e+01 
 6.30957344e+03  8.99167649e+01 
 6.68343918e+03  8.99118202e+01 
 7.07945784e+03  8.99065832e+01 
 7.49894209e+03  8.99010365e+01 
 7.94328235e+03  8.98951616e+01 
 8.41395142e+03  8.98889392e+01 
 8.91250938e+03  8.98823486e+01 
 9.44060876e+03  8.98753678e+01 
 1.00000000e+04  8.98679739e+01 
 1.05925373e+04  8.98601421e+01 
 1.12201845e+04  8.98518466e+01 
 1.18850223e+04  8.98430597e+01 
 1.25892541e+04  8.98337524e+01 
 1.33352143e+04  8.98238937e+01 
 1.41253754e+04  8.98134509e+01 
 1.49623566e+04  8.98023892e+01 
 1.58489319e+04  8.97906720e+01 
 1.67880402e+04  8.97782603e+01 
 1.77827941e+04  8.97651128e+01 
 1.88364909e+04  8.97511858e+01 
 1.99526231e+04  8.97364329e+01 
 2.11348904e+04  8.97208051e+01 
 2.23872114e+04  8.97042503e+01 
 2.37137371e+04  8.96867133e+01 
 2.51188643e+04  8.96681355e+01 
 2.66072506e+04  8.96484552e+01 
 2.81838293e+04  8.96276063e+01 
 2.98538262e+04  8.96055194e+01 
 3.16227766e+04  8.95821204e+01 
 3.34965439e+04  8.95573310e+01 
 3.54813389e+04  8.95310679e+01 
 3.75837404e+04  8.95032430e+01 
 3.98107171e+04  8.94737625e+01 
 4.21696503e+04  8.94425271e+01 
 4.46683592e+04  8.94094311e+01 
 4.73151259e+04  8.93743626e+01 
 5.01187234e+04  8.93372025e+01 
 5.30884444e+04  8.92978241e+01 
 5.62341325e+04  8.92560929e+01 
 5.95662144e+04  8.92118659e+01 
 6.30957344e+04  8.91649908e+01 
 6.68343918e+04  8.91153055e+01 
 7.07945784e+04  8.90626372e+01 
 7.49894209e+04  8.90068018e+01 
 7.94328235e+04  8.89476031e+01 
 8.41395142e+04  8.88848311e+01 
 8.91250938e+04  8.88182621e+01 
 9.44060876e+04  8.87476561e+01 
 1.00000000e+05  8.86727567e+01 
 1.05925373e+05  8.85932886e+01 
 1.12201845e+05  8.85089566e+01 
 1.18850223e+05  8.84194431e+01 
 1.25892541e+05  8.83244064e+01 
 1.33352143e+05  8.82234776e+01 
 1.41253754e+05  8.81162586e+01 
 1.49623566e+05  8.80023181e+01 
 1.58489319e+05  8.78811882e+01 
 1.67880402e+05  8.77523602e+01 
 1.77827941e+05  8.76152797e+01 
 1.88364909e+05  8.74693407e+01 
 1.99526231e+05  8.73138790e+01 
 2.11348904e+05  8.71481650e+01 
 2.23872114e+05  8.69713941e+01 
 2.37137371e+05  8.67826768e+01 
 2.51188643e+05  8.65810263e+01 
 2.66072506e+05  8.63653438e+01 
 2.81838293e+05  8.61344021e+01 
 2.98538262e+05  8.58868255e+01 
 3.16227766e+05  8.56210658e+01 
 3.34965439e+05  8.53353745e+01 
 3.54813389e+05  8.50277695e+01 
 3.75837404e+05  8.46959945e+01 
 3.98107171e+05  8.43374715e+01 
 4.21696503e+05  8.39492423e+01 
 4.46683592e+05  8.35278986e+01 
 4.73151259e+05  8.30694962e+01 
 5.01187234e+05  8.25694496e+01 
 5.30884444e+05  8.20224025e+01 
 5.62341325e+05  8.14220655e+01 
 5.95662144e+05  8.07610138e+01 
 6.30957344e+05  8.00304288e+01 
 6.68343918e+05  7.92197693e+01 
 7.07945784e+05  7.83163455e+01 
 7.49894209e+05  7.73047626e+01 
 7.94328235e+05  7.61661864e+01 
 8.41395142e+05  7.48773652e+01 
 8.91250938e+05  7.34093134e+01 
 9.44060876e+05  7.17255302e+01 
 1.00000000e+06  6.97795762e+01 
 1.05925373e+06  6.75117853e+01 
 1.12201845e+06  6.48448534e+01 
 1.18850223e+06  6.16781044e+01 
 1.25892541e+06  5.78805718e+01 
 1.33352143e+06  5.32841342e+01 
 1.41253754e+06  4.76808395e+01 
 1.49623566e+06  4.08349969e+01 
 1.58489319e+06  3.25313426e+01 
 1.67880402e+06  2.26868266e+01 
 1.77827941e+06  1.15204360e+01 
 1.88364909e+06 -3.34695829e-01 
 1.99526231e+06 -1.19699774e+01 
 2.11348904e+06 -2.25748429e+01 
 2.23872114e+06 -3.17214524e+01 
 2.37137371e+06 -3.93606881e+01 
 2.51188643e+06 -4.56584381e+01 
 2.66072506e+06 -5.08484688e+01 
 2.81838293e+06 -5.51548549e+01 
 2.98538262e+06 -5.87649777e+01 
 3.16227766e+06 -6.18266384e+01 
 3.34965439e+06 -6.44536421e+01 
 3.54813389e+06 -6.67329984e+01 
 3.75837404e+06 -6.87313483e+01 
 3.98107171e+06 -7.05000626e+01 
 4.21696503e+06 -7.20790936e+01 
 4.46683592e+06 -7.34998276e+01 
 4.73151259e+06 -7.47871836e+01 
 5.01187234e+06 -7.59611590e+01 
 5.30884444e+06 -7.70379736e+01 
 5.62341325e+06 -7.80309218e+01 
 5.95662144e+06 -7.89510128e+01 
 6.30957344e+06 -7.98074554e+01 
 6.68343918e+06 -8.06080287e+01 
 7.07945784e+06 -8.13593669e+01 
 7.49894209e+06 -8.20671820e+01 
 7.94328235e+06 -8.27364367e+01 
 8.41395142e+06 -8.33714820e+01 
 8.91250938e+06 -8.39761665e+01 
 9.44060876e+06 -8.45539234e+01 
 1.00000000e+07 -8.51078421e+01 
 1.05925373e+07 -8.56407249e+01 
 1.12201845e+07 -8.61551347e+01 
 1.18850223e+07 -8.66534338e+01 
 1.25892541e+07 -8.71378163e+01 
 1.33352143e+07 -8.76103354e+01 
 1.41253754e+07 -8.80729260e+01 
 1.49623566e+07 -8.85274244e+01 
 1.58489319e+07 -8.89755848e+01 
 1.67880402e+07 -8.94190937e+01 
 1.77827941e+07 -8.98595826e+01 
 1.88364909e+07 -9.02986386e+01 
 1.99526231e+07 -9.07378139e+01 
 2.11348904e+07 -9.11786346e+01 
 2.23872114e+07 -9.16226082e+01 
 2.37137371e+07 -9.20712301e+01 
 2.51188643e+07 -9.25259895e+01 
 2.66072506e+07 -9.29883750e+01 
 2.81838293e+07 -9.34598793e+01 
 2.98538262e+07 -9.39420030e+01 
 3.16227766e+07 -9.44362585e+01 
 3.34965439e+07 -9.49441729e+01 
 3.54813389e+07 -9.54672901e+01 
 3.75837404e+07 -9.60071730e+01 
 3.98107171e+07 -9.65654042e+01 
 4.21696503e+07 -9.71435859e+01 
 4.46683592e+07 -9.77433399e+01 
 4.73151259e+07 -9.83663050e+01 
 5.01187234e+07 -9.90141346e+01 
 5.30884444e+07 -9.96884921e+01 
 5.62341325e+07 -1.00391045e+02 
 5.95662144e+07 -1.01123456e+02 
 6.30957344e+07 -1.01887374e+02 
 6.68343918e+07 -1.02684424e+02 
 7.07945784e+07 -1.03516185e+02 
 7.49894209e+07 -1.04384180e+02 
 7.94328235e+07 -1.05289848e+02 
 8.41395142e+07 -1.06234525e+02 
 8.91250938e+07 -1.07219410e+02 
 9.44060876e+07 -1.08245535e+02 
 1.00000000e+08 -1.09313732e+02 
 1.05925373e+08 -1.10424592e+02 
 1.12201845e+08 -1.11578426e+02 
 1.18850223e+08 -1.12775226e+02 
 1.25892541e+08 -1.14014622e+02 
 1.33352143e+08 -1.15295849e+02 
 1.41253754e+08 -1.16617719e+02 
 1.49623566e+08 -1.17978599e+02 
 1.58489319e+08 -1.19376413e+02 
 1.67880402e+08 -1.20808650e+02 
 1.77827941e+08 -1.22272414e+02 
 1.88364909e+08 -1.23764485e+02 
 1.99526231e+08 -1.25281424e+02 
 2.11348904e+08 -1.26819705e+02 
 2.23872114e+08 -1.28375876e+02 
 2.37137371e+08 -1.29946749e+02 
 2.51188643e+08 -1.31529598e+02 
 2.66072506e+08 -1.33122354e+02 
 2.81838293e+08 -1.34723781e+02 
 2.98538262e+08 -1.36333608e+02 
 3.16227766e+08 -1.37952598e+02 
 3.34965439e+08 -1.39582543e+02 
 3.54813389e+08 -1.41226169e+02 
 3.75837404e+08 -1.42886968e+02 
 3.98107171e+08 -1.44568949e+02 
 4.21696503e+08 -1.46276346e+02 
 4.46683592e+08 -1.48013297e+02 
 4.73151259e+08 -1.49783516e+02 
 5.01187234e+08 -1.51589988e+02 
 5.30884444e+08 -1.53434685e+02 
 5.62341325e+08 -1.55318318e+02 
 5.95662144e+08 -1.57240125e+02 
 6.30957344e+08 -1.59197679e+02 
 6.68343918e+08 -1.61186734e+02 
 7.07945784e+08 -1.63201106e+02 
 7.49894209e+08 -1.65232614e+02 
 7.94328235e+08 -1.67271108e+02 
 8.41395142e+08 -1.69304643e+02 
 8.91250938e+08 -1.71319842e+02 
 9.44060876e+08 -1.73302489e+02 
 1.00000000e+09 -1.75238392e+02 
