 1.00000000e+00 -5.58447595e+01 
 1.05925373e+00 -5.58447595e+01 
 1.12201845e+00 -5.58447595e+01 
 1.18850223e+00 -5.58447595e+01 
 1.25892541e+00 -5.58447595e+01 
 1.33352143e+00 -5.58447595e+01 
 1.41253754e+00 -5.58447595e+01 
 1.49623566e+00 -5.58447595e+01 
 1.58489319e+00 -5.58447595e+01 
 1.67880402e+00 -5.58447595e+01 
 1.77827941e+00 -5.58447595e+01 
 1.88364909e+00 -5.58447595e+01 
 1.99526231e+00 -5.58447595e+01 
 2.11348904e+00 -5.58447595e+01 
 2.23872114e+00 -5.58447595e+01 
 2.37137371e+00 -5.58447595e+01 
 2.51188643e+00 -5.58447595e+01 
 2.66072506e+00 -5.58447595e+01 
 2.81838293e+00 -5.58447595e+01 
 2.98538262e+00 -5.58447595e+01 
 3.16227766e+00 -5.58447595e+01 
 3.34965439e+00 -5.58447595e+01 
 3.54813389e+00 -5.58447595e+01 
 3.75837404e+00 -5.58447595e+01 
 3.98107171e+00 -5.58447595e+01 
 4.21696503e+00 -5.58447595e+01 
 4.46683592e+00 -5.58447595e+01 
 4.73151259e+00 -5.58447595e+01 
 5.01187234e+00 -5.58447595e+01 
 5.30884444e+00 -5.58447595e+01 
 5.62341325e+00 -5.58447595e+01 
 5.95662144e+00 -5.58447595e+01 
 6.30957344e+00 -5.58447595e+01 
 6.68343918e+00 -5.58447595e+01 
 7.07945784e+00 -5.58447595e+01 
 7.49894209e+00 -5.58447595e+01 
 7.94328235e+00 -5.58447595e+01 
 8.41395142e+00 -5.58447595e+01 
 8.91250938e+00 -5.58447595e+01 
 9.44060876e+00 -5.58447595e+01 
 1.00000000e+01 -5.58447595e+01 
 1.05925373e+01 -5.58447595e+01 
 1.12201845e+01 -5.58447595e+01 
 1.18850223e+01 -5.58447595e+01 
 1.25892541e+01 -5.58447595e+01 
 1.33352143e+01 -5.58447595e+01 
 1.41253754e+01 -5.58447595e+01 
 1.49623566e+01 -5.58447595e+01 
 1.58489319e+01 -5.58447595e+01 
 1.67880402e+01 -5.58447595e+01 
 1.77827941e+01 -5.58447595e+01 
 1.88364909e+01 -5.58447596e+01 
 1.99526231e+01 -5.58447596e+01 
 2.11348904e+01 -5.58447596e+01 
 2.23872114e+01 -5.58447596e+01 
 2.37137371e+01 -5.58447596e+01 
 2.51188643e+01 -5.58447596e+01 
 2.66072506e+01 -5.58447596e+01 
 2.81838293e+01 -5.58447596e+01 
 2.98538262e+01 -5.58447596e+01 
 3.16227766e+01 -5.58447596e+01 
 3.34965439e+01 -5.58447596e+01 
 3.54813389e+01 -5.58447596e+01 
 3.75837404e+01 -5.58447596e+01 
 3.98107171e+01 -5.58447596e+01 
 4.21696503e+01 -5.58447596e+01 
 4.46683592e+01 -5.58447596e+01 
 4.73151259e+01 -5.58447597e+01 
 5.01187234e+01 -5.58447597e+01 
 5.30884444e+01 -5.58447597e+01 
 5.62341325e+01 -5.58447597e+01 
 5.95662144e+01 -5.58447597e+01 
 6.30957344e+01 -5.58447597e+01 
 6.68343918e+01 -5.58447598e+01 
 7.07945784e+01 -5.58447598e+01 
 7.49894209e+01 -5.58447598e+01 
 7.94328235e+01 -5.58447599e+01 
 8.41395142e+01 -5.58447599e+01 
 8.91250938e+01 -5.58447600e+01 
 9.44060876e+01 -5.58447600e+01 
 1.00000000e+02 -5.58447601e+01 
 1.05925373e+02 -5.58447601e+01 
 1.12201845e+02 -5.58447602e+01 
 1.18850223e+02 -5.58447603e+01 
 1.25892541e+02 -5.58447604e+01 
 1.33352143e+02 -5.58447605e+01 
 1.41253754e+02 -5.58447606e+01 
 1.49623566e+02 -5.58447608e+01 
 1.58489319e+02 -5.58447609e+01 
 1.67880402e+02 -5.58447611e+01 
 1.77827941e+02 -5.58447613e+01 
 1.88364909e+02 -5.58447615e+01 
 1.99526231e+02 -5.58447617e+01 
 2.11348904e+02 -5.58447620e+01 
 2.23872114e+02 -5.58447623e+01 
 2.37137371e+02 -5.58447626e+01 
 2.51188643e+02 -5.58447630e+01 
 2.66072506e+02 -5.58447634e+01 
 2.81838293e+02 -5.58447639e+01 
 2.98538262e+02 -5.58447644e+01 
 3.16227766e+02 -5.58447650e+01 
 3.34965439e+02 -5.58447657e+01 
 3.54813389e+02 -5.58447664e+01 
 3.75837404e+02 -5.58447672e+01 
 3.98107171e+02 -5.58447682e+01 
 4.21696503e+02 -5.58447692e+01 
 4.46683592e+02 -5.58447704e+01 
 4.73151259e+02 -5.58447718e+01 
 5.01187234e+02 -5.58447732e+01 
 5.30884444e+02 -5.58447749e+01 
 5.62341325e+02 -5.58447768e+01 
 5.95662144e+02 -5.58447789e+01 
 6.30957344e+02 -5.58447813e+01 
 6.68343918e+02 -5.58447839e+01 
 7.07945784e+02 -5.58447869e+01 
 7.49894209e+02 -5.58447902e+01 
 7.94328235e+02 -5.58447940e+01 
 8.41395142e+02 -5.58447982e+01 
 8.91250938e+02 -5.58448029e+01 
 9.44060876e+02 -5.58448082e+01 
 1.00000000e+03 -5.58448141e+01 
 1.05925373e+03 -5.58448208e+01 
 1.12201845e+03 -5.58448283e+01 
 1.18850223e+03 -5.58448367e+01 
 1.25892541e+03 -5.58448461e+01 
 1.33352143e+03 -5.58448566e+01 
 1.41253754e+03 -5.58448685e+01 
 1.49623566e+03 -5.58448818e+01 
 1.58489319e+03 -5.58448967e+01 
 1.67880402e+03 -5.58449134e+01 
 1.77827941e+03 -5.58449322e+01 
 1.88364909e+03 -5.58449533e+01 
 1.99526231e+03 -5.58449769e+01 
 2.11348904e+03 -5.58450035e+01 
 2.23872114e+03 -5.58450332e+01 
 2.37137371e+03 -5.58450666e+01 
 2.51188643e+03 -5.58451041e+01 
 2.66072506e+03 -5.58451461e+01 
 2.81838293e+03 -5.58451933e+01 
 2.98538262e+03 -5.58452462e+01 
 3.16227766e+03 -5.58453056e+01 
 3.34965439e+03 -5.58453722e+01 
 3.54813389e+03 -5.58454470e+01 
 3.75837404e+03 -5.58455309e+01 
 3.98107171e+03 -5.58456250e+01 
 4.21696503e+03 -5.58457305e+01 
 4.46683592e+03 -5.58458490e+01 
 4.73151259e+03 -5.58459819e+01 
 5.01187234e+03 -5.58461311e+01 
 5.30884444e+03 -5.58462984e+01 
 5.62341325e+03 -5.58464861e+01 
 5.95662144e+03 -5.58466967e+01 
 6.30957344e+03 -5.58469330e+01 
 6.68343918e+03 -5.58471981e+01 
 7.07945784e+03 -5.58474956e+01 
 7.49894209e+03 -5.58478293e+01 
 7.94328235e+03 -5.58482037e+01 
 8.41395142e+03 -5.58486238e+01 
 8.91250938e+03 -5.58490950e+01 
 9.44060876e+03 -5.58496237e+01 
 1.00000000e+04 -5.58502168e+01 
 1.05925373e+04 -5.58508821e+01 
 1.12201845e+04 -5.58516285e+01 
 1.18850223e+04 -5.58524658e+01 
 1.25892541e+04 -5.58534050e+01 
 1.33352143e+04 -5.58544586e+01 
 1.41253754e+04 -5.58556404e+01 
 1.49623566e+04 -5.58569660e+01 
 1.58489319e+04 -5.58584527e+01 
 1.67880402e+04 -5.58601202e+01 
 1.77827941e+04 -5.58619903e+01 
 1.88364909e+04 -5.58640874e+01 
 1.99526231e+04 -5.58664391e+01 
 2.11348904e+04 -5.58690760e+01 
 2.23872114e+04 -5.58720325e+01 
 2.37137371e+04 -5.58753471e+01 
 2.51188643e+04 -5.58790626e+01 
 2.66072506e+04 -5.58832273e+01 
 2.81838293e+04 -5.58878947e+01 
 2.98538262e+04 -5.58931248e+01 
 3.16227766e+04 -5.58989846e+01 
 3.34965439e+04 -5.59055487e+01 
 3.54813389e+04 -5.59129004e+01 
 3.75837404e+04 -5.59211322e+01 
 3.98107171e+04 -5.59303475e+01 
 4.21696503e+04 -5.59406607e+01 
 4.46683592e+04 -5.59521993e+01 
 4.73151259e+04 -5.59651044e+01 
 5.01187234e+04 -5.59795323e+01 
 5.30884444e+04 -5.59956559e+01 
 5.62341325e+04 -5.60136660e+01 
 5.95662144e+04 -5.60337727e+01 
 6.30957344e+04 -5.60562070e+01 
 6.68343918e+04 -5.60812220e+01 
 7.07945784e+04 -5.61090945e+01 
 7.49894209e+04 -5.61401261e+01 
 7.94328235e+04 -5.61746442e+01 
 8.41395142e+04 -5.62130029e+01 
 8.91250938e+04 -5.62555837e+01 
 9.44060876e+04 -5.63027949e+01 
 1.00000000e+05 -5.63550716e+01 
 1.05925373e+05 -5.64128743e+01 
 1.12201845e+05 -5.64766867e+01 
 1.18850223e+05 -5.65470131e+01 
 1.25892541e+05 -5.66243737e+01 
 1.33352143e+05 -5.67092998e+01 
 1.41253754e+05 -5.68023271e+01 
 1.49623566e+05 -5.69039875e+01 
 1.58489319e+05 -5.70148001e+01 
 1.67880402e+05 -5.71352607e+01 
 1.77827941e+05 -5.72658297e+01 
 1.88364909e+05 -5.74069193e+01 
 1.99526231e+05 -5.75588805e+01 
 2.11348904e+05 -5.77219889e+01 
 2.23872114e+05 -5.78964306e+01 
 2.37137371e+05 -5.80822892e+01 
 2.51188643e+05 -5.82795328e+01 
 2.66072506e+05 -5.84880024e+01 
 2.81838293e+05 -5.87074017e+01 
 2.98538262e+05 -5.89372884e+01 
 3.16227766e+05 -5.91770669e+01 
 3.34965439e+05 -5.94259821e+01 
 3.54813389e+05 -5.96831145e+01 
 3.75837404e+05 -5.99473752e+01 
 3.98107171e+05 -6.02175007e+01 
 4.21696503e+05 -6.04920461e+01 
 4.46683592e+05 -6.07693764e+01 
 4.73151259e+05 -6.10476541e+01 
 5.01187234e+05 -6.13248207e+01 
 5.30884444e+05 -6.15985734e+01 
 5.62341325e+05 -6.18663313e+01 
 5.95662144e+05 -6.21251911e+01 
 6.30957344e+05 -6.23718686e+01 
 6.68343918e+05 -6.26026206e+01 
 7.07945784e+05 -6.28131427e+01 
 7.49894209e+05 -6.29984343e+01 
 7.94328235e+05 -6.31526181e+01 
 8.41395142e+05 -6.32686985e+01 
 8.91250938e+05 -6.33382318e+01 
 9.44060876e+05 -6.33508683e+01 
 1.00000000e+06 -6.32937044e+01 
 1.05925373e+06 -6.31503395e+01 
 1.12201845e+06 -6.28994647e+01 
 1.18850223e+06 -6.25126772e+01 
 1.25892541e+06 -6.19509743e+01 
 1.33352143e+06 -6.11589474e+01 
 1.41253754e+06 -6.00551055e+01 
 1.49623566e+06 -5.85175257e+01 
 1.58489319e+06 -5.63816742e+01 
 1.67880402e+06 -5.36455197e+01 
 1.77827941e+06 -5.20280312e+01 
 1.88364909e+06 -5.45350122e+01 
 1.99526231e+06 -5.82678633e+01 
 2.11348904e+06 -6.13918443e+01 
 2.23872114e+06 -6.38809045e+01 
 2.37137371e+06 -6.58933166e+01 
 2.51188643e+06 -6.75483362e+01 
 2.66072506e+06 -6.89266877e+01 
 2.81838293e+06 -7.00846730e+01 
 2.98538262e+06 -7.10635249e+01 
 3.16227766e+06 -7.18947849e+01 
 3.34965439e+06 -7.26033765e+01 
 3.54813389e+06 -7.32094244e+01 
 3.75837404e+06 -7.37293962e+01 
 3.98107171e+06 -7.41768726e+01 
 4.21696503e+06 -7.45631051e+01 
 4.46683592e+06 -7.48974440e+01 
 4.73151259e+06 -7.51876785e+01 
 5.01187234e+06 -7.54403137e+01 
 5.30884444e+06 -7.56607969e+01 
 5.62341325e+06 -7.58537038e+01 
 5.95662144e+06 -7.60228915e+01 
 6.30957344e+06 -7.61716235e+01 
 6.68343918e+06 -7.63026720e+01 
 7.07945784e+06 -7.64184022e+01 
 7.49894209e+06 -7.65208401e+01 
 7.94328235e+06 -7.66117293e+01 
 8.41395142e+06 -7.66925766e+01 
 8.91250938e+06 -7.67646902e+01 
 9.44060876e+06 -7.68292111e+01 
 1.00000000e+07 -7.68871393e+01 
 1.05925373e+07 -7.69393552e+01 
 1.12201845e+07 -7.69866382e+01 
 1.18850223e+07 -7.70296822e+01 
 1.25892541e+07 -7.70691084e+01 
 1.33352143e+07 -7.71054768e+01 
 1.41253754e+07 -7.71392955e+01 
 1.49623566e+07 -7.71710293e+01 
 1.58489319e+07 -7.72011067e+01 
 1.67880402e+07 -7.72299261e+01 
 1.77827941e+07 -7.72578614e+01 
 1.88364909e+07 -7.72852664e+01 
 1.99526231e+07 -7.73124794e+01 
 2.11348904e+07 -7.73398261e+01 
 2.23872114e+07 -7.73676227e+01 
 2.37137371e+07 -7.73961785e+01 
 2.51188643e+07 -7.74257973e+01 
 2.66072506e+07 -7.74567787e+01 
 2.81838293e+07 -7.74894186e+01 
 2.98538262e+07 -7.75240093e+01 
 3.16227766e+07 -7.75608384e+01 
 3.34965439e+07 -7.76001869e+01 
 3.54813389e+07 -7.76423275e+01 
 3.75837404e+07 -7.76875204e+01 
 3.98107171e+07 -7.77360098e+01 
 4.21696503e+07 -7.77880188e+01 
 4.46683592e+07 -7.78437434e+01 
 4.73151259e+07 -7.79033466e+01 
 5.01187234e+07 -7.79669519e+01 
 5.30884444e+07 -7.80346363e+01 
 5.62341325e+07 -7.81064242e+01 
 5.95662144e+07 -7.81822816e+01 
 6.30957344e+07 -7.82621120e+01 
 6.68343918e+07 -7.83457536e+01 
 7.07945784e+07 -7.84329791e+01 
 7.49894209e+07 -7.85234979e+01 
 7.94328235e+07 -7.86169622e+01 
 8.41395142e+07 -7.87129758e+01 
 8.91250938e+07 -7.88111074e+01 
 9.44060876e+07 -7.89109070e+01 
 1.00000000e+08 -7.90119265e+01 
 1.05925373e+08 -7.91137434e+01 
 1.12201845e+08 -7.92159872e+01 
 1.18850223e+08 -7.93183684e+01 
 1.25892541e+08 -7.94207082e+01 
 1.33352143e+08 -7.95229690e+01 
 1.41253754e+08 -7.96252830e+01 
 1.49623566e+08 -7.97279787e+01 
 1.58489319e+08 -7.98316021e+01 
 1.67880402e+08 -7.99369320e+01 
 1.77827941e+08 -8.00449877e+01 
 1.88364909e+08 -8.01570264e+01 
 1.99526231e+08 -8.02745318e+01 
 2.11348904e+08 -8.03991920e+01 
 2.23872114e+08 -8.05328688e+01 
 2.37137371e+08 -8.06775596e+01 
 2.51188643e+08 -8.08353537e+01 
 2.66072506e+08 -8.10083849e+01 
 2.81838293e+08 -8.11987818e+01 
 2.98538262e+08 -8.14086147e+01 
 3.16227766e+08 -8.16398360e+01 
 3.34965439e+08 -8.18942083e+01 
 3.54813389e+08 -8.21732072e+01 
 3.75837404e+08 -8.24778838e+01 
 3.98107171e+08 -8.28086600e+01 
 4.21696503e+08 -8.31650249e+01 
 4.46683592e+08 -8.35450889e+01 
 4.73151259e+08 -8.39449517e+01 
 5.01187234e+08 -8.43578503e+01 
 5.30884444e+08 -8.47731122e+01 
 5.62341325e+08 -8.51750739e+01 
 5.95662144e+08 -8.55423845e+01 
 6.30957344e+08 -8.58484656e+01 
 6.68343918e+08 -8.60641118e+01 
 7.07945784e+08 -8.61627587e+01 
 7.49894209e+08 -8.61274060e+01 
 7.94328235e+08 -8.59562571e+01 
 8.41395142e+08 -8.56638427e+01 
 8.91250938e+08 -8.52768789e+01 
 9.44060876e+08 -8.48273046e+01 
 1.00000000e+09 -8.43459036e+01 
