 1.00000000e+00 -8.86954202e+01 
 1.05925373e+00 -8.86907547e+01 
 1.12201845e+00 -8.86855255e+01 
 1.18850223e+00 -8.86796663e+01 
 1.25892541e+00 -8.86730998e+01 
 1.33352143e+00 -8.86657457e+01 
 1.41253754e+00 -8.86575079e+01 
 1.49623566e+00 -8.86482857e+01 
 1.58489319e+00 -8.86379580e+01 
 1.67880402e+00 -8.86264043e+01 
 1.77827941e+00 -8.86134728e+01 
 1.88364909e+00 -8.85990085e+01 
 1.99526231e+00 -8.85828398e+01 
 2.11348904e+00 -8.85647695e+01 
 2.23872114e+00 -8.85445806e+01 
 2.37137371e+00 -8.85220414e+01 
 2.51188643e+00 -8.84968906e+01 
 2.66072506e+00 -8.84688423e+01 
 2.81838293e+00 -8.84375867e+01 
 2.98538262e+00 -8.84027817e+01 
 3.16227766e+00 -8.83640603e+01 
 3.34965439e+00 -8.83210203e+01 
 3.54813389e+00 -8.82732311e+01 
 3.75837404e+00 -8.82202299e+01 
 3.98107171e+00 -8.81615205e+01 
 4.21696503e+00 -8.80965812e+01 
 4.46683592e+00 -8.80248535e+01 
 4.73151259e+00 -8.79457597e+01 
 5.01187234e+00 -8.78586978e+01 
 5.30884444e+00 -8.77630472e+01 
 5.62341325e+00 -8.76581721e+01 
 5.95662144e+00 -8.75434407e+01 
 6.30957344e+00 -8.74182189e+01 
 6.68343918e+00 -8.72818845e+01 
 7.07945784e+00 -8.71338437e+01 
 7.49894209e+00 -8.69735345e+01 
 7.94328235e+00 -8.68004404e+01 
 8.41395142e+00 -8.66140972e+01 
 8.91250938e+00 -8.64141177e+01 
 9.44060876e+00 -8.62001811e+01 
 1.00000000e+01 -8.59720520e+01 
 1.05925373e+01 -8.57295917e+01 
 1.12201845e+01 -8.54727480e+01 
 1.18850223e+01 -8.52015650e+01 
 1.25892541e+01 -8.49161849e+01 
 1.33352143e+01 -8.46168345e+01 
 1.41253754e+01 -8.43038272e+01 
 1.49623566e+01 -8.39775531e+01 
 1.58489319e+01 -8.36384699e+01 
 1.67880402e+01 -8.32870916e+01 
 1.77827941e+01 -8.29239776e+01 
 1.88364909e+01 -8.25497240e+01 
 1.99526231e+01 -8.21649487e+01 
 2.11348904e+01 -8.17702847e+01 
 2.23872114e+01 -8.13663681e+01 
 2.37137371e+01 -8.09538318e+01 
 2.51188643e+01 -8.05332967e+01 
 2.66072506e+01 -8.01053666e+01 
 2.81838293e+01 -7.96706225e+01 
 2.98538262e+01 -7.92296201e+01 
 3.16227766e+01 -7.87828858e+01 
 3.34965439e+01 -7.83309158e+01 
 3.54813389e+01 -7.78741749e+01 
 3.75837404e+01 -7.74130962e+01 
 3.98107171e+01 -7.69480813e+01 
 4.21696503e+01 -7.64795012e+01 
 4.46683592e+01 -7.60076968e+01 
 4.73151259e+01 -7.55329816e+01 
 5.01187234e+01 -7.50556414e+01 
 5.30884444e+01 -7.45759370e+01 
 5.62341325e+01 -7.40941059e+01 
 5.95662144e+01 -7.36103632e+01 
 6.30957344e+01 -7.31249040e+01 
 6.68343918e+01 -7.26379047e+01 
 7.07945784e+01 -7.21495246e+01 
 7.49894209e+01 -7.16599069e+01 
 7.94328235e+01 -7.11691812e+01 
 8.41395142e+01 -7.06774636e+01 
 8.91250938e+01 -7.01848587e+01 
 9.44060876e+01 -6.96914602e+01 
 1.00000000e+02 -6.91973524e+01 
 1.05925373e+02 -6.87026104e+01 
 1.12201845e+02 -6.82073022e+01 
 1.18850223e+02 -6.77114879e+01 
 1.25892541e+02 -6.72152218e+01 
 1.33352143e+02 -6.67185525e+01 
 1.41253754e+02 -6.62215230e+01 
 1.49623566e+02 -6.57241723e+01 
 1.58489319e+02 -6.52265348e+01 
 1.67880402e+02 -6.47286416e+01 
 1.77827941e+02 -6.42305202e+01 
 1.88364909e+02 -6.37321951e+01 
 1.99526231e+02 -6.32336885e+01 
 2.11348904e+02 -6.27350200e+01 
 2.23872114e+02 -6.22362072e+01 
 2.37137371e+02 -6.17372655e+01 
 2.51188643e+02 -6.12382090e+01 
 2.66072506e+02 -6.07390502e+01 
 2.81838293e+02 -6.02398000e+01 
 2.98538262e+02 -5.97404686e+01 
 3.16227766e+02 -5.92410647e+01 
 3.34965439e+02 -5.87415961e+01 
 3.54813389e+02 -5.82420700e+01 
 3.75837404e+02 -5.77424925e+01 
 3.98107171e+02 -5.72428692e+01 
 4.21696503e+02 -5.67432052e+01 
 4.46683592e+02 -5.62435049e+01 
 4.73151259e+02 -5.57437723e+01 
 5.01187234e+02 -5.52440109e+01 
 5.30884444e+02 -5.47442238e+01 
 5.62341325e+02 -5.42444140e+01 
 5.95662144e+02 -5.37445839e+01 
 6.30957344e+02 -5.32447357e+01 
 6.68343918e+02 -5.27448715e+01 
 7.07945784e+02 -5.22449931e+01 
 7.49894209e+02 -5.17451021e+01 
 7.94328235e+02 -5.12451999e+01 
 8.41395142e+02 -5.07452879e+01 
 8.91250938e+02 -5.02453671e+01 
 9.44060876e+02 -4.97454388e+01 
 1.00000000e+03 -4.92455037e+01 
 1.05925373e+03 -4.87455628e+01 
 1.12201845e+03 -4.82456168e+01 
 1.18850223e+03 -4.77456665e+01 
 1.25892541e+03 -4.72457125e+01 
 1.33352143e+03 -4.67457555e+01 
 1.41253754e+03 -4.62457959e+01 
 1.49623566e+03 -4.57458344e+01 
 1.58489319e+03 -4.52458715e+01 
 1.67880402e+03 -4.47459076e+01 
 1.77827941e+03 -4.42459432e+01 
 1.88364909e+03 -4.37459788e+01 
 1.99526231e+03 -4.32460149e+01 
 2.11348904e+03 -4.27460520e+01 
 2.23872114e+03 -4.22460904e+01 
 2.37137371e+03 -4.17461309e+01 
 2.51188643e+03 -4.12461738e+01 
 2.66072506e+03 -4.07462197e+01 
 2.81838293e+03 -4.02462694e+01 
 2.98538262e+03 -3.97463233e+01 
 3.16227766e+03 -3.92463823e+01 
 3.34965439e+03 -3.87464471e+01 
 3.54813389e+03 -3.82465186e+01 
 3.75837404e+03 -3.77465978e+01 
 3.98107171e+03 -3.72466856e+01 
 4.21696503e+03 -3.67467832e+01 
 4.46683592e+03 -3.62468920e+01 
 4.73151259e+03 -3.57470134e+01 
 5.01187234e+03 -3.52471489e+01 
 5.30884444e+03 -3.47473005e+01 
 5.62341325e+03 -3.42474700e+01 
 5.95662144e+03 -3.37476598e+01 
 6.30957344e+03 -3.32478723e+01 
 6.68343918e+03 -3.27481105e+01 
 7.07945784e+03 -3.22483773e+01 
 7.49894209e+03 -3.17486764e+01 
 7.94328235e+03 -3.12490118e+01 
 8.41395142e+03 -3.07493878e+01 
 8.91250938e+03 -3.02498094e+01 
 9.44060876e+03 -2.97502823e+01 
 1.00000000e+04 -2.92508126e+01 
 1.05925373e+04 -2.87514075e+01 
 1.12201845e+04 -2.82520747e+01 
 1.18850223e+04 -2.77528230e+01 
 1.25892541e+04 -2.72536624e+01 
 1.33352143e+04 -2.67546040e+01 
 1.41253754e+04 -2.62556600e+01 
 1.49623566e+04 -2.57568446e+01 
 1.58489319e+04 -2.52581731e+01 
 1.67880402e+04 -2.47596633e+01 
 1.77827941e+04 -2.42613345e+01 
 1.88364909e+04 -2.37632087e+01 
 1.99526231e+04 -2.32653106e+01 
 2.11348904e+04 -2.27676676e+01 
 2.23872114e+04 -2.22703104e+01 
 2.37137371e+04 -2.17732736e+01 
 2.51188643e+04 -2.12765958e+01 
 2.66072506e+04 -2.07803199e+01 
 2.81838293e+04 -2.02844943e+01 
 2.98538262e+04 -1.97891728e+01 
 3.16227766e+04 -1.92944156e+01 
 3.34965439e+04 -1.88002898e+01 
 3.54813389e+04 -1.83068705e+01 
 3.75837404e+04 -1.78142411e+01 
 3.98107171e+04 -1.73224948e+01 
 4.21696503e+04 -1.68317352e+01 
 4.46683592e+04 -1.63420774e+01 
 4.73151259e+04 -1.58536495e+01 
 5.01187234e+04 -1.53665935e+01 
 5.30884444e+04 -1.48810667e+01 
 5.62341325e+04 -1.43972430e+01 
 5.95662144e+04 -1.39153148e+01 
 6.30957344e+04 -1.34354938e+01 
 6.68343918e+04 -1.29580130e+01 
 7.07945784e+04 -1.24831280e+01 
 7.49894209e+04 -1.20111186e+01 
 7.94328235e+04 -1.15422899e+01 
 8.41395142e+04 -1.10769736e+01 
 8.91250938e+04 -1.06155291e+01 
 9.44060876e+04 -1.01583439e+01 
 1.00000000e+05 -9.70583403e+00 
 1.05925373e+05 -9.25844357e+00 
 1.12201845e+05 -8.81664375e+00 
 1.18850223e+05 -8.38093125e+00 
 1.25892541e+05 -7.95182550e+00 
 1.33352143e+05 -7.52986502e+00 
 1.41253754e+05 -7.11560255e+00 
 1.49623566e+05 -6.70959901e+00 
 1.58489319e+05 -6.31241605e+00 
 1.67880402e+05 -5.92460738e+00 
 1.77827941e+05 -5.54670883e+00 
 1.88364909e+05 -5.17922719e+00 
 1.99526231e+05 -4.82262821e+00 
 2.11348904e+05 -4.47732383e+00 
 2.23872114e+05 -4.14365917e+00 
 2.37137371e+05 -3.82189942e+00 
 2.51188643e+05 -3.51221735e+00 
 2.66072506e+05 -3.21468160e+00 
 2.81838293e+05 -2.92924619e+00 
 2.98538262e+05 -2.65574166e+00 
 3.16227766e+05 -2.39386785e+00 
 3.34965439e+05 -2.14318848e+00 
 3.54813389e+05 -1.90312733e+00 
 3.75837404e+05 -1.67296587e+00 
 3.98107171e+05 -1.45184162e+00 
 4.21696503e+05 -1.23874704e+00 
 4.46683592e+05 -1.03252774e+00 
 4.73151259e+05 -8.31879593e-01 
 5.01187234e+05 -6.35343398e-01 
 5.30884444e+05 -4.41296280e-01 
 5.62341325e+05 -2.47938397e-01 
 5.95662144e+05 -5.32735877e-02 
 6.30957344e+05  1.44917816e-01 
 6.68343918e+05  3.49116198e-01 
 7.07945784e+05  5.62112748e-01 
 7.49894209e+05  7.87076311e-01 
 7.94328235e+05  1.02764233e+00 
 8.41395142e+05  1.28803148e+00 
 8.91250938e+05  1.57320909e+00 
 9.44060876e+05  1.88910156e+00 
 1.00000000e+06  2.24289454e+00 
 1.05925373e+06  2.64345080e+00 
 1.12201845e+06  3.10190756e+00 
 1.18850223e+06  3.63254930e+00 
 1.25892541e+06  4.25411278e+00 
 1.33352143e+06  4.99178022e+00 
 1.41253754e+06  5.88026440e+00 
 1.49623566e+06  6.96850778e+00 
 1.58489319e+06  8.32596386e+00 
 1.67880402e+06  1.00449668e+01 
 1.77827941e+06  1.21958279e+01 
 1.88364909e+06  1.44698055e+01 
 1.99526231e+06  1.50378841e+01 
 2.11348904e+06  1.25839496e+01 
 2.23872114e+06  9.30044424e+00 
 2.37137371e+06  6.35335385e+00 
 2.51188643e+06  3.82658027e+00 
 2.66072506e+06  1.62874981e+00 
 2.81838293e+06 -3.24398731e-01 
 2.98538262e+06 -2.09354383e+00 
 3.16227766e+06 -3.72115462e+00 
 3.34965439e+06 -5.23733191e+00 
 3.54813389e+06 -6.66386669e+00 
 3.75837404e+06 -8.01687203e+00 
 3.98107171e+06 -9.30848769e+00 
 4.21696503e+06 -1.05480036e+01 
 4.46683592e+06 -1.17426172e+01 
 4.73151259e+06 -1.28979566e+01 
 5.01187234e+06 -1.40184497e+01 
 5.30884444e+06 -1.51075913e+01 
 5.62341325e+06 -1.61681401e+01 
 5.95662144e+06 -1.72022667e+01 
 6.30957344e+06 -1.82116688e+01 
 6.68343918e+06 -1.91976603e+01 
 7.07945784e+06 -2.01612446e+01 
 7.49894209e+06 -2.11031733e+01 
 7.94328235e+06 -2.20239967e+01 
 8.41395142e+06 -2.29241059e+01 
 8.91250938e+06 -2.38037699e+01 
 9.44060876e+06 -2.46631672e+01 
 1.00000000e+07 -2.55024141e+01 
 1.05925373e+07 -2.63215882e+01 
 1.12201845e+07 -2.71207487e+01 
 1.18850223e+07 -2.78999538e+01 
 1.25892541e+07 -2.86592726e+01 
 1.33352143e+07 -2.93987953e+01 
 1.41253754e+07 -3.01186390e+01 
 1.49623566e+07 -3.08189498e+01 
 1.58489319e+07 -3.14999026e+01 
 1.67880402e+07 -3.21616978e+01 
 1.77827941e+07 -3.28045558e+01 
 1.88364909e+07 -3.34287105e+01 
 1.99526231e+07 -3.40344009e+01 
 2.11348904e+07 -3.46218633e+01 
 2.23872114e+07 -3.51913234e+01 
 2.37137371e+07 -3.57429895e+01 
 2.51188643e+07 -3.62770464e+01 
 2.66072506e+07 -3.67936522e+01 
 2.81838293e+07 -3.72929361e+01 
 2.98538262e+07 -3.77749989e+01 
 3.16227766e+07 -3.82399158e+01 
 3.34965439e+07 -3.86877416e+01 
 3.54813389e+07 -3.91185175e+01 
 3.75837404e+07 -3.95322800e+01 
 3.98107171e+07 -3.99290712e+01 
 4.21696503e+07 -4.03089505e+01 
 4.46683592e+07 -4.06720056e+01 
 4.73151259e+07 -4.10183645e+01 
 5.01187234e+07 -4.13482063e+01 
 5.30884444e+07 -4.16617706e+01 
 5.62341325e+07 -4.19593656e+01 
 5.95662144e+07 -4.22413733e+01 
 6.30957344e+07 -4.25082530e+01 
 6.68343918e+07 -4.27605425e+01 
 7.07945784e+07 -4.29988557e+01 
 7.49894209e+07 -4.32238792e+01 
 7.94328235e+07 -4.34363664e+01 
 8.41395142e+07 -4.36371297e+01 
 8.91250938e+07 -4.38270320e+01 
 9.44060876e+07 -4.40069770e+01 
 1.00000000e+08 -4.41778986e+01 
 1.05925373e+08 -4.43407509e+01 
 1.12201845e+08 -4.44964971e+01 
 1.18850223e+08 -4.46460987e+01 
 1.25892541e+08 -4.47905049e+01 
 1.33352143e+08 -4.49306422e+01 
 1.41253754e+08 -4.50674029e+01 
 1.49623566e+08 -4.52016351e+01 
 1.58489319e+08 -4.53341316e+01 
 1.67880402e+08 -4.54656196e+01 
 1.77827941e+08 -4.55967499e+01 
 1.88364909e+08 -4.57280874e+01 
 1.99526231e+08 -4.58601015e+01 
 2.11348904e+08 -4.59931582e+01 
 2.23872114e+08 -4.61275135e+01 
 2.37137371e+08 -4.62633084e+01 
 2.51188643e+08 -4.64005673e+01 
 2.66072506e+08 -4.65391977e+01 
 2.81838293e+08 -4.66789942e+01 
 2.98538262e+08 -4.68196455e+01 
 3.16227766e+08 -4.69607444e+01 
 3.34965439e+08 -4.71018011e+01 
 3.54813389e+08 -4.72422592e+01 
 3.75837404e+08 -4.73815142e+01 
 3.98107171e+08 -4.75189332e+01 
 4.21696503e+08 -4.76538751e+01 
 4.46683592e+08 -4.77857113e+01 
 4.73151259e+08 -4.79138437e+01 
 5.01187234e+08 -4.80377225e+01 
 5.30884444e+08 -4.81568593e+01 
 5.62341325e+08 -4.82708379e+01 
 5.95662144e+08 -4.83793212e+01 
 6.30957344e+08 -4.84820544e+01 
 6.68343918e+08 -4.85788642e+01 
 7.07945784e+08 -4.86696562e+01 
 7.49894209e+08 -4.87544085e+01 
 7.94328235e+08 -4.88331649e+01 
 8.41395142e+08 -4.89060264e+01 
 8.91250938e+08 -4.89731430e+01 
 9.44060876e+08 -4.90347056e+01 
 1.00000000e+09 -4.90909392e+01 
