 1.00000000e+00 -8.73295201e+01 
 1.05925373e+00 -8.73295201e+01 
 1.12201845e+00 -8.73295201e+01 
 1.18850223e+00 -8.73295201e+01 
 1.25892541e+00 -8.73295200e+01 
 1.33352143e+00 -8.73295200e+01 
 1.41253754e+00 -8.73295200e+01 
 1.49623566e+00 -8.73295200e+01 
 1.58489319e+00 -8.73295199e+01 
 1.67880402e+00 -8.73295199e+01 
 1.77827941e+00 -8.73295198e+01 
 1.88364909e+00 -8.73295198e+01 
 1.99526231e+00 -8.73295197e+01 
 2.11348904e+00 -8.73295196e+01 
 2.23872114e+00 -8.73295196e+01 
 2.37137371e+00 -8.73295195e+01 
 2.51188643e+00 -8.73295194e+01 
 2.66072506e+00 -8.73295193e+01 
 2.81838293e+00 -8.73295192e+01 
 2.98538262e+00 -8.73295190e+01 
 3.16227766e+00 -8.73295189e+01 
 3.34965439e+00 -8.73295187e+01 
 3.54813389e+00 -8.73295185e+01 
 3.75837404e+00 -8.73295183e+01 
 3.98107171e+00 -8.73295181e+01 
 4.21696503e+00 -8.73295178e+01 
 4.46683592e+00 -8.73295175e+01 
 4.73151259e+00 -8.73295171e+01 
 5.01187234e+00 -8.73295168e+01 
 5.30884444e+00 -8.73295163e+01 
 5.62341325e+00 -8.73295159e+01 
 5.95662144e+00 -8.73295153e+01 
 6.30957344e+00 -8.73295147e+01 
 6.68343918e+00 -8.73295140e+01 
 7.07945784e+00 -8.73295133e+01 
 7.49894209e+00 -8.73295124e+01 
 7.94328235e+00 -8.73295115e+01 
 8.41395142e+00 -8.73295104e+01 
 8.91250938e+00 -8.73295092e+01 
 9.44060876e+00 -8.73295078e+01 
 1.00000000e+01 -8.73295063e+01 
 1.05925373e+01 -8.73295046e+01 
 1.12201845e+01 -8.73295027e+01 
 1.18850223e+01 -8.73295006e+01 
 1.25892541e+01 -8.73294982e+01 
 1.33352143e+01 -8.73294955e+01 
 1.41253754e+01 -8.73294925e+01 
 1.49623566e+01 -8.73294891e+01 
 1.58489319e+01 -8.73294853e+01 
 1.67880402e+01 -8.73294810e+01 
 1.77827941e+01 -8.73294762e+01 
 1.88364909e+01 -8.73294708e+01 
 1.99526231e+01 -8.73294648e+01 
 2.11348904e+01 -8.73294580e+01 
 2.23872114e+01 -8.73294504e+01 
 2.37137371e+01 -8.73294419e+01 
 2.51188643e+01 -8.73294323e+01 
 2.66072506e+01 -8.73294216e+01 
 2.81838293e+01 -8.73294096e+01 
 2.98538262e+01 -8.73293960e+01 
 3.16227766e+01 -8.73293809e+01 
 3.34965439e+01 -8.73293639e+01 
 3.54813389e+01 -8.73293448e+01 
 3.75837404e+01 -8.73293234e+01 
 3.98107171e+01 -8.73292994e+01 
 4.21696503e+01 -8.73292724e+01 
 4.46683592e+01 -8.73292422e+01 
 4.73151259e+01 -8.73292082e+01 
 5.01187234e+01 -8.73291702e+01 
 5.30884444e+01 -8.73291275e+01 
 5.62341325e+01 -8.73290795e+01 
 5.95662144e+01 -8.73290258e+01 
 6.30957344e+01 -8.73289654e+01 
 6.68343918e+01 -8.73288977e+01 
 7.07945784e+01 -8.73288218e+01 
 7.49894209e+01 -8.73287365e+01 
 7.94328235e+01 -8.73286409e+01 
 8.41395142e+01 -8.73285336e+01 
 8.91250938e+01 -8.73284132e+01 
 9.44060876e+01 -8.73282782e+01 
 1.00000000e+02 -8.73281266e+01 
 1.05925373e+02 -8.73279566e+01 
 1.12201845e+02 -8.73277658e+01 
 1.18850223e+02 -8.73275518e+01 
 1.25892541e+02 -8.73273116e+01 
 1.33352143e+02 -8.73270422e+01 
 1.41253754e+02 -8.73267399e+01 
 1.49623566e+02 -8.73264007e+01 
 1.58489319e+02 -8.73260201e+01 
 1.67880402e+02 -8.73255932e+01 
 1.77827941e+02 -8.73251141e+01 
 1.88364909e+02 -8.73245767e+01 
 1.99526231e+02 -8.73239737e+01 
 2.11348904e+02 -8.73232972e+01 
 2.23872114e+02 -8.73225382e+01 
 2.37137371e+02 -8.73216867e+01 
 2.51188643e+02 -8.73207314e+01 
 2.66072506e+02 -8.73196597e+01 
 2.81838293e+02 -8.73184575e+01 
 2.98538262e+02 -8.73171087e+01 
 3.16227766e+02 -8.73155957e+01 
 3.34965439e+02 -8.73138984e+01 
 3.54813389e+02 -8.73119944e+01 
 3.75837404e+02 -8.73098588e+01 
 3.98107171e+02 -8.73074632e+01 
 4.21696503e+02 -8.73047763e+01 
 4.46683592e+02 -8.73017626e+01 
 4.73151259e+02 -8.72983827e+01 
 5.01187234e+02 -8.72945921e+01 
 5.30884444e+02 -8.72903413e+01 
 5.62341325e+02 -8.72855748e+01 
 5.95662144e+02 -8.72802301e+01 
 6.30957344e+02 -8.72742379e+01 
 6.68343918e+02 -8.72675202e+01 
 7.07945784e+02 -8.72599899e+01 
 7.49894209e+02 -8.72515498e+01 
 7.94328235e+02 -8.72420910e+01 
 8.41395142e+02 -8.72314923e+01 
 8.91250938e+02 -8.72196180e+01 
 9.44060876e+02 -8.72063172e+01 
 1.00000000e+03 -8.71914212e+01 
 1.05925373e+03 -8.71747427e+01 
 1.12201845e+03 -8.71560729e+01 
 1.18850223e+03 -8.71351799e+01 
 1.25892541e+03 -8.71118063e+01 
 1.33352143e+03 -8.70856664e+01 
 1.41253754e+03 -8.70564443e+01 
 1.49623566e+03 -8.70237904e+01 
 1.58489319e+03 -8.69873190e+01 
 1.67880402e+03 -8.69466054e+01 
 1.77827941e+03 -8.69011828e+01 
 1.88364909e+03 -8.68505392e+01 
 1.99526231e+03 -8.67941150e+01 
 2.11348904e+03 -8.67313000e+01 
 2.23872114e+03 -8.66614312e+01 
 2.37137371e+03 -8.65837907e+01 
 2.51188643e+03 -8.64976046e+01 
 2.66072506e+03 -8.64020419e+01 
 2.81838293e+03 -8.62962152e+01 
 2.98538262e+03 -8.61791817e+01 
 3.16227766e+03 -8.60499458e+01 
 3.34965439e+03 -8.59074632e+01 
 3.54813389e+03 -8.57506464e+01 
 3.75837404e+03 -8.55783722e+01 
 3.98107171e+03 -8.53894905e+01 
 4.21696503e+03 -8.51828358e+01 
 4.46683592e+03 -8.49572393e+01 
 4.73151259e+03 -8.47115437e+01 
 5.01187234e+03 -8.44446186e+01 
 5.30884444e+03 -8.41553773e+01 
 5.62341325e+03 -8.38427942e+01 
 5.95662144e+03 -8.35059219e+01 
 6.30957344e+03 -8.31439085e+01 
 6.68343918e+03 -8.27560138e+01 
 7.07945784e+03 -8.23416232e+01 
 7.49894209e+03 -8.19002604e+01 
 7.94328235e+03 -8.14315974e+01 
 8.41395142e+03 -8.09354612e+01 
 8.91250938e+03 -8.04118378e+01 
 9.44060876e+03 -7.98608724e+01 
 1.00000000e+04 -7.92828669e+01 
 1.05925373e+04 -7.86782738e+01 
 1.12201845e+04 -7.80476870e+01 
 1.18850223e+04 -7.73918303e+01 
 1.25892541e+04 -7.67115436e+01 
 1.33352143e+04 -7.60077674e+01 
 1.41253754e+04 -7.52815262e+01 
 1.49623566e+04 -7.45339111e+01 
 1.58489319e+04 -7.37660632e+01 
 1.67880402e+04 -7.29791564e+01 
 1.77827941e+04 -7.21743821e+01 
 1.88364909e+04 -7.13529344e+01 
 1.99526231e+04 -7.05159978e+01 
 2.11348904e+04 -6.96647359e+01 
 2.23872114e+04 -6.88002821e+01 
 2.37137371e+04 -6.79237327e+01 
 2.51188643e+04 -6.70361408e+01 
 2.66072506e+04 -6.61385129e+01 
 2.81838293e+04 -6.52318065e+01 
 2.98538262e+04 -6.43169289e+01 
 3.16227766e+04 -6.33947379e+01 
 3.34965439e+04 -6.24660425e+01 
 3.54813389e+04 -6.15316055e+01 
 3.75837404e+04 -6.05921462e+01 
 3.98107171e+04 -5.96483431e+01 
 4.21696503e+04 -5.87008386e+01 
 4.46683592e+04 -5.77502421e+01 
 4.73151259e+04 -5.67971346e+01 
 5.01187234e+04 -5.58420729e+01 
 5.30884444e+04 -5.48855940e+01 
 5.62341325e+04 -5.39282195e+01 
 5.95662144e+04 -5.29704597e+01 
 6.30957344e+04 -5.20128178e+01 
 6.68343918e+04 -5.10557940e+01 
 7.07945784e+04 -5.00998893e+01 
 7.49894209e+04 -4.91456088e+01 
 7.94328235e+04 -4.81934653e+01 
 8.41395142e+04 -4.72439816e+01 
 8.91250938e+04 -4.62976932e+01 
 9.44060876e+04 -4.53551499e+01 
 1.00000000e+05 -4.44169167e+01 
 1.05925373e+05 -4.34835743e+01 
 1.12201845e+05 -4.25557184e+01 
 1.18850223e+05 -4.16339576e+01 
 1.25892541e+05 -4.07189110e+01 
 1.33352143e+05 -3.98112039e+01 
 1.41253754e+05 -3.89114622e+01 
 1.49623566e+05 -3.80203057e+01 
 1.58489319e+05 -3.71383398e+01 
 1.67880402e+05 -3.62661461e+01 
 1.77827941e+05 -3.54042717e+01 
 1.88364909e+05 -3.45532175e+01 
 1.99526231e+05 -3.37134264e+01 
 2.11348904e+05 -3.28852700e+01 
 2.23872114e+05 -3.20690374e+01 
 2.37137371e+05 -3.12649222e+01 
 2.51188643e+05 -3.04730125e+01 
 2.66072506e+05 -2.96932810e+01 
 2.81838293e+05 -2.89255774e+01 
 2.98538262e+05 -2.81696221e+01 
 3.16227766e+05 -2.74250019e+01 
 3.34965439e+05 -2.66911681e+01 
 3.54813389e+05 -2.59674346e+01 
 3.75837404e+05 -2.52529784e+01 
 3.98107171e+05 -2.45468393e+01 
 4.21696503e+05 -2.38479204e+01 
 4.46683592e+05 -2.31549868e+01 
 4.73151259e+05 -2.24666620e+01 
 5.01187234e+05 -2.17814225e+01 
 5.30884444e+05 -2.10975870e+01 
 5.62341325e+05 -2.04133011e+01 
 5.95662144e+05 -1.97265150e+01 
 6.30957344e+05 -1.90349533e+01 
 6.68343918e+05 -1.83360726e+01 
 7.07945784e+05 -1.76270071e+01 
 7.49894209e+05 -1.69044949e+01 
 7.94328235e+05 -1.61647819e+01 
 8.41395142e+05 -1.54034928e+01 
 8.91250938e+05 -1.46154595e+01 
 9.44060876e+05 -1.37944886e+01 
 1.00000000e+06 -1.29330416e+01 
 1.05925373e+06 -1.20217895e+01 
 1.12201845e+06 -1.10489814e+01 
 1.18850223e+06 -9.99953406e+00 
 1.25892541e+06 -8.85370379e+00 
 1.33352143e+06 -7.58514909e+00 
 1.41253754e+06 -6.15820649e+00 
 1.49623566e+06 -4.52466956e+00 
 1.58489319e+06 -2.62321571e+00 
 1.67880402e+06 -3.99702906e-01 
 1.77827941e+06  2.05992142e+00 
 1.88364909e+06  3.99785422e+00 
 1.99526231e+06  3.77426464e+00 
 2.11348904e+06  1.64897472e+00 
 2.23872114e+06 -7.72495812e-01 
 2.37137371e+06 -2.91560152e+00 
 2.51188643e+06 -4.74199292e+00 
 2.66072506e+06 -6.31098891e+00 
 2.81838293e+06 -7.68166466e+00 
 2.98538262e+06 -8.89946101e+00 
 3.16227766e+06 -9.99781348e+00 
 3.34965439e+06 -1.10013668e+01 
 3.54813389e+06 -1.19285503e+01 
 3.75837404e+06 -1.27933876e+01 
 3.98107171e+06 -1.36067349e+01 
 4.21696503e+06 -1.43771302e+01 
 4.46683592e+06 -1.51113846e+01 
 4.73151259e+06 -1.58150002e+01 
 5.01187234e+06 -1.64924713e+01 
 5.30884444e+06 -1.71475043e+01 
 5.62341325e+06 -1.77831821e+01 
 5.95662144e+06 -1.84020874e+01 
 6.30957344e+06 -1.90063980e+01 
 6.68343918e+06 -1.95979599e+01 
 7.07945784e+06 -2.01783449e+01 
 7.49894209e+06 -2.07488966e+01 
 7.94328235e+06 -2.13107663e+01 
 8.41395142e+06 -2.18649430e+01 
 8.91250938e+06 -2.24122768e+01 
 9.44060876e+06 -2.29534990e+01 
 1.00000000e+07 -2.34892377e+01 
 1.05925373e+07 -2.40200314e+01 
 1.12201845e+07 -2.45463396e+01 
 1.18850223e+07 -2.50685523e+01 
 1.25892541e+07 -2.55869975e+01 
 1.33352143e+07 -2.61019472e+01 
 1.41253754e+07 -2.66136227e+01 
 1.49623566e+07 -2.71221989e+01 
 1.58489319e+07 -2.76278076e+01 
 1.67880402e+07 -2.81305403e+01 
 1.77827941e+07 -2.86304503e+01 
 1.88364909e+07 -2.91275543e+01 
 1.99526231e+07 -2.96218336e+01 
 2.11348904e+07 -3.01132346e+01 
 2.23872114e+07 -3.06016696e+01 
 2.37137371e+07 -3.10870163e+01 
 2.51188643e+07 -3.15691184e+01 
 2.66072506e+07 -3.20477849e+01 
 2.81838293e+07 -3.25227894e+01 
 2.98538262e+07 -3.29938704e+01 
 3.16227766e+07 -3.34607300e+01 
 3.34965439e+07 -3.39230342e+01 
 3.54813389e+07 -3.43804129e+01 
 3.75837404e+07 -3.48324595e+01 
 3.98107171e+07 -3.52787324e+01 
 4.21696503e+07 -3.57187558e+01 
 4.46683592e+07 -3.61520222e+01 
 4.73151259e+07 -3.65779949e+01 
 5.01187234e+07 -3.69961122e+01 
 5.30884444e+07 -3.74057923e+01 
 5.62341325e+07 -3.78064398e+01 
 5.95662144e+07 -3.81974525e+01 
 6.30957344e+07 -3.85782304e+01 
 6.68343918e+07 -3.89481854e+01 
 7.07945784e+07 -3.93067512e+01 
 7.49894209e+07 -3.96533951e+01 
 7.94328235e+07 -3.99876289e+01 
 8.41395142e+07 -4.03090202e+01 
 8.91250938e+07 -4.06172028e+01 
 9.44060876e+07 -4.09118863e+01 
 1.00000000e+08 -4.11928634e+01 
 1.05925373e+08 -4.14600161e+01 
 1.12201845e+08 -4.17133182e+01 
 1.18850223e+08 -4.19528367e+01 
 1.25892541e+08 -4.21787291e+01 
 1.33352143e+08 -4.23912392e+01 
 1.41253754e+08 -4.25906896e+01 
 1.49623566e+08 -4.27774733e+01 
 1.58489319e+08 -4.29520427e+01 
 1.67880402e+08 -4.31148987e+01 
 1.77827941e+08 -4.32665786e+01 
 1.88364909e+08 -4.34076447e+01 
 1.99526231e+08 -4.35386735e+01 
 2.11348904e+08 -4.36602460e+01 
 2.23872114e+08 -4.37729390e+01 
 2.37137371e+08 -4.38773184e+01 
 2.51188643e+08 -4.39739339e+01 
 2.66072506e+08 -4.40633147e+01 
 2.81838293e+08 -4.41459668e+01 
 2.98538262e+08 -4.42223714e+01 
 3.16227766e+08 -4.42929836e+01 
 3.34965439e+08 -4.43582315e+01 
 3.54813389e+08 -4.44185164e+01 
 3.75837404e+08 -4.44742122e+01 
 3.98107171e+08 -4.45256652e+01 
 4.21696503e+08 -4.45731939e+01 
 4.46683592e+08 -4.46170891e+01 
 4.73151259e+08 -4.46576138e+01 
 5.01187234e+08 -4.46950037e+01 
 5.30884444e+08 -4.47294672e+01 
 5.62341325e+08 -4.47611870e+01 
 5.95662144e+08 -4.47903210e+01 
 6.30957344e+08 -4.48170047e+01 
 6.68343918e+08 -4.48413532e+01 
 7.07945784e+08 -4.48634649e+01 
 7.49894209e+08 -4.48834247e+01 
 7.94328235e+08 -4.49013093e+01 
 8.41395142e+08 -4.49171914e+01 
 8.91250938e+08 -4.49311460e+01 
 9.44060876e+08 -4.49432552e+01 
 1.00000000e+09 -4.49536141e+01 
