1.0000000000E+00  1.0820073729E+02
1.0592537300E+00  1.0794624264E+02
1.1220184500E+00  1.0767739620E+02
1.1885022300E+00  1.0739432166E+02
1.2589254100E+00  1.0709723385E+02
1.3335214300E+00  1.0678643285E+02
1.4125375400E+00  1.0646229673E+02
1.4962356600E+00  1.0612527238E+02
1.5848931900E+00  1.0577586546E+02
1.6788040200E+00  1.0541462922E+02
1.7782794100E+00  1.0504215365E+02
1.8836490900E+00  1.0465905435E+02
1.9952623100E+00  1.0426596224E+02
2.1134890400E+00  1.0386351385E+02
2.2387211400E+00  1.0345234291E+02
2.3713737100E+00  1.0303307279E+02
2.5118864300E+00  1.0260631037E+02
2.6607250600E+00  1.0217264085E+02
2.8183829300E+00  1.0173262405E+02
2.9853826200E+00  1.0128679142E+02
3.1622776600E+00  1.0083564421E+02
3.3496543900E+00  1.0037965233E+02
3.5481338900E+00  9.9919254013E+01
3.7583740400E+00  9.9454855991E+01
3.9810717100E+00  9.8986834127E+01
4.2169650300E+00  9.8515534513E+01
4.4668359200E+00  9.8041274573E+01
4.7315125900E+00  9.7564344713E+01
5.0118723400E+00  9.7085009790E+01
5.3088444400E+00  9.6603510815E+01
5.6234132500E+00  9.6120066548E+01
5.9566214400E+00  9.5634875231E+01
6.3095734400E+00  9.5148116197E+01
6.6834391800E+00  9.4659951317E+01
7.0794578400E+00  9.4170526650E+01
7.4989420900E+00  9.3679973668E+01
7.9432823500E+00  9.3188410679E+01
8.4139514200E+00  9.2695944018E+01
8.9125093800E+00  9.2202669150E+01
9.4406087600E+00  9.1708671717E+01
1.0000000000E+01  9.1214028508E+01
1.0592537300E+01  9.0718808291E+01
1.1220184500E+01  9.0223072822E+01
1.1885022300E+01  8.9726877007E+01
1.2589254100E+01  8.9230270377E+01
1.3335214300E+01  8.8733296933E+01
1.4125375400E+01  8.8235996145E+01
1.4962356600E+01  8.7738403172E+01
1.5848931900E+01  8.7240549644E+01
1.6788040200E+01  8.6742463529E+01
1.7782794100E+01  8.6244170023E+01
1.8836490900E+01  8.5745691492E+01
1.9952623100E+01  8.5247047979E+01
2.1134890400E+01  8.4748257263E+01
2.2387211400E+01  8.4249335339E+01
2.3713737100E+01  8.3750296395E+01
2.5118864300E+01  8.3251153149E+01
2.6607250600E+01  8.2751916850E+01
2.8183829300E+01  8.2252597624E+01
2.9853826200E+01  8.1753204445E+01
3.1622776600E+01  8.1253745358E+01
3.3496543900E+01  8.0754227506E+01
3.5481338900E+01  8.0254657267E+01
3.7583740400E+01  7.9755040329E+01
3.9810717100E+01  7.9255381749E+01
4.2169650300E+01  7.8755686098E+01
4.4668359200E+01  7.8255957348E+01
4.7315125900E+01  7.7756199120E+01
5.0118723400E+01  7.7256414614E+01
5.3088444400E+01  7.6756606701E+01
5.6234132500E+01  7.6256777903E+01
5.9566214400E+01  7.5756930489E+01
6.3095734400E+01  7.5257066516E+01
6.6834391800E+01  7.4757187738E+01
7.0794578400E+01  7.4257295809E+01
7.4989420900E+01  7.3757392131E+01
7.9432823500E+01  7.3257477985E+01
8.4139514200E+01  7.2757554522E+01
8.9125093800E+01  7.2257622756E+01
9.4406087600E+01  7.1757683584E+01
1.0000000000E+02  7.1257737812E+01
1.0592537300E+02  7.0757786127E+01
1.1220184500E+02  7.0257829318E+01
1.1885022300E+02  6.9757867722E+01
1.2589254100E+02  6.9257902055E+01
1.3335214300E+02  6.8757932662E+01
1.4125375400E+02  6.8257959988E+01
1.4962356600E+02  6.7757984320E+01
1.5848931900E+02  6.7258006133E+01
1.6788040200E+02  6.6758025570E+01
1.7782794100E+02  6.6258042980E+01
1.8836490900E+02  6.5758058550E+01
1.9952623100E+02  6.5258072525E+01
2.1134890400E+02  6.4758085017E+01
2.2387211400E+02  6.4258096257E+01
2.3713737100E+02  6.3758106370E+01
2.5118864300E+02  6.3258115527E+01
2.6607250600E+02  6.2758123792E+01
2.8183829300E+02  6.2258131311E+01
2.9853826200E+02  6.1758138163E+01
3.1622776600E+02  6.1258144460E+01
3.3496543900E+02  6.0758150276E+01
3.5481338900E+02  6.0258155685E+01
3.7583740400E+02  5.9758160761E+01
3.9810717100E+02  5.9258165554E+01
4.2169650300E+02  5.8758170180E+01
4.4668359200E+02  5.8258174641E+01
4.7315125900E+02  5.7758179024E+01
5.0118723400E+02  5.7258183381E+01
5.3088444400E+02  5.6758187790E+01
5.6234132500E+02  5.6258192280E+01
5.9566214400E+02  5.5758196915E+01
6.3095734400E+02  5.5258201787E+01
6.6834391800E+02  5.4758206912E+01
7.0794578400E+02  5.4258212407E+01
7.4989420900E+02  5.3758218311E+01
7.9432823500E+02  5.3258224708E+01
8.4139514200E+02  5.2758231693E+01
8.9125093800E+02  5.2258239360E+01
9.4406087600E+02  5.1758247802E+01
1.0000000000E+03  5.1258257128E+01
1.0592537300E+03  5.0758267432E+01
1.1220184500E+03  5.0258278998E+01
1.1885022300E+03  4.9758291743E+01
1.2589254100E+03  4.9258306043E+01
1.3335214300E+03  4.8758321977E+01
1.4125375400E+03  4.8258339796E+01
1.4962356600E+03  4.7758359660E+01
1.5848931900E+03  4.7258381986E+01
1.6788040200E+03  4.6758406922E+01
1.7782794100E+03  4.6258434892E+01
1.8836490900E+03  4.5758466221E+01
1.9952623100E+03  4.5258501365E+01
2.1134890400E+03  4.4758540716E+01
2.2387211400E+03  4.4258584860E+01
2.3713737100E+03  4.3758634360E+01
2.5118864300E+03  4.3258689910E+01
2.6607250600E+03  4.2758752188E+01
2.8183829300E+03  4.2258822058E+01
2.9853826200E+03  4.1758900423E+01
3.1622776600E+03  4.1258988347E+01
3.3496543900E+03  4.0759086983E+01
3.5481338900E+03  4.0259197639E+01
3.7583740400E+03  3.9759321783E+01
3.9810717100E+03  3.9259461044E+01
4.2169650300E+03  3.8759617321E+01
4.4668359200E+03  3.8259792627E+01
4.7315125900E+03  3.7759989311E+01
5.0118723400E+03  3.7260209977E+01
5.3088444400E+03  3.6760457566E+01
5.6234132500E+03  3.6260735332E+01
5.9566214400E+03  3.5761046957E+01
6.3095734400E+03  3.5261396600E+01
6.6834391800E+03  3.4761788842E+01
7.0794578400E+03  3.4262228924E+01
7.4989420900E+03  3.3762722636E+01
7.9432823500E+03  3.3263276515E+01
8.4139514200E+03  3.2763897898E+01
8.9125093800E+03  3.2264595000E+01
9.4406087600E+03  3.1765377022E+01
1.0000000000E+04  3.1266254292E+01
1.0592537300E+04  3.0767238356E+01
1.1220184500E+04  3.0268342345E+01
1.1885022300E+04  2.9769580572E+01
1.2589254100E+04  2.9270969554E+01
1.3335214300E+04  2.8772527454E+01
1.4125375400E+04  2.8274274794E+01
1.4962356600E+04  2.7776234437E+01
1.5848931900E+04  2.7278432233E+01
1.6788040200E+04  2.6780896813E+01
1.7782794100E+04  2.6283660488E+01
1.8836490900E+04  2.5786759276E+01
1.9952623100E+04  2.5290233569E+01
2.1134890400E+04  2.4794128434E+01
2.2387211400E+04  2.4298494408E+01
2.3713737100E+04  2.3803387887E+01
2.5118864300E+04  2.3308871935E+01
2.6607250600E+04  2.2815016873E+01
2.8183829300E+04  2.2321901282E+01
2.9853826200E+04  2.1829612730E+01
3.1622776600E+04  2.1338248856E+01
3.3496543900E+04  2.0847918343E+01
3.5481338900E+04  2.0358742109E+01
3.7583740400E+04  1.9870854539E+01
3.9810717100E+04  1.9384404788E+01
4.2169650300E+04  1.8899558281E+01
4.4668359200E+04  1.8416498030E+01
4.7315125900E+04  1.7935426399E+01
5.0118723400E+04  1.7456566602E+01
5.3088444400E+04  1.6980164425E+01
5.6234132500E+04  1.6506489818E+01
5.9566214400E+04  1.6035838610E+01
6.3095734400E+04  1.5568534065E+01
6.6834391800E+04  1.5104928212E+01
7.0794578400E+04  1.4645403235E+01
7.4989420900E+04  1.4190372252E+01
7.9432823500E+04  1.3740279991E+01
8.4139514200E+04  1.3295602846E+01
8.9125093800E+04  1.2856848331E+01
9.4406087600E+04  1.2424553850E+01
1.0000000000E+05  1.1999284618E+01
1.0592537300E+05  1.1581630569E+01
1.1220184500E+05  1.1172202399E+01
1.1885022300E+05  1.0771625823E+01
1.2589254100E+05  1.0380535765E+01
1.3335214300E+05  9.9995680725E+00
1.4125375400E+05  9.6293510979E+00
1.4962356600E+05  9.2704957117E+00
1.5848931900E+05  8.9235850076E+00
1.6788040200E+05  8.5891629087E+00
1.7782794100E+05  8.2677234237E+00
1.8836490900E+05  7.9596995873E+00
1.9952623100E+05  7.6654535862E+00
2.1134890400E+05  7.3852678619E+00
2.2387211400E+05  7.1193381544E+00
2.3713737100E+05  6.8677683171E+00
2.5118864300E+05  6.6305676571E+00
2.6607250600E+05  6.4076505871E+00
2.8183829300E+05  6.1988389243E+00
2.9853826200E+05  6.0038663859E+00
3.1622776600E+05  5.8223853111E+00
3.3496543900E+05  5.6539750677E+00
3.5481338900E+05  5.4981518437E+00
3.7583740400E+05  5.3543792957E+00
3.9810717100E+05  5.2220796078E+00
4.2169650300E+05  5.1006445584E+00
4.4668359200E+05  4.9894461170E+00
4.7315125900E+05  4.8878464215E+00
5.0118723400E+05  4.7952067298E+00
5.3088444400E+05  4.7108953060E+00
5.6234132500E+05  4.6342940987E+00
5.9566214400E+05  4.5648042374E+00
6.3095734400E+05  4.5018503438E+00
6.6834391800E+05  4.4448837316E+00
7.0794578400E+05  4.3933846457E+00
7.4989420900E+05  4.3468635753E+00
7.9432823500E+05  4.3048618437E+00
8.4139514200E+05  4.2669515442E+00
8.9125093800E+05  4.2327349590E+00
9.4406087600E+05  4.2018435692E+00
1.0000000000E+06  4.1739367476E+00
1.0592537300E+06  4.1487002149E+00
1.1220184500E+06  4.1258443450E+00
1.1885022300E+06  4.1051023269E+00
1.2589254100E+06  4.0862283318E+00
1.3335214300E+06  4.0689955848E+00
1.4125375400E+06  4.0531944939E+00
1.4962356600E+06  4.0386307715E+00
1.5848931900E+06  4.0251236118E+00
1.6788040200E+06  4.0125038862E+00
1.7782794100E+06  4.0006124136E+00
1.8836490900E+06  3.9892982510E+00
1.9952623100E+06  3.9784170410E+00
2.1134890400E+06  3.9678293840E+00
2.2387211400E+06  3.9573992486E+00
2.3713737100E+06  3.9469923904E+00
2.5118864300E+06  3.9364747869E+00
2.6607250600E+06  3.9257110656E+00
2.8183829300E+06  3.9145629269E+00
2.9853826200E+06  3.9028875377E+00
3.1622776600E+06  3.8905358978E+00
3.3496543900E+06  3.8773511614E+00
3.5481338900E+06  3.8631669106E+00
3.7583740400E+06  3.8478053736E+00
3.9810717100E+06  3.8310755800E+00
4.2169650300E+06  3.8127714597E+00
4.4668359200E+06  3.7926698723E+00
4.7315125900E+06  3.7705285968E+00
5.0118723400E+06  3.7460842686E+00
5.3088444400E+06  3.7190503010E+00
5.6234132500E+06  3.6891148038E+00
5.9566214400E+06  3.6559385472E+00
6.3095734400E+06  3.6191530073E+00
6.6834391800E+06  3.5783585418E+00
7.0794578400E+06  3.5331227958E+00
7.4989420900E+06  3.4829793701E+00
7.9432823500E+06  3.4274268968E+00
8.4139514200E+06  3.3659285897E+00
8.9125093800E+06  3.2979123973E+00
9.4406087600E+06  3.2227718759E+00
1.0000000000E+07  3.1398679042E+00
1.0592537300E+07  3.0485313345E+00
1.1220184500E+07  2.9480667326E+00
1.1885022300E+07  2.8377570655E+00
1.2589254100E+07  2.7168697968E+00
1.3335214300E+07  2.5846637439E+00
1.4125375400E+07  2.4403972018E+00
1.4962356600E+07  2.2833367197E+00
1.5848931900E+07  2.1127666400E+00
1.6788040200E+07  1.9279986206E+00
1.7782794100E+07  1.7283813840E+00
1.8836490900E+07  1.5133095997E+00
1.9952623100E+07  1.2822319770E+00
2.1134890400E+07  1.0346577399E+00
2.2387211400E+07  7.7016147111E-01
2.3713737100E+07  4.8838559264E-01
2.5118864300E+07  1.8904069981E-01
2.6607250600E+07  -1.2809664947E-01
2.8183829300E+07  -4.6318822028E-01
2.9853826200E+07  -8.1634063044E-01
3.1622776600E+07  -1.1876133745E+00
3.3496543900E+07  -1.5770281449E+00
3.5481338900E+07  -1.9845786949E+00
3.7583740400E+07  -2.4102407702E+00
3.9810717100E+07  -2.8539815138E+00
4.2169650300E+07  -3.3157676913E+00
4.4668359200E+07  -3.7955726066E+00
4.7315125900E+07  -4.2933807445E+00
5.0118723400E+07  -4.8091905069E+00
5.3088444400E+07  -5.3430144531E+00
5.6234132500E+07  -5.8948773100E+00
5.9566214400E+07  -6.4648115941E+00
6.3095734400E+07  -7.0528512991E+00
6.6834391800E+07  -7.6590240688E+00
7.0794578400E+07  -8.2833418223E+00
7.4989420900E+07  -8.9257911266E+00
7.9432823500E+07  -9.5863231002E+00
8.4139514200E+07  -1.0264843983E+01
8.9125093800E+07  -1.0961206742E+01
9.4406087600E+07  -1.1675204195E+01
1.0000000000E+08  -1.2406564069E+01
1.0592537300E+08  -1.3154946374E+01
1.1220184500E+08  -1.3919942767E+01
1.1885022300E+08  -1.4701079455E+01
1.2589254100E+08  -1.5497820161E+01
1.3335214300E+08  -1.6309573469E+01
1.4125375400E+08  -1.7135699789E+01
1.4962356600E+08  -1.7975520625E+01
1.5848931900E+08  -1.8828327486E+01
1.6788040200E+08  -1.9693392500E+01
1.7782794100E+08  -2.0569977056E+01
1.8836490900E+08  -2.1457341488E+01
1.9952623100E+08  -2.2354752962E+01
2.1134890400E+08  -2.3261493136E+01
2.2387211400E+08  -2.4176863950E+01
2.3713737100E+08  -2.5100193146E+01
2.5118864300E+08  -2.6030838015E+01
2.6607250600E+08  -2.6968188643E+01
2.8183829300E+08  -2.7911669553E+01
2.9853826200E+08  -2.8860741129E+01
3.1622776600E+08  -2.9814899815E+01
3.3496543900E+08  -3.0773678040E+01
3.5481338900E+08  -3.1736643407E+01
3.7583740400E+08  -3.2703397579E+01
3.9810717100E+08  -3.3673574894E+01
4.2169650300E+08  -3.4646840559E+01
4.4668359200E+08  -3.5622889224E+01
4.7315125900E+08  -3.6601442741E+01
5.0118723400E+08  -3.7582248508E+01
5.3088444400E+08  -3.8565077488E+01
5.6234132500E+08  -3.9549722513E+01
5.9566214400E+08  -4.0535996368E+01
6.3095734400E+08  -4.1523730100E+01
6.6834391800E+08  -4.2512771643E+01
7.0794578400E+08  -4.3502983971E+01
7.4989420900E+08  -4.4494244049E+01
7.9432823500E+08  -4.5486441307E+01
8.4139514200E+08  -4.6479476502E+01
8.9125093800E+08  -4.7473260661E+01
9.4406087600E+08  -4.8467714071E+01
1.0000000000E+09  -4.9462765322E+01
