 1.00000000e+00  1.11164377e+02 
 1.05925373e+00  1.10664377e+02 
 1.12201845e+00  1.10164377e+02 
 1.18850223e+00  1.09664377e+02 
 1.25892541e+00  1.09164377e+02 
 1.33352143e+00  1.08664377e+02 
 1.41253754e+00  1.08164377e+02 
 1.49623566e+00  1.07664377e+02 
 1.58489319e+00  1.07164377e+02 
 1.67880402e+00  1.06664377e+02 
 1.77827941e+00  1.06164377e+02 
 1.88364909e+00  1.05664377e+02 
 1.99526231e+00  1.05164377e+02 
 2.11348904e+00  1.04664377e+02 
 2.23872114e+00  1.04164377e+02 
 2.37137371e+00  1.03664377e+02 
 2.51188643e+00  1.03164377e+02 
 2.66072506e+00  1.02664377e+02 
 2.81838293e+00  1.02164377e+02 
 2.98538262e+00  1.01664377e+02 
 3.16227766e+00  1.01164377e+02 
 3.34965439e+00  1.00664377e+02 
 3.54813389e+00  1.00164377e+02 
 3.75837404e+00  9.96643774e+01 
 3.98107171e+00  9.91643774e+01 
 4.21696503e+00  9.86643774e+01 
 4.46683592e+00  9.81643774e+01 
 4.73151259e+00  9.76643774e+01 
 5.01187234e+00  9.71643774e+01 
 5.30884444e+00  9.66643774e+01 
 5.62341325e+00  9.61643774e+01 
 5.95662144e+00  9.56643774e+01 
 6.30957344e+00  9.51643774e+01 
 6.68343918e+00  9.46643774e+01 
 7.07945784e+00  9.41643774e+01 
 7.49894209e+00  9.36643774e+01 
 7.94328235e+00  9.31643774e+01 
 8.41395142e+00  9.26643774e+01 
 8.91250938e+00  9.21643774e+01 
 9.44060876e+00  9.16643774e+01 
 1.00000000e+01  9.11643774e+01 
 1.05925373e+01  9.06643774e+01 
 1.12201845e+01  9.01643774e+01 
 1.18850223e+01  8.96643774e+01 
 1.25892541e+01  8.91643774e+01 
 1.33352143e+01  8.86643774e+01 
 1.41253754e+01  8.81643774e+01 
 1.49623566e+01  8.76643774e+01 
 1.58489319e+01  8.71643774e+01 
 1.67880402e+01  8.66643774e+01 
 1.77827941e+01  8.61643774e+01 
 1.88364909e+01  8.56643774e+01 
 1.99526231e+01  8.51643774e+01 
 2.11348904e+01  8.46643774e+01 
 2.23872114e+01  8.41643774e+01 
 2.37137371e+01  8.36643774e+01 
 2.51188643e+01  8.31643774e+01 
 2.66072506e+01  8.26643774e+01 
 2.81838293e+01  8.21643774e+01 
 2.98538262e+01  8.16643774e+01 
 3.16227766e+01  8.11643774e+01 
 3.34965439e+01  8.06643774e+01 
 3.54813389e+01  8.01643774e+01 
 3.75837404e+01  7.96643774e+01 
 3.98107171e+01  7.91643774e+01 
 4.21696503e+01  7.86643774e+01 
 4.46683592e+01  7.81643774e+01 
 4.73151259e+01  7.76643774e+01 
 5.01187234e+01  7.71643774e+01 
 5.30884444e+01  7.66643774e+01 
 5.62341325e+01  7.61643774e+01 
 5.95662144e+01  7.56643774e+01 
 6.30957344e+01  7.51643774e+01 
 6.68343918e+01  7.46643774e+01 
 7.07945784e+01  7.41643774e+01 
 7.49894209e+01  7.36643774e+01 
 7.94328235e+01  7.31643774e+01 
 8.41395142e+01  7.26643774e+01 
 8.91250938e+01  7.21643774e+01 
 9.44060876e+01  7.16643774e+01 
 1.00000000e+02  7.11643774e+01 
 1.05925373e+02  7.06643774e+01 
 1.12201845e+02  7.01643774e+01 
 1.18850223e+02  6.96643774e+01 
 1.25892541e+02  6.91643774e+01 
 1.33352143e+02  6.86643774e+01 
 1.41253754e+02  6.81643774e+01 
 1.49623566e+02  6.76643774e+01 
 1.58489319e+02  6.71643774e+01 
 1.67880402e+02  6.66643774e+01 
 1.77827941e+02  6.61643774e+01 
 1.88364909e+02  6.56643774e+01 
 1.99526231e+02  6.51643774e+01 
 2.11348904e+02  6.46643774e+01 
 2.23872114e+02  6.41643774e+01 
 2.37137371e+02  6.36643774e+01 
 2.51188643e+02  6.31643774e+01 
 2.66072506e+02  6.26643774e+01 
 2.81838293e+02  6.21643775e+01 
 2.98538262e+02  6.16643775e+01 
 3.16227766e+02  6.11643775e+01 
 3.34965439e+02  6.06643775e+01 
 3.54813389e+02  6.01643775e+01 
 3.75837404e+02  5.96643775e+01 
 3.98107171e+02  5.91643775e+01 
 4.21696503e+02  5.86643775e+01 
 4.46683592e+02  5.81643776e+01 
 4.73151259e+02  5.76643776e+01 
 5.01187234e+02  5.71643776e+01 
 5.30884444e+02  5.66643776e+01 
 5.62341325e+02  5.61643776e+01 
 5.95662144e+02  5.56643777e+01 
 6.30957344e+02  5.51643777e+01 
 6.68343918e+02  5.46643778e+01 
 7.07945784e+02  5.41643778e+01 
 7.49894209e+02  5.36643778e+01 
 7.94328235e+02  5.31643779e+01 
 8.41395142e+02  5.26643780e+01 
 8.91250938e+02  5.21643780e+01 
 9.44060876e+02  5.16643781e+01 
 1.00000000e+03  5.11643782e+01 
 1.05925373e+03  5.06643783e+01 
 1.12201845e+03  5.01643784e+01 
 1.18850223e+03  4.96643785e+01 
 1.25892541e+03  4.91643787e+01 
 1.33352143e+03  4.86643788e+01 
 1.41253754e+03  4.81643790e+01 
 1.49623566e+03  4.76643792e+01 
 1.58489319e+03  4.71643794e+01 
 1.67880402e+03  4.66643797e+01 
 1.77827941e+03  4.61643800e+01 
 1.88364909e+03  4.56643803e+01 
 1.99526231e+03  4.51643806e+01 
 2.11348904e+03  4.46643810e+01 
 2.23872114e+03  4.41643815e+01 
 2.37137371e+03  4.36643820e+01 
 2.51188643e+03  4.31643825e+01 
 2.66072506e+03  4.26643832e+01 
 2.81838293e+03  4.21643839e+01 
 2.98538262e+03  4.16643846e+01 
 3.16227766e+03  4.11643855e+01 
 3.34965439e+03  4.06643865e+01 
 3.54813389e+03  4.01643876e+01 
 3.75837404e+03  3.96643889e+01 
 3.98107171e+03  3.91643903e+01 
 4.21696503e+03  3.86643919e+01 
 4.46683592e+03  3.81643936e+01 
 4.73151259e+03  3.76643956e+01 
 5.01187234e+03  3.71643978e+01 
 5.30884444e+03  3.66644003e+01 
 5.62341325e+03  3.61644031e+01 
 5.95662144e+03  3.56644063e+01 
 6.30957344e+03  3.51644098e+01 
 6.68343918e+03  3.46644138e+01 
 7.07945784e+03  3.41644182e+01 
 7.49894209e+03  3.36644232e+01 
 7.94328235e+03  3.31644288e+01 
 8.41395142e+03  3.26644350e+01 
 8.91250938e+03  3.21644421e+01 
 9.44060876e+03  3.16644499e+01 
 1.00000000e+04  3.11644588e+01 
 1.05925373e+04  3.06644687e+01 
 1.12201845e+04  3.01644799e+01 
 1.18850223e+04  2.96644924e+01 
 1.25892541e+04  2.91645064e+01 
 1.33352143e+04  2.86645222e+01 
 1.41253754e+04  2.81645398e+01 
 1.49623566e+04  2.76645596e+01 
 1.58489319e+04  2.71645819e+01 
 1.67880402e+04  2.66646068e+01 
 1.77827941e+04  2.61646348e+01 
 1.88364909e+04  2.56646663e+01 
 1.99526231e+04  2.51647015e+01 
 2.11348904e+04  2.46647410e+01 
 2.23872114e+04  2.41647854e+01 
 2.37137371e+04  2.36648352e+01 
 2.51188643e+04  2.31648911e+01 
 2.66072506e+04  2.26649537e+01 
 2.81838293e+04  2.21650241e+01 
 2.98538262e+04  2.16651030e+01 
 3.16227766e+04  2.11651915e+01 
 3.34965439e+04  2.06652908e+01 
 3.54813389e+04  2.01654023e+01 
 3.75837404e+04  1.96655273e+01 
 3.98107171e+04  1.91656676e+01 
 4.21696503e+04  1.86658251e+01 
 4.46683592e+04  1.81660017e+01 
 4.73151259e+04  1.76661999e+01 
 5.01187234e+04  1.71664222e+01 
 5.30884444e+04  1.66666717e+01 
 5.62341325e+04  1.61669517e+01 
 5.95662144e+04  1.56672657e+01 
 6.30957344e+04  1.51676181e+01 
 6.68343918e+04  1.46680135e+01 
 7.07945784e+04  1.41684571e+01 
 7.49894209e+04  1.36689548e+01 
 7.94328235e+04  1.31695133e+01 
 8.41395142e+04  1.26701398e+01 
 8.91250938e+04  1.21708428e+01 
 9.44060876e+04  1.16716315e+01 
 1.00000000e+05  1.11725163e+01 
 1.05925373e+05  1.06735091e+01 
 1.12201845e+05  1.01746230e+01 
 1.18850223e+05  9.67587261e+00 
 1.25892541e+05  9.17727460e+00 
 1.33352143e+05  8.67884750e+00 
 1.41253754e+05  8.18061211e+00 
 1.49623566e+05  7.68259178e+00 
 1.58489319e+05  7.18481267e+00 
 1.67880402e+05  6.68730414e+00 
 1.77827941e+05  6.19009909e+00 
 1.88364909e+05  5.69323443e+00 
 1.99526231e+05  5.19675151e+00 
 2.11348904e+05  4.70069671e+00 
 2.23872114e+05  4.20512198e+00 
 2.37137371e+05  3.71008559e+00 
 2.51188643e+05  3.21565279e+00 
 2.66072506e+05  2.72189669e+00 
 2.81838293e+05  2.22889921e+00 
 2.98538262e+05  1.73675207e+00 
 3.16227766e+05  1.24555797e+00 
 3.34965439e+05  7.55431892e-01 
 3.54813389e+05  2.66502481e-01 
 3.75837404e+05 -2.21086324e-01 
 3.98107171e+05 -7.07173555e-01 
 4.21696503e+05 -1.19157927e+00 
 4.46683592e+05 -1.67410239e+00 
 4.73151259e+05 -2.15451834e+00 
 5.01187234e+05 -2.63257646e+00 
 5.30884444e+05 -3.10799707e+00 
 5.62341325e+05 -3.58046842e+00 
 5.95662144e+05 -4.04964322e+00 
 6.30957344e+05 -4.51513488e+00 
 6.68343918e+05 -4.97651353e+00 
 7.07945784e+05 -5.43330164e+00 
 7.49894209e+05 -5.88496931e+00 
 7.94328235e+05 -6.33092927e+00 
 8.41395142e+05 -6.77053160e+00 
 8.91250938e+05 -7.20305807e+00 
 9.44060876e+05 -7.62771632e+00 
 1.00000000e+06 -8.04363375e+00 
 1.05925373e+06 -8.44985125e+00 
 1.12201845e+06 -8.84531687e+00 
 1.18850223e+06 -9.22887938e+00 
 1.25892541e+06 -9.59928189e+00 
 1.33352143e+06 -9.95515560e+00 
 1.41253754e+06 -1.02950137e+01 
 1.49623566e+06 -1.06172453e+01 
 1.58489319e+06 -1.09201097e+01 
 1.67880402e+06 -1.12017308e+01 
 1.77827941e+06 -1.14600907e+01 
 1.88364909e+06 -1.16930230e+01 
 1.99526231e+06 -1.18982054e+01 
 2.11348904e+06 -1.20731484e+01 
 2.23872114e+06 -1.22151819e+01 
 2.37137371e+06 -1.23214346e+01 
 2.51188643e+06 -1.23888056e+01 
 2.66072506e+06 -1.24139233e+01 
 2.81838293e+06 -1.23930859e+01 
 2.98538262e+06 -1.23221777e+01 
 3.16227766e+06 -1.21965487e+01 
 3.34965439e+06 -1.20108451e+01 
 3.54813389e+06 -1.17587662e+01 
 3.75837404e+06 -1.14327161e+01 
 3.98107171e+06 -1.10232962e+01 
 4.21696503e+06 -1.05185525e+01 
 4.46683592e+06 -9.90282951e+00 
 4.73151259e+06 -9.15497055e+00 
 5.01187234e+06 -8.24537821e+00 
 5.30884444e+06 -7.13099718e+00 
 5.62341325e+06 -5.74633309e+00 
 5.95662144e+06 -3.98678084e+00 
 6.30957344e+06 -1.67908895e+00 
 6.68343918e+06  1.43627476e+00 
 7.07945784e+06  5.17890832e+00 
 7.49894209e+06  5.41991800e+00 
 7.94328235e+06  1.37110329e+00 
 8.41395142e+06 -2.28034890e+00 
 8.91250938e+06 -5.09574467e+00 
 9.44060876e+06 -7.33978392e+00 
 1.00000000e+07 -9.20049700e+00 
 1.05925373e+07 -1.07921194e+01 
 1.12201845e+07 -1.21863617e+01 
 1.18850223e+07 -1.34305649e+01 
 1.25892541e+07 -1.45574543e+01 
 1.33352143e+07 -1.55905491e+01 
 1.41253754e+07 -1.65473070e+01 
 1.49623566e+07 -1.74410390e+01 
 1.58489319e+07 -1.82821240e+01 
 1.67880402e+07 -1.90788083e+01 
 1.77827941e+07 -1.98377481e+01 
 1.88364909e+07 -2.05643884e+01 
 1.99526231e+07 -2.12632349e+01 
 2.11348904e+07 -2.19380520e+01 
 2.23872114e+07 -2.25920113e+01 
 2.37137371e+07 -2.32278041e+01 
 2.51188643e+07 -2.38477282e+01 
 2.66072506e+07 -2.44537560e+01 
 2.81838293e+07 -2.50475884e+01 
 2.98538262e+07 -2.56306979e+01 
 3.16227766e+07 -2.62043639e+01 
 3.34965439e+07 -2.67697013e+01 
 3.54813389e+07 -2.73276844e+01 
 3.75837404e+07 -2.78791664e+01 
 3.98107171e+07 -2.84248959e+01 
 4.21696503e+07 -2.89655313e+01 
 4.46683592e+07 -2.95016523e+01 
 4.73151259e+07 -3.00337699e+01 
 5.01187234e+07 -3.05623353e+01 
 5.30884444e+07 -3.10877473e+01 
 5.62341325e+07 -3.16103587e+01 
 5.95662144e+07 -3.21304818e+01 
 6.30957344e+07 -3.26483934e+01 
 6.68343918e+07 -3.31643387e+01 
 7.07945784e+07 -3.36785354e+01 
 7.49894209e+07 -3.41911767e+01 
 7.94328235e+07 -3.47024341e+01 
 8.41395142e+07 -3.52124601e+01 
 8.91250938e+07 -3.57213900e+01 
 9.44060876e+07 -3.62293443e+01 
 1.00000000e+08 -3.67364299e+01 
 1.05925373e+08 -3.72427421e+01 
 1.12201845e+08 -3.77483656e+01 
 1.18850223e+08 -3.82533758e+01 
 1.25892541e+08 -3.87578396e+01 
 1.33352143e+08 -3.92618169e+01 
 1.41253754e+08 -3.97653608e+01 
 1.49623566e+08 -4.02685185e+01 
 1.58489319e+08 -4.07713323e+01 
 1.67880402e+08 -4.12738396e+01 
 1.77827941e+08 -4.17760740e+01 
 1.88364909e+08 -4.22780650e+01 
 1.99526231e+08 -4.27798393e+01 
 2.11348904e+08 -4.32814205e+01 
 2.23872114e+08 -4.37828295e+01 
 2.37137371e+08 -4.42840853e+01 
 2.51188643e+08 -4.47852043e+01 
 2.66072506e+08 -4.52862016e+01 
 2.81838293e+08 -4.57870904e+01 
 2.98538262e+08 -4.62878825e+01 
 3.16227766e+08 -4.67885884e+01 
 3.34965439e+08 -4.72892176e+01 
 3.54813389e+08 -4.77897782e+01 
 3.75837404e+08 -4.82902779e+01 
 3.98107171e+08 -4.87907233e+01 
 4.21696503e+08 -4.92911202e+01 
 4.46683592e+08 -4.97914739e+01 
 4.73151259e+08 -5.02917891e+01 
 5.01187234e+08 -5.07920701e+01 
 5.30884444e+08 -5.12923205e+01 
 5.62341325e+08 -5.17925437e+01 
 5.95662144e+08 -5.22927426e+01 
 6.30957344e+08 -5.27929198e+01 
 6.68343918e+08 -5.32930778e+01 
 7.07945784e+08 -5.37932186e+01 
 7.49894209e+08 -5.42933441e+01 
 7.94328235e+08 -5.47934559e+01 
 8.41395142e+08 -5.52935556e+01 
 8.91250938e+08 -5.57936445e+01 
 9.44060876e+08 -5.62937236e+01 
 1.00000000e+09 -5.67937942e+01 
