 1.00000000e+00 -1.04636533e+02 
 1.05925373e+00 -1.04636533e+02 
 1.12201845e+00 -1.04636533e+02 
 1.18850223e+00 -1.04636533e+02 
 1.25892541e+00 -1.04636533e+02 
 1.33352143e+00 -1.04636533e+02 
 1.41253754e+00 -1.04636533e+02 
 1.49623566e+00 -1.04636533e+02 
 1.58489319e+00 -1.04636533e+02 
 1.67880402e+00 -1.04636533e+02 
 1.77827941e+00 -1.04636533e+02 
 1.88364909e+00 -1.04636533e+02 
 1.99526231e+00 -1.04636533e+02 
 2.11348904e+00 -1.04636533e+02 
 2.23872114e+00 -1.04636533e+02 
 2.37137371e+00 -1.04636533e+02 
 2.51188643e+00 -1.04636533e+02 
 2.66072506e+00 -1.04636533e+02 
 2.81838293e+00 -1.04636533e+02 
 2.98538262e+00 -1.04636533e+02 
 3.16227766e+00 -1.04636533e+02 
 3.34965439e+00 -1.04636533e+02 
 3.54813389e+00 -1.04636533e+02 
 3.75837404e+00 -1.04636533e+02 
 3.98107171e+00 -1.04636533e+02 
 4.21696503e+00 -1.04636533e+02 
 4.46683592e+00 -1.04636533e+02 
 4.73151259e+00 -1.04636533e+02 
 5.01187234e+00 -1.04636533e+02 
 5.30884444e+00 -1.04636533e+02 
 5.62341325e+00 -1.04636533e+02 
 5.95662144e+00 -1.04636533e+02 
 6.30957344e+00 -1.04636533e+02 
 6.68343918e+00 -1.04636533e+02 
 7.07945784e+00 -1.04636533e+02 
 7.49894209e+00 -1.04636533e+02 
 7.94328235e+00 -1.04636533e+02 
 8.41395142e+00 -1.04636533e+02 
 8.91250938e+00 -1.04636533e+02 
 9.44060876e+00 -1.04636533e+02 
 1.00000000e+01 -1.04636533e+02 
 1.05925373e+01 -1.04636533e+02 
 1.12201845e+01 -1.04636533e+02 
 1.18850223e+01 -1.04636533e+02 
 1.25892541e+01 -1.04636533e+02 
 1.33352143e+01 -1.04636533e+02 
 1.41253754e+01 -1.04636533e+02 
 1.49623566e+01 -1.04636533e+02 
 1.58489319e+01 -1.04636533e+02 
 1.67880402e+01 -1.04636533e+02 
 1.77827941e+01 -1.04636533e+02 
 1.88364909e+01 -1.04636533e+02 
 1.99526231e+01 -1.04636533e+02 
 2.11348904e+01 -1.04636533e+02 
 2.23872114e+01 -1.04636533e+02 
 2.37137371e+01 -1.04636533e+02 
 2.51188643e+01 -1.04636533e+02 
 2.66072506e+01 -1.04636533e+02 
 2.81838293e+01 -1.04636533e+02 
 2.98538262e+01 -1.04636533e+02 
 3.16227766e+01 -1.04636533e+02 
 3.34965439e+01 -1.04636533e+02 
 3.54813389e+01 -1.04636533e+02 
 3.75837404e+01 -1.04636533e+02 
 3.98107171e+01 -1.04636533e+02 
 4.21696503e+01 -1.04636533e+02 
 4.46683592e+01 -1.04636533e+02 
 4.73151259e+01 -1.04636533e+02 
 5.01187234e+01 -1.04636533e+02 
 5.30884444e+01 -1.04636533e+02 
 5.62341325e+01 -1.04636533e+02 
 5.95662144e+01 -1.04636533e+02 
 6.30957344e+01 -1.04636533e+02 
 6.68343918e+01 -1.04636533e+02 
 7.07945784e+01 -1.04636533e+02 
 7.49894209e+01 -1.04636533e+02 
 7.94328235e+01 -1.04636533e+02 
 8.41395142e+01 -1.04636533e+02 
 8.91250938e+01 -1.04636533e+02 
 9.44060876e+01 -1.04636533e+02 
 1.00000000e+02 -1.04636533e+02 
 1.05925373e+02 -1.04636533e+02 
 1.12201845e+02 -1.04636533e+02 
 1.18850223e+02 -1.04636533e+02 
 1.25892541e+02 -1.04636534e+02 
 1.33352143e+02 -1.04636534e+02 
 1.41253754e+02 -1.04636534e+02 
 1.49623566e+02 -1.04636534e+02 
 1.58489319e+02 -1.04636534e+02 
 1.67880402e+02 -1.04636534e+02 
 1.77827941e+02 -1.04636534e+02 
 1.88364909e+02 -1.04636534e+02 
 1.99526231e+02 -1.04636534e+02 
 2.11348904e+02 -1.04636534e+02 
 2.23872114e+02 -1.04636535e+02 
 2.37137371e+02 -1.04636535e+02 
 2.51188643e+02 -1.04636535e+02 
 2.66072506e+02 -1.04636535e+02 
 2.81838293e+02 -1.04636536e+02 
 2.98538262e+02 -1.04636536e+02 
 3.16227766e+02 -1.04636536e+02 
 3.34965439e+02 -1.04636537e+02 
 3.54813389e+02 -1.04636537e+02 
 3.75837404e+02 -1.04636538e+02 
 3.98107171e+02 -1.04636538e+02 
 4.21696503e+02 -1.04636539e+02 
 4.46683592e+02 -1.04636539e+02 
 4.73151259e+02 -1.04636540e+02 
 5.01187234e+02 -1.04636541e+02 
 5.30884444e+02 -1.04636542e+02 
 5.62341325e+02 -1.04636543e+02 
 5.95662144e+02 -1.04636544e+02 
 6.30957344e+02 -1.04636546e+02 
 6.68343918e+02 -1.04636547e+02 
 7.07945784e+02 -1.04636549e+02 
 7.49894209e+02 -1.04636551e+02 
 7.94328235e+02 -1.04636553e+02 
 8.41395142e+02 -1.04636556e+02 
 8.91250938e+02 -1.04636559e+02 
 9.44060876e+02 -1.04636562e+02 
 1.00000000e+03 -1.04636565e+02 
 1.05925373e+03 -1.04636569e+02 
 1.12201845e+03 -1.04636573e+02 
 1.18850223e+03 -1.04636578e+02 
 1.25892541e+03 -1.04636584e+02 
 1.33352143e+03 -1.04636590e+02 
 1.41253754e+03 -1.04636597e+02 
 1.49623566e+03 -1.04636605e+02 
 1.58489319e+03 -1.04636614e+02 
 1.67880402e+03 -1.04636623e+02 
 1.77827941e+03 -1.04636635e+02 
 1.88364909e+03 -1.04636647e+02 
 1.99526231e+03 -1.04636661e+02 
 2.11348904e+03 -1.04636676e+02 
 2.23872114e+03 -1.04636694e+02 
 2.37137371e+03 -1.04636714e+02 
 2.51188643e+03 -1.04636736e+02 
 2.66072506e+03 -1.04636760e+02 
 2.81838293e+03 -1.04636788e+02 
 2.98538262e+03 -1.04636819e+02 
 3.16227766e+03 -1.04636854e+02 
 3.34965439e+03 -1.04636893e+02 
 3.54813389e+03 -1.04636937e+02 
 3.75837404e+03 -1.04636986e+02 
 3.98107171e+03 -1.04637042e+02 
 4.21696503e+03 -1.04637104e+02 
 4.46683592e+03 -1.04637174e+02 
 4.73151259e+03 -1.04637252e+02 
 5.01187234e+03 -1.04637339e+02 
 5.30884444e+03 -1.04637438e+02 
 5.62341325e+03 -1.04637548e+02 
 5.95662144e+03 -1.04637672e+02 
 6.30957344e+03 -1.04637811e+02 
 6.68343918e+03 -1.04637967e+02 
 7.07945784e+03 -1.04638142e+02 
 7.49894209e+03 -1.04638338e+02 
 7.94328235e+03 -1.04638558e+02 
 8.41395142e+03 -1.04638805e+02 
 8.91250938e+03 -1.04639082e+02 
 9.44060876e+03 -1.04639393e+02 
 1.00000000e+04 -1.04639742e+02 
 1.05925373e+04 -1.04640134e+02 
 1.12201845e+04 -1.04640573e+02 
 1.18850223e+04 -1.04641066e+02 
 1.25892541e+04 -1.04641618e+02 
 1.33352143e+04 -1.04642238e+02 
 1.41253754e+04 -1.04642934e+02 
 1.49623566e+04 -1.04643714e+02 
 1.58489319e+04 -1.04644590e+02 
 1.67880402e+04 -1.04645572e+02 
 1.77827941e+04 -1.04646673e+02 
 1.88364909e+04 -1.04647909e+02 
 1.99526231e+04 -1.04649295e+02 
 2.11348904e+04 -1.04650849e+02 
 2.23872114e+04 -1.04652593e+02 
 2.37137371e+04 -1.04654548e+02 
 2.51188643e+04 -1.04656741e+02 
 2.66072506e+04 -1.04659200e+02 
 2.81838293e+04 -1.04661957e+02 
 2.98538262e+04 -1.04665048e+02 
 3.16227766e+04 -1.04668514e+02 
 3.34965439e+04 -1.04672400e+02 
 3.54813389e+04 -1.04676755e+02 
 3.75837404e+04 -1.04681636e+02 
 3.98107171e+04 -1.04687106e+02 
 4.21696503e+04 -1.04693235e+02 
 4.46683592e+04 -1.04700100e+02 
 4.73151259e+04 -1.04707790e+02 
 5.01187234e+04 -1.04716401e+02 
 5.30884444e+04 -1.04726042e+02 
 5.62341325e+04 -1.04736832e+02 
 5.95662144e+04 -1.04748905e+02 
 6.30957344e+04 -1.04762409e+02 
 6.68343918e+04 -1.04777509e+02 
 7.07945784e+04 -1.04794385e+02 
 7.49894209e+04 -1.04813239e+02 
 7.94328235e+04 -1.04834292e+02 
 8.41395142e+04 -1.04857786e+02 
 8.91250938e+04 -1.04883988e+02 
 9.44060876e+04 -1.04913190e+02 
 1.00000000e+05 -1.04945710e+02 
 1.05925373e+05 -1.04981896e+02 
 1.12201845e+05 -1.05022121e+02 
 1.18850223e+05 -1.05066791e+02 
 1.25892541e+05 -1.05116340e+02 
 1.33352143e+05 -1.05171232e+02 
 1.41253754e+05 -1.05231961e+02 
 1.49623566e+05 -1.05299046e+02 
 1.58489319e+05 -1.05373031e+02 
 1.67880402e+05 -1.05454481e+02 
 1.77827941e+05 -1.05543979e+02 
 1.88364909e+05 -1.05642115e+02 
 1.99526231e+05 -1.05749484e+02 
 2.11348904e+05 -1.05866674e+02 
 2.23872114e+05 -1.05994260e+02 
 2.37137371e+05 -1.06132790e+02 
 2.51188643e+05 -1.06282775e+02 
 2.66072506e+05 -1.06444677e+02 
 2.81838293e+05 -1.06618897e+02 
 2.98538262e+05 -1.06805764e+02 
 3.16227766e+05 -1.07005521e+02 
 3.34965439e+05 -1.07218321e+02 
 3.54813389e+05 -1.07444213e+02 
 3.75837404e+05 -1.07683139e+02 
 3.98107171e+05 -1.07934928e+02 
 4.21696503e+05 -1.08199297e+02 
 4.46683592e+05 -1.08475850e+02 
 4.73151259e+05 -1.08764080e+02 
 5.01187234e+05 -1.09063375e+02 
 5.30884444e+05 -1.09373021e+02 
 5.62341325e+05 -1.09692213e+02 
 5.95662144e+05 -1.10020060e+02 
 6.30957344e+05 -1.10355592e+02 
 6.68343918e+05 -1.10697767e+02 
 7.07945784e+05 -1.11045480e+02 
 7.49894209e+05 -1.11397564e+02 
 7.94328235e+05 -1.11752795e+02 
 8.41395142e+05 -1.12109898e+02 
 8.91250938e+05 -1.12467543e+02 
 9.44060876e+05 -1.12824345e+02 
 1.00000000e+06 -1.13178866e+02 
 1.05925373e+06 -1.13529608e+02 
 1.12201845e+06 -1.13875009e+02 
 1.18850223e+06 -1.14213441e+02 
 1.25892541e+06 -1.14543199e+02 
 1.33352143e+06 -1.14862500e+02 
 1.41253754e+06 -1.15169473e+02 
 1.49623566e+06 -1.15462151e+02 
 1.58489319e+06 -1.15738467e+02 
 1.67880402e+06 -1.15996247e+02 
 1.77827941e+06 -1.16233199e+02 
 1.88364909e+06 -1.16446906e+02 
 1.99526231e+06 -1.16634817e+02 
 2.11348904e+06 -1.16794234e+02 
 2.23872114e+06 -1.16922298e+02 
 2.37137371e+06 -1.17015964e+02 
 2.51188643e+06 -1.17071971e+02 
 2.66072506e+06 -1.17086803e+02 
 2.81838293e+06 -1.17056621e+02 
 2.98538262e+06 -1.16977185e+02 
 3.16227766e+06 -1.16843725e+02 
 3.34965439e+06 -1.16650774e+02 
 3.54813389e+06 -1.16391917e+02 
 3.75837404e+06 -1.16059446e+02 
 3.98107171e+06 -1.15643843e+02 
 4.21696503e+06 -1.15133024e+02 
 4.46683592e+06 -1.14511188e+02 
 4.73151259e+06 -1.13757007e+02 
 5.01187234e+06 -1.12840682e+02 
 5.30884444e+06 -1.11718941e+02 
 5.62341325e+06 -1.10326153e+02 
 5.95662144e+06 -1.08558148e+02 
 6.30957344e+06 -1.06245208e+02 
 6.68343918e+06 -1.03149650e+02 
 7.07945784e+06 -9.95749141e+01 
 7.49894209e+06 -9.95903650e+01 
 7.94328235e+06 -1.03518624e+02 
 8.41395142e+06 -1.07073099e+02 
 8.91250938e+06 -1.09838352e+02 
 9.44060876e+06 -1.12053820e+02 
 1.00000000e+07 -1.13896503e+02 
 1.05925373e+07 -1.15475848e+02 
 1.12201845e+07 -1.16861251e+02 
 1.18850223e+07 -1.18098822e+02 
 1.25892541e+07 -1.19220577e+02 
 1.33352143e+07 -1.20249599e+02 
 1.41253754e+07 -1.21203064e+02 
 1.49623566e+07 -1.22094093e+02 
 1.58489319e+07 -1.22932930e+02 
 1.67880402e+07 -1.23727728e+02 
 1.77827941e+07 -1.24485069e+02 
 1.88364909e+07 -1.25210347e+02 
 1.99526231e+07 -1.25908024e+02 
 2.11348904e+07 -1.26581833e+02 
 2.23872114e+07 -1.27234919e+02 
 2.37137371e+07 -1.27869954e+02 
 2.51188643e+07 -1.28489216e+02 
 2.66072506e+07 -1.29094666e+02 
 2.81838293e+07 -1.29687992e+02 
 2.98538262e+07 -1.30270657e+02 
 3.16227766e+07 -1.30843931e+02 
 3.34965439e+07 -1.31408924e+02 
 3.54813389e+07 -1.31966603e+02 
 3.75837404e+07 -1.32517817e+02 
 3.98107171e+07 -1.33063309e+02 
 4.21696503e+07 -1.33603734e+02 
 4.46683592e+07 -1.34139669e+02 
 4.73151259e+07 -1.34671622e+02 
 5.01187234e+07 -1.35200041e+02 
 5.30884444e+07 -1.35725324e+02 
 5.62341325e+07 -1.36247820e+02 
 5.95662144e+07 -1.36767841e+02 
 6.30957344e+07 -1.37285661e+02 
 6.68343918e+07 -1.37801526e+02 
 7.07945784e+07 -1.38315651e+02 
 7.49894209e+07 -1.38828228e+02 
 7.94328235e+07 -1.39339429e+02 
 8.41395142e+07 -1.39849404e+02 
 8.91250938e+07 -1.40358289e+02 
 9.44060876e+07 -1.40866203e+02 
 1.00000000e+08 -1.41373253e+02 
 1.05925373e+08 -1.41879534e+02 
 1.12201845e+08 -1.42385129e+02 
 1.18850223e+08 -1.42890114e+02 
 1.25892541e+08 -1.43394556e+02 
 1.33352143e+08 -1.43898513e+02 
 1.41253754e+08 -1.44402039e+02 
 1.49623566e+08 -1.44905181e+02 
 1.58489319e+08 -1.45407981e+02 
 1.67880402e+08 -1.45910475e+02 
 1.77827941e+08 -1.46412699e+02 
 1.88364909e+08 -1.46914680e+02 
 1.99526231e+08 -1.47416445e+02 
 2.11348904e+08 -1.47918018e+02 
 2.23872114e+08 -1.48419420e+02 
 2.37137371e+08 -1.48920670e+02 
 2.51188643e+08 -1.49421783e+02 
 2.66072506e+08 -1.49922776e+02 
 2.81838293e+08 -1.50423660e+02 
 2.98538262e+08 -1.50924448e+02 
 3.16227766e+08 -1.51425150e+02 
 3.34965439e+08 -1.51925776e+02 
 3.54813389e+08 -1.52426334e+02 
 3.75837404e+08 -1.52926831e+02 
 3.98107171e+08 -1.53427275e+02 
 4.21696503e+08 -1.53927669e+02 
 4.46683592e+08 -1.54428021e+02 
 4.73151259e+08 -1.54928335e+02 
 5.01187234e+08 -1.55428615e+02 
 5.30884444e+08 -1.55928864e+02 
 5.62341325e+08 -1.56429086e+02 
 5.95662144e+08 -1.56929284e+02 
 6.30957344e+08 -1.57429460e+02 
 6.68343918e+08 -1.57929617e+02 
 7.07945784e+08 -1.58429757e+02 
 7.49894209e+08 -1.58929882e+02 
 7.94328235e+08 -1.59429994e+02 
 8.41395142e+08 -1.59930093e+02 
 8.91250938e+08 -1.60430181e+02 
 9.44060876e+08 -1.60930260e+02 
 1.00000000e+09 -1.61430330e+02 
