 1.00000000e+00 -1.11138670e+02 
 1.05925373e+00 -1.10641385e+02 
 1.12201845e+00 -1.10143917e+02 
 1.18850223e+00 -1.09646120e+02 
 1.25892541e+00 -1.09148112e+02 
 1.33352143e+00 -1.08649923e+02 
 1.41253754e+00 -1.08151456e+02 
 1.49623566e+00 -1.07652888e+02 
 1.58489319e+00 -1.07154150e+02 
 1.67880402e+00 -1.06655271e+02 
 1.77827941e+00 -1.06156233e+02 
 1.88364909e+00 -1.05657149e+02 
 1.99526231e+00 -1.05157962e+02 
 2.11348904e+00 -1.04658649e+02 
 2.23872114e+00 -1.04159246e+02 
 2.37137371e+00 -1.03659823e+02 
 2.51188643e+00 -1.03160339e+02 
 2.66072506e+00 -1.02660761e+02 
 2.81838293e+00 -1.02161142e+02 
 2.98538262e+00 -1.01661538e+02 
 3.16227766e+00 -1.01161826e+02 
 3.34965439e+00 -1.00662119e+02 
 3.54813389e+00 -1.00162375e+02 
 3.75837404e+00 -9.96625875e+01 
 3.98107171e+00 -9.91628173e+01 
 4.21696503e+00 -9.86629396e+01 
 4.46683592e+00 -9.81631296e+01 
 4.73151259e+00 -9.76632737e+01 
 5.01187234e+00 -9.71633934e+01 
 5.30884444e+00 -9.66635257e+01 
 5.62341325e+00 -9.61635972e+01 
 5.95662144e+00 -9.56636909e+01 
 6.30957344e+00 -9.51637510e+01 
 6.68343918e+00 -9.46638475e+01 
 7.07945784e+00 -9.41638959e+01 
 7.49894209e+00 -9.36639601e+01 
 7.94328235e+00 -9.31639936e+01 
 8.41395142e+00 -9.26640644e+01 
 8.91250938e+00 -9.21641084e+01 
 9.44060876e+00 -9.16641586e+01 
 1.00000000e+01 -9.11641617e+01 
 1.05925373e+01 -9.06642128e+01 
 1.12201845e+01 -9.01642276e+01 
 1.18850223e+01 -8.96642718e+01 
 1.25892541e+01 -8.91642335e+01 
 1.33352143e+01 -8.86642755e+01 
 1.41253754e+01 -8.81643008e+01 
 1.49623566e+01 -8.76643415e+01 
 1.58489319e+01 -8.71643005e+01 
 1.67880402e+01 -8.66643283e+01 
 1.77827941e+01 -8.61643510e+01 
 1.88364909e+01 -8.56643372e+01 
 1.99526231e+01 -8.51643468e+01 
 2.11348904e+01 -8.46643828e+01 
 2.23872114e+01 -8.41643850e+01 
 2.37137371e+01 -8.36643684e+01 
 2.51188643e+01 -8.31644079e+01 
 2.66072506e+01 -8.26643796e+01 
 2.81838293e+01 -8.21643943e+01 
 2.98538262e+01 -8.16643978e+01 
 3.16227766e+01 -8.11644035e+01 
 3.34965439e+01 -8.06643975e+01 
 3.54813389e+01 -8.01644031e+01 
 3.75837404e+01 -7.96644063e+01 
 3.98107171e+01 -7.91644172e+01 
 4.21696503e+01 -7.86644073e+01 
 4.46683592e+01 -7.81644186e+01 
 4.73151259e+01 -7.76644188e+01 
 5.01187234e+01 -7.71644090e+01 
 5.30884444e+01 -7.66644133e+01 
 5.62341325e+01 -7.61644120e+01 
 5.95662144e+01 -7.56644166e+01 
 6.30957344e+01 -7.51644195e+01 
 6.68343918e+01 -7.46644232e+01 
 7.07945784e+01 -7.41644218e+01 
 7.49894209e+01 -7.36644214e+01 
 7.94328235e+01 -7.31644220e+01 
 8.41395142e+01 -7.26644231e+01 
 8.91250938e+01 -7.21644218e+01 
 9.44060876e+01 -7.16644217e+01 
 1.00000000e+02 -7.11644229e+01 
 1.05925373e+02 -7.06644226e+01 
 1.12201845e+02 -7.01644236e+01 
 1.18850223e+02 -6.96644240e+01 
 1.25892541e+02 -6.91644240e+01 
 1.33352143e+02 -6.86644243e+01 
 1.41253754e+02 -6.81644246e+01 
 1.49623566e+02 -6.76644240e+01 
 1.58489319e+02 -6.71644240e+01 
 1.67880402e+02 -6.66644250e+01 
 1.77827941e+02 -6.61644254e+01 
 1.88364909e+02 -6.56644256e+01 
 1.99526231e+02 -6.51644258e+01 
 2.11348904e+02 -6.46644258e+01 
 2.23872114e+02 -6.41644261e+01 
 2.37137371e+02 -6.36644265e+01 
 2.51188643e+02 -6.31644269e+01 
 2.66072506e+02 -6.26644270e+01 
 2.81838293e+02 -6.21644273e+01 
 2.98538262e+02 -6.16644279e+01 
 3.16227766e+02 -6.11644281e+01 
 3.34965439e+02 -6.06644285e+01 
 3.54813389e+02 -6.01644289e+01 
 3.75837404e+02 -5.96644295e+01 
 3.98107171e+02 -5.91644301e+01 
 4.21696503e+02 -5.86644308e+01 
 4.46683592e+02 -5.81644315e+01 
 4.73151259e+02 -5.76644323e+01 
 5.01187234e+02 -5.71644332e+01 
 5.30884444e+02 -5.66644342e+01 
 5.62341325e+02 -5.61644354e+01 
 5.95662144e+02 -5.56644367e+01 
 6.30957344e+02 -5.51644381e+01 
 6.68343918e+02 -5.46644397e+01 
 7.07945784e+02 -5.41644414e+01 
 7.49894209e+02 -5.36644434e+01 
 7.94328235e+02 -5.31644457e+01 
 8.41395142e+02 -5.26644482e+01 
 8.91250938e+02 -5.21644511e+01 
 9.44060876e+02 -5.16644542e+01 
 1.00000000e+03 -5.11644578e+01 
 1.05925373e+03 -5.06644618e+01 
 1.12201845e+03 -5.01644663e+01 
 1.18850223e+03 -4.96644713e+01 
 1.25892541e+03 -4.91644770e+01 
 1.33352143e+03 -4.86644833e+01 
 1.41253754e+03 -4.81644904e+01 
 1.49623566e+03 -4.76644984e+01 
 1.58489319e+03 -4.71645073e+01 
 1.67880402e+03 -4.66645174e+01 
 1.77827941e+03 -4.61645286e+01 
 1.88364909e+03 -4.56645413e+01 
 1.99526231e+03 -4.51645555e+01 
 2.11348904e+03 -4.46645714e+01 
 2.23872114e+03 -4.41645892e+01 
 2.37137371e+03 -4.36646093e+01 
 2.51188643e+03 -4.31646317e+01 
 2.66072506e+03 -4.26646570e+01 
 2.81838293e+03 -4.21646852e+01 
 2.98538262e+03 -4.16647170e+01 
 3.16227766e+03 -4.11647526e+01 
 3.34965439e+03 -4.06647926e+01 
 3.54813389e+03 -4.01648374e+01 
 3.75837404e+03 -3.96648877e+01 
 3.98107171e+03 -3.91649442e+01 
 4.21696503e+03 -3.86650075e+01 
 4.46683592e+03 -3.81650786e+01 
 4.73151259e+03 -3.76651583e+01 
 5.01187234e+03 -3.71652478e+01 
 5.30884444e+03 -3.66653481e+01 
 5.62341325e+03 -3.61654608e+01 
 5.95662144e+03 -3.56655871e+01 
 6.30957344e+03 -3.51657289e+01 
 6.68343918e+03 -3.46658880e+01 
 7.07945784e+03 -3.41660664e+01 
 7.49894209e+03 -3.36662667e+01 
 7.94328235e+03 -3.31664913e+01 
 8.41395142e+03 -3.26667434e+01 
 8.91250938e+03 -3.21670261e+01 
 9.44060876e+03 -3.16673434e+01 
 1.00000000e+04 -3.11676994e+01 
 1.05925373e+04 -3.06680987e+01 
 1.12201845e+04 -3.01685468e+01 
 1.18850223e+04 -2.96690494e+01 
 1.25892541e+04 -2.91696133e+01 
 1.33352143e+04 -2.86702460e+01 
 1.41253754e+04 -2.81709557e+01 
 1.49623566e+04 -2.76717519e+01 
 1.58489319e+04 -2.71726450e+01 
 1.67880402e+04 -2.66736469e+01 
 1.77827941e+04 -2.61747708e+01 
 1.88364909e+04 -2.56760315e+01 
 1.99526231e+04 -2.51774455e+01 
 2.11348904e+04 -2.46790316e+01 
 2.23872114e+04 -2.41808104e+01 
 2.37137371e+04 -2.36828055e+01 
 2.51188643e+04 -2.31850429e+01 
 2.66072506e+04 -2.26875519e+01 
 2.81838293e+04 -2.21903653e+01 
 2.98538262e+04 -2.16935197e+01 
 3.16227766e+04 -2.11970564e+01 
 3.34965439e+04 -2.07010211e+01 
 3.54813389e+04 -2.02054653e+01 
 3.75837404e+04 -1.97104462e+01 
 3.98107171e+04 -1.92160281e+01 
 4.21696503e+04 -1.87222824e+01 
 4.46683592e+04 -1.82292890e+01 
 4.73151259e+04 -1.77371371e+01 
 5.01187234e+04 -1.72459257e+01 
 5.30884444e+04 -1.67557653e+01 
 5.62341325e+04 -1.62667788e+01 
 5.95662144e+04 -1.57791027e+01 
 6.30957344e+04 -1.52928883e+01 
 6.68343918e+04 -1.48083036e+01 
 7.07945784e+04 -1.43255343e+01 
 7.49894209e+04 -1.38447856e+01 
 7.94328235e+04 -1.33662837e+01 
 8.41395142e+04 -1.28902777e+01 
 8.91250938e+04 -1.24170408e+01 
 9.44060876e+04 -1.19468724e+01 
 1.00000000e+05 -1.14800992e+01 
 1.05925373e+05 -1.10170770e+01 
 1.12201845e+05 -1.05581913e+01 
 1.18850223e+05 -1.01038586e+01 
 1.25892541e+05 -9.65452659e+00 
 1.33352143e+05 -9.21067431e+00 
 1.41253754e+05 -8.77281117e+00 
 1.49623566e+05 -8.34147565e+00 
 1.58489319e+05 -7.91723296e+00 
 1.67880402e+05 -7.50067167e+00 
 1.77827941e+05 -7.09239929e+00 
 1.88364909e+05 -6.69303667e+00 
 1.99526231e+05 -6.30321118e+00 
 2.11348904e+05 -5.92354868e+00 
 2.23872114e+05 -5.55466444e+00 
 2.37137371e+05 -5.19715296e+00 
 2.51188643e+05 -4.85157725e+00 
 2.66072506e+05 -4.51845752e+00 
 2.81838293e+05 -4.19825988e+00 
 2.98538262e+05 -3.89138548e+00 
 3.16227766e+05 -3.59816044e+00 
 3.34965439e+05 -3.31882706e+00 
 3.54813389e+05 -3.05353679e+00 
 3.75837404e+05 -2.80234530e+00 
 3.98107171e+05 -2.56520977e+00 
 4.21696503e+05 -2.34198867e+00 
 4.46683592e+05 -2.13244398e+00 
 4.73151259e+05 -1.93624557e+00 
 5.01187234e+05 -1.75297766e+00 
 5.30884444e+05 -1.58214675e+00 
 5.62341325e+05 -1.42319088e+00 
 5.95662144e+05 -1.27548936e+00 
 6.30957344e+05 -1.13837284e+00 
 6.68343918e+05 -1.01113313e+00 
 7.07945784e+05 -8.93032278e-01 
 7.49894209e+05 -7.83310833e-01 
 7.94328235e+05 -6.81194806e-01 
 8.41395142e+05 -5.85901302e-01 
 8.91250938e+05 -4.96642658e-01 
 9.44060876e+05 -4.12629041e-01 
 1.00000000e+06 -3.33069502e-01 
 1.05925373e+06 -2.57171487e-01 
 1.12201845e+06 -1.84138840e-01 
 1.18850223e+06 -1.13168311e-01 
 1.25892541e+06 -4.34445781e-02 
 1.33352143e+06  2.58662358e-02 
 1.41253754e+06  9.56246254e-02 
 1.49623566e+06  1.66727453e-01 
 1.58489319e+06  2.40119579e-01 
 1.67880402e+06  3.16807638e-01 
 1.77827941e+06  3.97876354e-01 
 1.88364909e+06  4.84507904e-01 
 1.99526231e+06  5.78005053e-01 
 2.11348904e+06  6.79819000e-01 
 2.23872114e+06  7.91583214e-01 
 2.37137371e+06  9.15155022e-01 
 2.51188643e+06  1.05266729e+00 
 2.66072506e+06  1.20659350e+00 
 2.81838293e+06  1.37983085e+00 
 2.98538262e+06  1.57580792e+00 
 3.16227766e+06  1.79862638e+00 
 3.34965439e+06  2.05325089e+00 
 3.54813389e+06  2.34576852e+00 
 3.75837404e+06  2.68375058e+00 
 3.98107171e+06  3.07676969e+00 
 4.21696503e+06  3.53715877e+00 
 4.46683592e+06  4.08115947e+00 
 4.73151259e+06  4.73072140e+00 
 5.01187234e+06  5.51643384e+00 
 5.30884444e+06  6.48251434e+00 
 5.62341325e+06  7.69567399e+00 
 5.95662144e+06  9.26127944e+00 
 6.30957344e+06  1.13503395e+01 
 6.68343918e+06  1.42019028e+01 
 7.07945784e+06  1.75139513e+01 
 7.49894209e+06  1.72185783e+01 
 7.94328235e+06  1.29946427e+01 
 8.41395142e+06  9.13022174e+00 
 8.91250938e+06  6.04223811e+00 
 9.44060876e+06  3.49272198e+00 
 1.00000000e+07  1.30612117e+00 
 1.05925373e+07 -6.25587745e-01 
 1.12201845e+07 -2.37040905e+00 
 1.18850223e+07 -3.97308975e+00 
 1.25892541e+07 -5.46431440e+00 
 1.33352143e+07 -6.86586610e+00 
 1.41253754e+07 -8.19365089e+00 
 1.49623566e+07 -9.45954942e+00 
 1.58489319e+07 -1.06725967e+01 
 1.67880402e+07 -1.18397610e+01 
 1.77827941e+07 -1.29664756e+01 
 1.88364909e+07 -1.40570114e+01 
 1.99526231e+07 -1.51147460e+01 
 2.11348904e+07 -1.61423632e+01 
 2.23872114e+07 -1.71420035e+01 
 2.37137371e+07 -1.81153821e+01 
 2.51188643e+07 -1.90638811e+01 
 2.66072506e+07 -1.99886252e+01 
 2.81838293e+07 -2.08905431e+01 
 2.98538262e+07 -2.17704191e+01 
 3.16227766e+07 -2.26289355e+01 
 3.34965439e+07 -2.34667087e+01 
 3.54813389e+07 -2.42843177e+01 
 3.75837404e+07 -2.50823286e+01 
 3.98107171e+07 -2.58613121e+01 
 4.21696503e+07 -2.66218578e+01 
 4.46683592e+07 -2.73645826e+01 
 4.73151259e+07 -2.80901365e+01 
 5.01187234e+07 -2.87992032e+01 
 5.30884444e+07 -2.94924994e+01 
 5.62341325e+07 -3.01707707e+01 
 5.95662144e+07 -3.08347858e+01 
 6.30957344e+07 -3.14853295e+01 
 6.68343918e+07 -3.21231954e+01 
 7.07945784e+07 -3.27491781e+01 
 7.49894209e+07 -3.33640651e+01 
 7.94328235e+07 -3.39686306e+01 
 8.41395142e+07 -3.45636283e+01 
 8.91250938e+07 -3.51497870e+01 
 9.44060876e+07 -3.57278051e+01 
 1.00000000e+08 -3.62983483e+01 
 1.05925373e+08 -3.68620462e+01 
 1.12201845e+08 -3.74194915e+01 
 1.18850223e+08 -3.79712388e+01 
 1.25892541e+08 -3.85178045e+01 
 1.33352143e+08 -3.90596676e+01 
 1.41253754e+08 -3.95972703e+01 
 1.49623566e+08 -4.01310197e+01 
 1.58489319e+08 -4.06612890e+01 
 1.67880402e+08 -4.11884195e+01 
 1.77827941e+08 -4.17127225e+01 
 1.88364909e+08 -4.22344813e+01 
 1.99526231e+08 -4.27539529e+01 
 2.11348904e+08 -4.32713705e+01 
 2.23872114e+08 -4.37869446e+01 
 2.37137371e+08 -4.43008656e+01 
 2.51188643e+08 -4.48133051e+01 
 2.66072506e+08 -4.53244177e+01 
 2.81838293e+08 -4.58343425e+01 
 2.98538262e+08 -4.63432045e+01 
 3.16227766e+08 -4.68511158e+01 
 3.34965439e+08 -4.73581773e+01 
 3.54813389e+08 -4.78644792e+01 
 3.75837404e+08 -4.83701025e+01 
 3.98107171e+08 -4.88751195e+01 
 4.21696503e+08 -4.93795951e+01 
 4.46683592e+08 -4.98835873e+01 
 4.73151259e+08 -5.03871481e+01 
 5.01187234e+08 -5.08903238e+01 
 5.30884444e+08 -5.13931558e+01 
 5.62341325e+08 -5.18956811e+01 
 5.95662144e+08 -5.23979329e+01 
 6.30957344e+08 -5.28999407e+01 
 6.68343918e+08 -5.34017308e+01 
 7.07945784e+08 -5.39033268e+01 
 7.49894209e+08 -5.44047496e+01 
 7.94328235e+08 -5.49060181e+01 
 8.41395142e+08 -5.54071488e+01 
 8.91250938e+08 -5.59081568e+01 
 9.44060876e+08 -5.64090554e+01 
 1.00000000e+09 -5.69098564e+01 
