1.0000000000E+00  1.0697015299E+02
1.0592537300E+00  1.0677797913E+02
1.1220184500E+00  1.0657201943E+02
1.1885022300E+00  1.0635199179E+02
1.2589254100E+00  1.0611770110E+02
1.3335214300E+00  1.0586904391E+02
1.4125375400E+00  1.0560601138E+02
1.4962356600E+00  1.0532868935E+02
1.5848931900E+00  1.0503725626E+02
1.6788040200E+00  1.0473197832E+02
1.7782794100E+00  1.0441320303E+02
1.8836490900E+00  1.0408135051E+02
1.9952623100E+00  1.0373690387E+02
2.1134890400E+00  1.0338039833E+02
2.2387211400E+00  1.0301241037E+02
2.3713737100E+00  1.0263354646E+02
2.5118864300E+00  1.0224443255E+02
2.6607250600E+00  1.0184570394E+02
2.8183829300E+00  1.0143799650E+02
2.9853826200E+00  1.0102193860E+02
3.1622776600E+00  1.0059814447E+02
3.3496543900E+00  1.0016720866E+02
3.5481338900E+00  9.9729701692E+01
3.7583740400E+00  9.9286166806E+01
3.9810717100E+00  9.8837117656E+01
4.2169650300E+00  9.8383037003E+01
4.4668359200E+00  9.7924375890E+01
4.7315125900E+00  9.7461553798E+01
5.0118723400E+00  9.6994959018E+01
5.3088444400E+00  9.6524949575E+01
5.6234132500E+00  9.6051854347E+01
5.9566214400E+00  9.5575974528E+01
6.3095734400E+00  9.5097585168E+01
6.6834391800E+00  9.4616936698E+01
7.0794578400E+00  9.4134256761E+01
7.4989420900E+00  9.3649751704E+01
7.9432823500E+00  9.3163608329E+01
8.4139514200E+00  9.2675995435E+01
8.9125093800E+00  9.2187065316E+01
9.4406087600E+00  9.1696955192E+01
1.0000000000E+01  9.1205788570E+01
1.0592537300E+01  9.0713676461E+01
1.1220184500E+01  9.0220718753E+01
1.1885022300E+01  8.9727004725E+01
1.2589254100E+01  8.9232614858E+01
1.3335214300E+01  8.8737620985E+01
1.4125375400E+01  8.8242087581E+01
1.4962356600E+01  8.7746072251E+01
1.5848931900E+01  8.7249626757E+01
1.6788040200E+01  8.6752797113E+01
1.7782794100E+01  8.6255624678E+01
1.8836490900E+01  8.5758146289E+01
1.9952623100E+01  8.5260394939E+01
2.1134890400E+01  8.4762399988E+01
2.2387211400E+01  8.4264187786E+01
2.3713737100E+01  8.3765781778E+01
2.5118864300E+01  8.3267202949E+01
2.6607250600E+01  8.2768469936E+01
2.8183829300E+01  8.2269599462E+01
2.9853826200E+01  8.1770606390E+01
3.1622776600E+01  8.1271504023E+01
3.3496543900E+01  8.0772304197E+01
3.5481338900E+01  8.0273017477E+01
3.7583740400E+01  7.9773653287E+01
3.9810717100E+01  7.9274220016E+01
4.2169650300E+01  7.8774725210E+01
4.4668359200E+01  7.8275175494E+01
4.7315125900E+01  7.7775576852E+01
5.0118723400E+01  7.7275934594E+01
5.3088444400E+01  7.6776253474E+01
5.6234132500E+01  7.6276537688E+01
5.9566214400E+01  7.5776791004E+01
6.3095734400E+01  7.5277016809E+01
6.6834391800E+01  7.4777218047E+01
7.0794578400E+01  7.4277397433E+01
7.4989420900E+01  7.3777557312E+01
7.9432823500E+01  7.3277699808E+01
8.4139514200E+01  7.2777826822E+01
8.9125093800E+01  7.2277940038E+01
9.4406087600E+01  7.1778040948E+01
1.0000000000E+02  7.1278130890E+01
1.0592537300E+02  7.0778211023E+01
1.1220184500E+02  7.0278282561E+01
1.1885022300E+02  6.9778346214E+01
1.2589254100E+02  6.9278403035E+01
1.3335214300E+02  6.8778453664E+01
1.4125375400E+02  6.8278498816E+01
1.4962356600E+02  6.7778539011E+01
1.5848931900E+02  6.7278574936E+01
1.6788040200E+02  6.6778606919E+01
1.7782794100E+02  6.6278635479E+01
1.8836490900E+02  6.5778660949E+01
1.9952623100E+02  6.5278683705E+01
2.1134890400E+02  6.4778703976E+01
2.2387211400E+02  6.4278722095E+01
2.3713737100E+02  6.3778738280E+01
2.5118864300E+02  6.3278752783E+01
2.6607250600E+02  6.2778765736E+01
2.8183829300E+02  6.2278777351E+01
2.9853826200E+02  6.1778787758E+01
3.1622776600E+02  6.1278797118E+01
3.3496543900E+02  6.0778805545E+01
3.5481338900E+02  6.0278813148E+01
3.7583740400E+02  5.9778820029E+01
3.9810717100E+02  5.9278826264E+01
4.2169650300E+02  5.8778831987E+01
4.4668359200E+02  5.8278837215E+01
4.7315125900E+02  5.7778842043E+01
5.0118723400E+02  5.7278846533E+01
5.3088444400E+02  5.6778850760E+01
5.6234132500E+02  5.6278854755E+01
5.9566214400E+02  5.5778858572E+01
6.3095734400E+02  5.5278862294E+01
6.6834391800E+02  5.4778865922E+01
7.0794578400E+02  5.4278869552E+01
7.4989420900E+02  5.3778873199E+01
7.9432823500E+02  5.3278876915E+01
8.4139514200E+02  5.2778880764E+01
8.9125093800E+02  5.2278884794E+01
9.4406087600E+02  5.1778889051E+01
1.0000000000E+03  5.1278893590E+01
1.0592537300E+03  5.0778898439E+01
1.1220184500E+03  5.0278903812E+01
1.1885022300E+03  4.9778909542E+01
1.2589254100E+03  4.9278915913E+01
1.3335214300E+03  4.8778922898E+01
1.4125375400E+03  4.8278930631E+01
1.4962356600E+03  4.7778939136E+01
1.5848931900E+03  4.7278948680E+01
1.6788040200E+03  4.6778959242E+01
1.7782794100E+03  4.6278971055E+01
1.8836490900E+03  4.5778984230E+01
1.9952623100E+03  4.5278998980E+01
2.1134890400E+03  4.4779015430E+01
2.2387211400E+03  4.4279033860E+01
2.3713737100E+03  4.3779054492E+01
2.5118864300E+03  4.3279077638E+01
2.6607250600E+03  4.2779103545E+01
2.8183829300E+03  4.2279132596E+01
2.9853826200E+03  4.1779165152E+01
3.1622776600E+03  4.1279201669E+01
3.3496543900E+03  4.0779242620E+01
3.5481338900E+03  4.0279288546E+01
3.7583740400E+03  3.9779340058E+01
3.9810717100E+03  3.9279397823E+01
4.2169650300E+03  3.8779462659E+01
4.4668359200E+03  3.8279535367E+01
4.7315125900E+03  3.7779616937E+01
5.0118723400E+03  3.7279708448E+01
5.3088444400E+03  3.6779811131E+01
5.6234132500E+03  3.6279926321E+01
5.9566214400E+03  3.5780055547E+01
6.3095734400E+03  3.5280200555E+01
6.6834391800E+03  3.4780363218E+01
7.0794578400E+03  3.4280545741E+01
7.4989420900E+03  3.3780750510E+01
7.9432823500E+03  3.3280980243E+01
8.4139514200E+03  3.2781237997E+01
8.9125093800E+03  3.2281527186E+01
9.4406087600E+03  3.1781851632E+01
1.0000000000E+04  3.1282215630E+01
1.0592537300E+04  3.0782623968E+01
1.1220184500E+04  3.0283082201E+01
1.1885022300E+04  2.9783596153E+01
1.2589254100E+04  2.9284172832E+01
1.3335214300E+04  2.8784819750E+01
1.4125375400E+04  2.8285545501E+01
1.4962356600E+04  2.7786359593E+01
1.5848931900E+04  2.7287272930E+01
1.6788040200E+04  2.6788297417E+01
1.7782794100E+04  2.6289446657E+01
1.8836490900E+04  2.5790735747E+01
1.9952623100E+04  2.5292181699E+01
2.1134890400E+04  2.4793803459E+01
2.2387211400E+04  2.4295622400E+01
2.3713737100E+04  2.3797662371E+01
2.5118864300E+04  2.3299950142E+01
2.6607250600E+04  2.2802515595E+01
2.8183829300E+04  2.2305392282E+01
2.9853826200E+04  2.1808617689E+01
3.1622776600E+04  2.1312233806E+01
3.3496543900E+04  2.0816287561E+01
3.5481338900E+04  2.0320831428E+01
3.7583740400E+04  1.9825924054E+01
3.9810717100E+04  1.9331630929E+01
4.2169650300E+04  1.8838025235E+01
4.4668359200E+04  1.8345188504E+01
4.7315125900E+04  1.7853211730E+01
5.0118723400E+04  1.7362196257E+01
5.3088444400E+04  1.6872254914E+01
5.6234132500E+04  1.6383513126E+01
5.9566214400E+04  1.5896110255E+01
6.3095734400E+04  1.5410200954E+01
6.6834391800E+04  1.4925956501E+01
7.0794578400E+04  1.4443566488E+01
7.4989420900E+04  1.3963240230E+01
7.9432823500E+04  1.3485208520E+01
8.4139514200E+04  1.3009725249E+01
8.9125093800E+04  1.2537069047E+01
9.4406087600E+04  1.2067544888E+01
1.0000000000E+05  1.1601485623E+01
1.0592537300E+05  1.1139253292E+01
1.1220184500E+05  1.0681240441E+01
1.1885022300E+05  1.0227870410E+01
1.2589254100E+05  9.7795984756E+00
1.3335214300E+05  9.3369110118E+00
1.4125375400E+05  8.9003251349E+00
1.4962356600E+05  8.4703868983E+00
1.5848931900E+05  8.0476691403E+00
1.6788040200E+05  7.6327675651E+00
1.7782794100E+05  7.2262966257E+00
1.8836490900E+05  6.8288834547E+00
1.9952623100E+05  6.4411610905E+00
2.1134890400E+05  6.0637601870E+00
2.2387211400E+05  5.6972999825E+00
2.3713737100E+05  5.3423779878E+00
2.5118864300E+05  4.9995592789E+00
2.6607250600E+05  4.6693652219E+00
2.8183829300E+05  4.3522624757E+00
2.9853826200E+05  4.0486522350E+00
3.1622776600E+05  3.7588605871E+00
3.3496543900E+05  3.4831301496E+00
3.5481338900E+05  3.2216135900E+00
3.7583740400E+05  2.9743692593E+00
3.9810717100E+05  2.7413591908E+00
4.2169650300E+05  2.5224496191E+00
4.4668359200E+05  2.3174138109E+00
4.7315125900E+05  2.1259373260E+00
5.0118723400E+05  1.9476251063E+00
5.3088444400E+05  1.7820102234E+00
5.6234132500E+05  1.6285637227E+00
5.9566214400E+05  1.4867051897E+00
6.3095734400E+05  1.3558135005E+00
6.6834391800E+05  1.2352373391E+00
7.0794578400E+05  1.1243052199E+00
7.4989420900E+05  1.0223345623E+00
7.9432823500E+05  9.2863976890E-01
8.4139514200E+05  8.4253906530E-01
8.9125093800E+05  7.6336007900E-01
9.4406087600E+05  6.9044415455E-01
1.0000000000E+06  6.2314944398E-01
1.0592537300E+06  5.6085284137E-01
1.1220184500E+06  5.0295090144E-01
1.1885022300E+06  4.4885973306E-01
1.2589254100E+06  3.9801423897E-01
1.3335214300E+06  3.4986647461E-01
1.4125375400E+06  3.0388355274E-01
1.4962356600E+06  2.5954497863E-01
1.5848931900E+06  2.1633964316E-01
1.6788040200E+06  1.7376241605E-01
1.7782794100E+06  1.3131058139E-01
1.8836490900E+06  8.8480004602E-02
1.9952623100E+06  4.4761218876E-02
2.1134890400E+06  -3.6460333937E-04
2.2387211400E+06  -4.7429665599E-02
2.3713737100E+06  -9.6983575343E-02
2.5118864300E+06  -1.4959724979E-01
2.6607250600E+06  -2.0586669663E-01
2.8183829300E+06  -2.6641652812E-01
2.9853826200E+06  -3.3190319550E-01
3.1622776600E+06  -4.0301777973E-01
3.3496543900E+06  -4.8048828033E-01
3.5481338900E+06  -5.6508124557E-01
3.7583740400E+06  -6.5760263734E-01
3.9810717100E+06  -7.5889779831E-01
4.2169650300E+06  -8.6985036792E-01
4.4668359200E+06  -9.9138011094E-01
4.7315125900E+06  -1.1244394262E+00
5.0118723400E+06  -1.2700086226E+00
5.3088444400E+06  -1.4290898369E+00
5.6234132500E+06  -1.6026997036E+00
5.9566214400E+06  -1.7918607955E+00
6.3095734400E+06  -1.9975920610E+00
6.6834391800E+06  -2.2208985191E+00
7.0794578400E+06  -2.4627603245E+00
7.4989420900E+06  -2.7241218009E+00
7.9432823500E+06  -3.0058805005E+00
8.4139514200E+06  -3.3088768232E+00
8.9125093800E+06  -3.6338844311E+00
9.4406087600E+06  -3.9816016860E+00
1.0000000000E+07  -4.3526442739E+00
1.0592537300E+07  -4.7475391450E+00
1.1220184500E+07  -5.1667195078E+00
1.1885022300E+07  -5.6105216590E+00
1.2589254100E+07  -6.0791816962E+00
1.3335214300E+07  -6.5728345245E+00
1.4125375400E+07  -7.0915125778E+00
1.4962356600E+07  -7.6351459610E+00
1.5848931900E+07  -8.2035626588E+00
1.6788040200E+07  -8.7964904667E+00
1.7782794100E+07  -9.4135585925E+00
1.8836490900E+07  -1.0054301290E+01
1.9952623100E+07  -1.0718161918E+01
2.1134890400E+07  -1.1404498762E+01
2.2387211400E+07  -1.2112591555E+01
2.3713737100E+07  -1.2841649893E+01
2.5118864300E+07  -1.3590822298E+01
2.6607250600E+07  -1.4359206662E+01
2.8183829300E+07  -1.5145860857E+01
2.9853826200E+07  -1.5949814233E+01
3.1622776600E+07  -1.6770078745E+01
3.3496543900E+07  -1.7605660053E+01
3.5481338900E+07  -1.8455567818E+01
3.7583740400E+07  -1.9318825208E+01
3.9810717100E+07  -2.0194477361E+01
4.2169650300E+07  -2.1081598469E+01
4.4668359200E+07  -2.1979298074E+01
4.7315125900E+07  -2.2886725436E+01
5.0118723400E+07  -2.3803073233E+01
5.3088444400E+07  -2.4727579834E+01
5.6234132500E+07  -2.5659530755E+01
5.9566214400E+07  -2.6598258974E+01
6.3095734400E+07  -2.7543144601E+01
6.6834391800E+07  -2.8493614141E+01
7.0794578400E+07  -2.9449138713E+01
7.4989420900E+07  -3.0409232552E+01
7.9432823500E+07  -3.1373450678E+01
8.4139514200E+07  -3.2341386655E+01
8.9125093800E+07  -3.3312670228E+01
9.4406087600E+07  -3.4286964868E+01
1.0000000000E+08  -3.5263965296E+01
1.0592537300E+08  -3.6243395170E+01
1.1220184500E+08  -3.7225004348E+01
1.1885022300E+08  -3.8208567788E+01
1.2589254100E+08  -3.9193881816E+01
1.3335214300E+08  -4.0180763659E+01
1.4125375400E+08  -4.1169048660E+01
1.4962356600E+08  -4.2158589114E+01
1.5848931900E+08  -4.3149251986E+01
1.6788040200E+08  -4.4140918507E+01
1.7782794100E+08  -4.5133481773E+01
1.8836490900E+08  -4.6126846270E+01
1.9952623100E+08  -4.7120926325E+01
2.1134890400E+08  -4.8115645483E+01
2.2387211400E+08  -4.9110935100E+01
2.3713737100E+08  -5.0106733957E+01
2.5118864300E+08  -5.1102987219E+01
2.6607250600E+08  -5.2099646073E+01
2.8183829300E+08  -5.3096666732E+01
2.9853826200E+08  -5.4094010205E+01
3.1622776600E+08  -5.5091641592E+01
3.3496543900E+08  -5.6089529797E+01
3.5481338900E+08  -5.7087647054E+01
3.7583740400E+08  -5.8085968576E+01
3.9810717100E+08  -5.9084472281E+01
4.2169650300E+08  -6.0083138335E+01
4.4668359200E+08  -6.1081949257E+01
4.7315125900E+08  -6.2080889294E+01
5.0118723400E+08  -6.3079944453E+01
5.3088444400E+08  -6.4079102210E+01
5.6234132500E+08  -6.5078351483E+01
5.9566214400E+08  -6.6077682339E+01
6.3095734400E+08  -6.7077085858E+01
6.6834391800E+08  -6.8076554243E+01
7.0794578400E+08  -6.9076080361E+01
7.4989420900E+08  -7.0075658002E+01
7.9432823500E+08  -7.1075281562E+01
8.4139514200E+08  -7.2074946029E+01
8.9125093800E+08  -7.3074646959E+01
9.4406087600E+08  -7.4074380406E+01
1.0000000000E+09  -7.5074142839E+01
