 1.00000000e+00  1.08982234e+02 
 1.05925373e+00  1.08482302e+02 
 1.12201845e+00  1.07982362e+02 
 1.18850223e+00  1.07482416e+02 
 1.25892541e+00  1.06982464e+02 
 1.33352143e+00  1.06482506e+02 
 1.41253754e+00  1.05982544e+02 
 1.49623566e+00  1.05482578e+02 
 1.58489319e+00  1.04982608e+02 
 1.67880402e+00  1.04482635e+02 
 1.77827941e+00  1.03982659e+02 
 1.88364909e+00  1.03482681e+02 
 1.99526231e+00  1.02982700e+02 
 2.11348904e+00  1.02482717e+02 
 2.23872114e+00  1.01982732e+02 
 2.37137371e+00  1.01482745e+02 
 2.51188643e+00  1.00982757e+02 
 2.66072506e+00  1.00482768e+02 
 2.81838293e+00  9.99827776e+01 
 2.98538262e+00  9.94827861e+01 
 3.16227766e+00  9.89827937e+01 
 3.34965439e+00  9.84828004e+01 
 3.54813389e+00  9.79828064e+01 
 3.75837404e+00  9.74828118e+01 
 3.98107171e+00  9.69828166e+01 
 4.21696503e+00  9.64828209e+01 
 4.46683592e+00  9.59828247e+01 
 4.73151259e+00  9.54828281e+01 
 5.01187234e+00  9.49828311e+01 
 5.30884444e+00  9.44828338e+01 
 5.62341325e+00  9.39828362e+01 
 5.95662144e+00  9.34828383e+01 
 6.30957344e+00  9.29828402e+01 
 6.68343918e+00  9.24828419e+01 
 7.07945784e+00  9.19828434e+01 
 7.49894209e+00  9.14828448e+01 
 7.94328235e+00  9.09828460e+01 
 8.41395142e+00  9.04828470e+01 
 8.91250938e+00  8.99828480e+01 
 9.44060876e+00  8.94828488e+01 
 1.00000000e+01  8.89828496e+01 
 1.05925373e+01  8.84828503e+01 
 1.12201845e+01  8.79828509e+01 
 1.18850223e+01  8.74828514e+01 
 1.25892541e+01  8.69828519e+01 
 1.33352143e+01  8.64828523e+01 
 1.41253754e+01  8.59828527e+01 
 1.49623566e+01  8.54828530e+01 
 1.58489319e+01  8.49828533e+01 
 1.67880402e+01  8.44828536e+01 
 1.77827941e+01  8.39828539e+01 
 1.88364909e+01  8.34828541e+01 
 1.99526231e+01  8.29828543e+01 
 2.11348904e+01  8.24828544e+01 
 2.23872114e+01  8.19828546e+01 
 2.37137371e+01  8.14828547e+01 
 2.51188643e+01  8.09828548e+01 
 2.66072506e+01  8.04828549e+01 
 2.81838293e+01  7.99828550e+01 
 2.98538262e+01  7.94828551e+01 
 3.16227766e+01  7.89828552e+01 
 3.34965439e+01  7.84828553e+01 
 3.54813389e+01  7.79828553e+01 
 3.75837404e+01  7.74828554e+01 
 3.98107171e+01  7.69828554e+01 
 4.21696503e+01  7.64828555e+01 
 4.46683592e+01  7.59828555e+01 
 4.73151259e+01  7.54828556e+01 
 5.01187234e+01  7.49828556e+01 
 5.30884444e+01  7.44828556e+01 
 5.62341325e+01  7.39828556e+01 
 5.95662144e+01  7.34828557e+01 
 6.30957344e+01  7.29828557e+01 
 6.68343918e+01  7.24828557e+01 
 7.07945784e+01  7.19828557e+01 
 7.49894209e+01  7.14828557e+01 
 7.94328235e+01  7.09828558e+01 
 8.41395142e+01  7.04828558e+01 
 8.91250938e+01  6.99828558e+01 
 9.44060876e+01  6.94828558e+01 
 1.00000000e+02  6.89828558e+01 
 1.05925373e+02  6.84828558e+01 
 1.12201845e+02  6.79828558e+01 
 1.18850223e+02  6.74828559e+01 
 1.25892541e+02  6.69828559e+01 
 1.33352143e+02  6.64828559e+01 
 1.41253754e+02  6.59828559e+01 
 1.49623566e+02  6.54828559e+01 
 1.58489319e+02  6.49828560e+01 
 1.67880402e+02  6.44828560e+01 
 1.77827941e+02  6.39828560e+01 
 1.88364909e+02  6.34828560e+01 
 1.99526231e+02  6.29828560e+01 
 2.11348904e+02  6.24828561e+01 
 2.23872114e+02  6.19828561e+01 
 2.37137371e+02  6.14828562e+01 
 2.51188643e+02  6.09828562e+01 
 2.66072506e+02  6.04828562e+01 
 2.81838293e+02  5.99828563e+01 
 2.98538262e+02  5.94828564e+01 
 3.16227766e+02  5.89828564e+01 
 3.34965439e+02  5.84828565e+01 
 3.54813389e+02  5.79828566e+01 
 3.75837404e+02  5.74828567e+01 
 3.98107171e+02  5.69828568e+01 
 4.21696503e+02  5.64828569e+01 
 4.46683592e+02  5.59828570e+01 
 4.73151259e+02  5.54828572e+01 
 5.01187234e+02  5.49828574e+01 
 5.30884444e+02  5.44828575e+01 
 5.62341325e+02  5.39828578e+01 
 5.95662144e+02  5.34828580e+01 
 6.30957344e+02  5.29828583e+01 
 6.68343918e+02  5.24828586e+01 
 7.07945784e+02  5.19828589e+01 
 7.49894209e+02  5.14828593e+01 
 7.94328235e+02  5.09828597e+01 
 8.41395142e+02  5.04828602e+01 
 8.91250938e+02  4.99828607e+01 
 9.44060876e+02  4.94828613e+01 
 1.00000000e+03  4.89828619e+01 
 1.05925373e+03  4.84828627e+01 
 1.12201845e+03  4.79828635e+01 
 1.18850223e+03  4.74828645e+01 
 1.25892541e+03  4.69828655e+01 
 1.33352143e+03  4.64828667e+01 
 1.41253754e+03  4.59828680e+01 
 1.49623566e+03  4.54828695e+01 
 1.58489319e+03  4.49828712e+01 
 1.67880402e+03  4.44828731e+01 
 1.77827941e+03  4.39828752e+01 
 1.88364909e+03  4.34828776e+01 
 1.99526231e+03  4.29828802e+01 
 2.11348904e+03  4.24828832e+01 
 2.23872114e+03  4.19828865e+01 
 2.37137371e+03  4.14828903e+01 
 2.51188643e+03  4.09828945e+01 
 2.66072506e+03  4.04828992e+01 
 2.81838293e+03  3.99829045e+01 
 2.98538262e+03  3.94829104e+01 
 3.16227766e+03  3.89829171e+01 
 3.34965439e+03  3.84829246e+01 
 3.54813389e+03  3.79829330e+01 
 3.75837404e+03  3.74829424e+01 
 3.98107171e+03  3.69829529e+01 
 4.21696503e+03  3.64829648e+01 
 4.46683592e+03  3.59829781e+01 
 4.73151259e+03  3.54829930e+01 
 5.01187234e+03  3.49830098e+01 
 5.30884444e+03  3.44830285e+01 
 5.62341325e+03  3.39830496e+01 
 5.95662144e+03  3.34830733e+01 
 6.30957344e+03  3.29830998e+01 
 6.68343918e+03  3.24831296e+01 
 7.07945784e+03  3.19831630e+01 
 7.49894209e+03  3.14832004e+01 
 7.94328235e+03  3.09832425e+01 
 8.41395142e+03  3.04832897e+01 
 8.91250938e+03  2.99833426e+01 
 9.44060876e+03  2.94834020e+01 
 1.00000000e+04  2.89834686e+01 
 1.05925373e+04  2.84835434e+01 
 1.12201845e+04  2.79836273e+01 
 1.18850223e+04  2.74837214e+01 
 1.25892541e+04  2.69838271e+01 
 1.33352143e+04  2.64839456e+01 
 1.41253754e+04  2.59840785e+01 
 1.49623566e+04  2.54842277e+01 
 1.58489319e+04  2.49843951e+01 
 1.67880402e+04  2.44845829e+01 
 1.77827941e+04  2.39847936e+01 
 1.88364909e+04  2.34850301e+01 
 1.99526231e+04  2.29852954e+01 
 2.11348904e+04  2.24855930e+01 
 2.23872114e+04  2.19859270e+01 
 2.37137371e+04  2.14863017e+01 
 2.51188643e+04  2.09867221e+01 
 2.66072506e+04  2.04871938e+01 
 2.81838293e+04  1.99877231e+01 
 2.98538262e+04  1.94883169e+01 
 3.16227766e+04  1.89889832e+01 
 3.34965439e+04  1.84897308e+01 
 3.54813389e+04  1.79905695e+01 
 3.75837404e+04  1.74915105e+01 
 3.98107171e+04  1.69925664e+01 
 4.21696503e+04  1.64937510e+01 
 4.46683592e+04  1.59950800e+01 
 4.73151259e+04  1.54965712e+01 
 5.01187234e+04  1.49982442e+01 
 5.30884444e+04  1.45001212e+01 
 5.62341325e+04  1.40022270e+01 
 5.95662144e+04  1.35045896e+01 
 6.30957344e+04  1.30072402e+01 
 6.68343918e+04  1.25102139e+01 
 7.07945784e+04  1.20135500e+01 
 7.49894209e+04  1.15172926e+01 
 7.94328235e+04  1.10214912e+01 
 8.41395142e+04  1.05262012e+01 
 8.91250938e+04  1.00314849e+01 
 9.44060876e+04  9.53741186e+00 
 1.00000000e+05  9.04406035e+00 
 1.05925373e+05  8.55151791e+00 
 1.12201845e+05  8.05988273e+00 
 1.18850223e+05  7.56926480e+00 
 1.25892541e+05  7.07978738e+00 
 1.33352143e+05  6.59158852e+00 
 1.41253754e+05  6.10482287e+00 
 1.49623566e+05  5.61966355e+00 
 1.58489319e+05  5.13630442e+00 
 1.67880402e+05  4.65496240e+00 
 1.77827941e+05  4.17588022e+00 
 1.88364909e+05  3.69932934e+00 
 1.99526231e+05  3.22561329e+00 
 2.11348904e+05  2.75507130e+00 
 2.23872114e+05  2.28808230e+00 
 2.37137371e+05  1.82506943e+00 
 2.51188643e+05  1.36650483e+00 
 2.66072506e+05  9.12915098e-01 
 2.81838293e+05  4.64887109e-01 
 2.98538262e+05  2.30744674e-02 
 3.16227766e+05 -4.11795498e-01 
 3.34965439e+05 -8.38914124e-01 
 3.54813389e+05 -1.25738317e+00 
 3.75837404e+05 -1.66620591e+00 
 3.98107171e+05 -2.06427757e+00 
 4.21696503e+05 -2.45037504e+00 
 4.46683592e+05 -2.82314594e+00 
 4.73151259e+05 -3.18109690e+00 
 5.01187234e+05 -3.52258124e+00 
 5.30884444e+05 -3.84578589e+00 
 5.62341325e+05 -4.14871773e+00 
 5.95662144e+05 -4.42918931e+00 
 6.30957344e+05 -4.68480423e+00 
 6.68343918e+05 -4.91294238e+00 
 7.07945784e+05 -5.11074578e+00 
 7.49894209e+05 -5.27510599e+00 
 7.94328235e+05 -5.40265559e+00 
 8.41395142e+05 -5.48976766e+00 
 8.91250938e+05 -5.53257111e+00 
 9.44060876e+05 -5.52699614e+00 
 1.00000000e+06 -5.46887599e+00 
 1.05925373e+06 -5.35415297e+00 
 1.12201845e+06 -5.17927606e+00 
 1.18850223e+06 -4.94194696e+00 
 1.25892541e+06 -4.64248983e+00 
 1.33352143e+06 -4.28629935e+00 
 1.41253754e+06 -3.88801849e+00 
 1.49623566e+06 -3.47803752e+00 
 1.58489319e+06 -3.11068549e+00 
 1.67880402e+06 -2.86933978e+00 
 1.77827941e+06 -2.85658740e+00 
 1.88364909e+06 -3.15809094e+00 
 1.99526231e+06 -3.79527214e+00 
 2.11348904e+06 -4.71163503e+00 
 2.23872114e+06 -5.80846962e+00 
 2.37137371e+06 -6.99112837e+00 
 2.51188643e+06 -8.19174036e+00 
 2.66072506e+06 -9.36980970e+00 
 2.81838293e+06 -1.05045566e+01 
 2.98538262e+06 -1.15872990e+01 
 3.16227766e+06 -1.26161307e+01 
 3.34965439e+06 -1.35926837e+01 
 3.54813389e+06 -1.45202851e+01 
 3.75837404e+06 -1.54029475e+01 
 3.98107171e+06 -1.62448326e+01 
 4.21696503e+06 -1.70499769e+01 
 4.46683592e+06 -1.78221609e+01 
 4.73151259e+06 -1.85648563e+01 
 5.01187234e+06 -1.92812139e+01 
 5.30884444e+06 -1.99740734e+01 
 5.62341325e+06 -2.06459826e+01 
 5.95662144e+06 -2.12992213e+01 
 6.30957344e+06 -2.19358263e+01 
 6.68343918e+06 -2.25576155e+01 
 7.07945784e+06 -2.31662103e+01 
 7.49894209e+06 -2.37630568e+01 
 7.94328235e+06 -2.43494445e+01 
 8.41395142e+06 -2.49265233e+01 
 8.91250938e+06 -2.54953190e+01 
 9.44060876e+06 -2.60567469e+01 
 1.00000000e+07 -2.66116238e+01 
 1.05925373e+07 -2.71606795e+01 
 1.12201845e+07 -2.77045660e+01 
 1.18850223e+07 -2.82438664e+01 
 1.25892541e+07 -2.87791029e+01 
 1.33352143e+07 -2.93107433e+01 
 1.41253754e+07 -2.98392078e+01 
 1.49623566e+07 -3.03648741e+01 
 1.58489319e+07 -3.08880828e+01 
 1.67880402e+07 -3.14091416e+01 
 1.77827941e+07 -3.19283296e+01 
 1.88364909e+07 -3.24459010e+01 
 1.99526231e+07 -3.29620881e+01 
 2.11348904e+07 -3.34771049e+01 
 2.23872114e+07 -3.39911497e+01 
 2.37137371e+07 -3.45044072e+01 
 2.51188643e+07 -3.50170517e+01 
 2.66072506e+07 -3.55292488e+01 
 2.81838293e+07 -3.60411576e+01 
 2.98538262e+07 -3.65529328e+01 
 3.16227766e+07 -3.70647267e+01 
 3.34965439e+07 -3.75766908e+01 
 3.54813389e+07 -3.80889776e+01 
 3.75837404e+07 -3.86017429e+01 
 3.98107171e+07 -3.91151468e+01 
 4.21696503e+07 -3.96293561e+01 
 4.46683592e+07 -4.01445460e+01 
 4.73151259e+07 -4.06609014e+01 
 5.01187234e+07 -4.11786193e+01 
 5.30884444e+07 -4.16979107e+01 
 5.62341325e+07 -4.22190018e+01 
 5.95662144e+07 -4.27421366e+01 
 6.30957344e+07 -4.32675785e+01 
 6.68343918e+07 -4.37956118e+01 
 7.07945784e+07 -4.43265441e+01 
 7.49894209e+07 -4.48607070e+01 
 7.94328235e+07 -4.53984581e+01 
 8.41395142e+07 -4.59401816e+01 
 8.91250938e+07 -4.64862888e+01 
 9.44060876e+07 -4.70372180e+01 
 1.00000000e+08 -4.75934333e+01 
 1.05925373e+08 -4.81554230e+01 
 1.12201845e+08 -4.87236961e+01 
 1.18850223e+08 -4.92987779e+01 
 1.25892541e+08 -4.98812036e+01 
 1.33352143e+08 -5.04715106e+01 
 1.41253754e+08 -5.10702282e+01 
 1.49623566e+08 -5.16778657e+01 
 1.58489319e+08 -5.22948993e+01 
 1.67880402e+08 -5.29217567e+01 
 1.77827941e+08 -5.35588010e+01 
 1.88364909e+08 -5.42063153e+01 
 1.99526231e+08 -5.48644881e+01 
 2.11348904e+08 -5.55334013e+01 
 2.23872114e+08 -5.62130231e+01 
 2.37137371e+08 -5.69032068e+01 
 2.51188643e+08 -5.76036978e+01 
 2.66072506e+08 -5.83141490e+01 
 2.81838293e+08 -5.90341460e+01 
 2.98538262e+08 -5.97632403e+01 
 3.16227766e+08 -6.05009895e+01 
 3.34965439e+08 -6.12470012e+01 
 3.54813389e+08 -6.20009766e+01 
 3.75837404e+08 -6.27627493e+01 
 3.98107171e+08 -6.35323174e+01 
 4.21696503e+08 -6.43098638e+01 
 4.46683592e+08 -6.50957647e+01 
 4.73151259e+08 -6.58905858e+01 
 5.01187234e+08 -6.66950682e+01 
 5.30884444e+08 -6.75101042e+01 
 5.62341325e+08 -6.83367061e+01 
 5.95662144e+08 -6.91759692e+01 
 6.30957344e+08 -7.00290278e+01 
 6.68343918e+08 -7.08970048e+01 
 7.07945784e+08 -7.17809515e+01 
 7.49894209e+08 -7.26817774e+01 
 7.94328235e+08 -7.36001675e+01 
 8.41395142e+08 -7.45364898e+01 
 8.91250938e+08 -7.54906969e+01 
 9.44060876e+08 -7.64622334e+01 
 1.00000000e+09 -7.74499615e+01 
