 1.00000000e+00  1.74751478e-05 
 1.12201845e+00  1.64987787e-05 
 1.25892541e+00  1.55775690e-05 
 1.41253754e+00  1.47083642e-05 
 1.58489319e+00  1.38881925e-05 
 1.77827941e+00  1.31142541e-05 
 1.99526231e+00  1.23839112e-05 
 2.23872114e+00  1.16946784e-05 
 2.51188643e+00  1.10442139e-05 
 2.81838293e+00  1.04303110e-05 
 3.16227766e+00  9.85089014e-06 
 3.54813389e+00  9.30399171e-06 
 3.98107171e+00  8.78776879e-06 
 4.46683592e+00  8.30048072e-06 
 5.01187234e+00  7.84048686e-06 
 5.62341325e+00  7.40624077e-06 
 6.30957344e+00  6.99628477e-06 
 7.07945784e+00  6.60924471e-06 
 7.94328235e+00  6.24382517e-06 
 8.91250938e+00  5.89880488e-06 
 1.00000000e+01  5.57303240e-06 
 1.12201845e+01  5.26542211e-06 
 1.25892541e+01  4.97495034e-06 
 1.41253754e+01  4.70065187e-06 
 1.58489319e+01  4.44161648e-06 
 1.77827941e+01  4.19698578e-06 
 1.99526231e+01  3.96595028e-06 
 2.23872114e+01  3.74774650e-06 
 2.51188643e+01  3.54165435e-06 
 2.81838293e+01  3.34699463e-06 
 3.16227766e+01  3.16312670e-06 
 3.54813389e+01  2.98944621e-06 
 3.98107171e+01  2.82538306e-06 
 4.46683592e+01  2.67039943e-06 
 5.01187234e+01  2.52398792e-06 
 5.62341325e+01  2.38566980e-06 
 6.30957344e+01  2.25499340e-06 
 7.07945784e+01  2.13153253e-06 
 7.94328235e+01  2.01488502e-06 
 8.91250938e+01  1.90467139e-06 
 1.00000000e+02  1.80053352e-06 
 1.12201845e+02  1.70213344e-06 
 1.25892541e+02  1.60915220e-06 
 1.41253754e+02  1.52128875e-06 
 1.58489319e+02  1.43825897e-06 
 1.77827941e+02  1.35979465e-06 
 1.99526231e+02  1.28564265e-06 
 2.23872114e+02  1.21556401e-06 
 2.51188643e+02  1.14933315e-06 
 2.81838293e+02  1.08673710e-06 
 3.16227766e+02  1.02757481e-06 
 3.54813389e+02  9.71656473e-07 
 3.98107171e+02  9.18802877e-07 
 4.46683592e+02  8.68844814e-07 
 5.01187234e+02  8.21622514e-07 
 5.62341325e+02  7.76985113e-07 
 6.30957344e+02  7.34790156e-07 
 7.07945784e+02  6.94903118e-07 
 7.94328235e+02  6.57196961e-07 
 8.91250938e+02  6.21551714e-07 
 1.00000000e+03  5.87854076e-07 
 1.12201845e+03  5.55997042e-07 
 1.25892541e+03  5.25879550e-07 
 1.41253754e+03  4.97406149e-07 
 1.58489319e+03  4.70486687e-07 
 1.77827941e+03  4.45036013e-07 
 1.99526231e+03  4.20973699e-07 
 2.23872114e+03  3.98223781e-07 
 2.51188643e+03  3.76714504e-07 
 2.81838293e+03  3.56378096e-07 
 3.16227766e+03  3.37150543e-07 
 3.54813389e+03  3.18971387e-07 
 3.98107171e+03  3.01783525e-07 
 4.46683592e+03  2.85533032e-07 
 5.01187234e+03  2.70168982e-07 
 5.62341325e+03  2.55643293e-07 
 6.30957344e+03  2.41910573e-07 
 7.07945784e+03  2.28927976e-07 
 7.94328235e+03  2.16655073e-07 
 8.91250938e+03  2.05053728e-07 
 1.00000000e+04  1.94087988e-07 
 1.12201845e+04  1.83723974e-07 
 1.25892541e+04  1.73929793e-07 
 1.41253754e+04  1.64675453e-07 
 1.58489319e+04  1.55932788e-07 
 1.77827941e+04  1.47675404e-07 
 1.99526231e+04  1.39878629e-07 
 2.23872114e+04  1.32519480e-07 
 2.51188643e+04  1.25576657e-07 
 2.81838293e+04  1.19030547e-07 
 3.16227766e+04  1.12863258e-07 
 3.54813389e+04  1.07058684e-07 
 3.98107171e+04  1.01602606e-07 
 4.46683592e+04  9.64828374e-08 
 5.01187234e+04  9.16894145e-08 
 5.62341325e+04  8.72148566e-08 
 6.30957344e+04  8.30544850e-08 
 7.07945784e+04  7.92068162e-08 
 7.94328235e+04  7.56740234e-08 
 8.91250938e+04  7.24624516e-08 
 1.00000000e+05  6.95831536e-08 
 1.12201845e+05  6.70523808e-08 
 1.25892541e+05  6.48919273e-08 
 1.41253754e+05  6.31291783e-08 
 1.58489319e+05  6.17966759e-08 
 1.77827941e+05  6.09310061e-08 
 1.99526231e+05  6.05708552e-08 
 2.23872114e+05  6.07541981e-08 
 2.51188643e+05  6.15147563e-08 
 2.81838293e+05  6.28780210e-08 
 3.16227766e+05  6.48572029e-08 
 3.54813389e+05  6.74493722e-08 
 3.98107171e+05  7.06318382e-08 
 4.46683592e+05  7.43586220e-08 
 5.01187234e+05  7.85568514e-08 
 5.62341325e+05  8.31231514e-08 
 6.30957344e+05  8.79205775e-08 
 7.07945784e+05  9.27772314e-08 
 7.94328235e+05  9.74882097e-08 
 8.91250938e+05  1.01822698e-07 
 1.00000000e+06  1.05537561e-07 
 1.12201845e+06  1.08397475e-07 
 1.25892541e+06  1.10199651e-07 
 1.41253754e+06  1.10798991e-07 
 1.58489319e+06  1.10128156e-07 
 1.77827941e+06  1.08207404e-07 
 1.99526231e+06  1.05141352e-07 
 2.23872114e+06  1.01103418e-07 
 2.51188643e+06  9.63119223e-08 
 2.81838293e+06  9.10035072e-08 
 3.16227766e+06  8.54091672e-08 
 3.54813389e+06  7.97363388e-08 
 3.98107171e+06  7.41582322e-08 
 4.46683592e+06  6.88097545e-08 
 5.01187234e+06  6.37883688e-08 
 5.62341325e+06  5.91580034e-08 
 6.30957344e+06  5.49543940e-08 
 7.07945784e+06  5.11907126e-08 
 7.94328235e+06  4.78628150e-08 
 8.91250938e+06  4.49538056e-08 
 1.00000000e+07  4.24378636e-08 
 1.12201845e+07  4.02833933e-08 
 1.25892541e+07  3.84556012e-08 
 1.41253754e+07  3.69185926e-08 
 1.58489319e+07  3.56370489e-08 
 1.77827941e+07  3.45775266e-08 
 1.99526231e+07  3.37094075e-08 
 2.23872114e+07  3.30055308e-08 
 2.51188643e+07  3.24425499e-08 
 2.81838293e+07  3.20010614e-08 
 3.16227766e+07  3.16655608e-08 
 3.54813389e+07  3.14242796e-08 
 3.98107171e+07  3.12689548e-08 
 4.46683592e+07  3.11945790e-08 
 5.01187234e+07  3.11991693e-08 
 5.62341325e+07  3.12835809e-08 
 6.30957344e+07  3.14513722e-08 
 7.07945784e+07  3.17087036e-08 
 7.94328235e+07  3.20642265e-08 
 8.91250938e+07  3.25288826e-08 
 1.00000000e+08  3.31155103e-08 
