 1.00000000e+00 -6.44603357e+01 
 1.05925373e+00 -6.44603130e+01 
 1.12201845e+00 -6.44602875e+01 
 1.18850223e+00 -6.44602589e+01 
 1.25892541e+00 -6.44602269e+01 
 1.33352143e+00 -6.44601909e+01 
 1.41253754e+00 -6.44601505e+01 
 1.49623566e+00 -6.44601053e+01 
 1.58489319e+00 -6.44600546e+01 
 1.67880402e+00 -6.44599974e+01 
 1.77827941e+00 -6.44599336e+01 
 1.88364909e+00 -6.44598617e+01 
 1.99526231e+00 -6.44597812e+01 
 2.11348904e+00 -6.44596909e+01 
 2.23872114e+00 -6.44595896e+01 
 2.37137371e+00 -6.44594759e+01 
 2.51188643e+00 -6.44593483e+01 
 2.66072506e+00 -6.44592050e+01 
 2.81838293e+00 -6.44590444e+01 
 2.98538262e+00 -6.44588641e+01 
 3.16227766e+00 -6.44586620e+01 
 3.34965439e+00 -6.44584352e+01 
 3.54813389e+00 -6.44581806e+01 
 3.75837404e+00 -6.44578951e+01 
 3.98107171e+00 -6.44575746e+01 
 4.21696503e+00 -6.44572151e+01 
 4.46683592e+00 -6.44568120e+01 
 4.73151259e+00 -6.44563595e+01 
 5.01187234e+00 -6.44558518e+01 
 5.30884444e+00 -6.44552824e+01 
 5.62341325e+00 -6.44546435e+01 
 5.95662144e+00 -6.44539268e+01 
 6.30957344e+00 -6.44531229e+01 
 6.68343918e+00 -6.44522209e+01 
 7.07945784e+00 -6.44512091e+01 
 7.49894209e+00 -6.44500742e+01 
 7.94328235e+00 -6.44488011e+01 
 8.41395142e+00 -6.44473732e+01 
 8.91250938e+00 -6.44457715e+01 
 9.44060876e+00 -6.44439752e+01 
 1.00000000e+01 -6.44419605e+01 
 1.05925373e+01 -6.44397011e+01 
 1.12201845e+01 -6.44371675e+01 
 1.18850223e+01 -6.44343264e+01 
 1.25892541e+01 -6.44311409e+01 
 1.33352143e+01 -6.44275695e+01 
 1.41253754e+01 -6.44235657e+01 
 1.49623566e+01 -6.44190779e+01 
 1.58489319e+01 -6.44140479e+01 
 1.67880402e+01 -6.44084112e+01 
 1.77827941e+01 -6.44020953e+01 
 1.88364909e+01 -6.43950197e+01 
 1.99526231e+01 -6.43870944e+01 
 2.11348904e+01 -6.43782193e+01 
 2.23872114e+01 -6.43682828e+01 
 2.37137371e+01 -6.43571609e+01 
 2.51188643e+01 -6.43447158e+01 
 2.66072506e+01 -6.43307944e+01 
 2.81838293e+01 -6.43152273e+01 
 2.98538262e+01 -6.42978268e+01 
 3.16227766e+01 -6.42783858e+01 
 3.34965439e+01 -6.42566759e+01 
 3.54813389e+01 -6.42324453e+01 
 3.75837404e+01 -6.42054183e+01 
 3.98107171e+01 -6.41752922e+01 
 4.21696503e+01 -6.41417371e+01 
 4.46683592e+01 -6.41043939e+01 
 4.73151259e+01 -6.40628728e+01 
 5.01187234e+01 -6.40167531e+01 
 5.30884444e+01 -6.39655824e+01 
 5.62341325e+01 -6.39088766e+01 
 5.95662144e+01 -6.38461209e+01 
 6.30957344e+01 -6.37767708e+01 
 6.68343918e+01 -6.37002547e+01 
 7.07945784e+01 -6.36159772e+01 
 7.49894209e+01 -6.35233231e+01 
 7.94328235e+01 -6.34216638e+01 
 8.41395142e+01 -6.33103636e+01 
 8.91250938e+01 -6.31887868e+01 
 9.44060876e+01 -6.30563084e+01 
 1.00000000e+02 -6.29123229e+01 
 1.05925373e+02 -6.27562552e+01 
 1.12201845e+02 -6.25875722e+01 
 1.18850223e+02 -6.24057933e+01 
 1.25892541e+02 -6.22105009e+01 
 1.33352143e+02 -6.20013510e+01 
 1.41253754e+02 -6.17780808e+01 
 1.49623566e+02 -6.15405156e+01 
 1.58489319e+02 -6.12885736e+01 
 1.67880402e+02 -6.10222676e+01 
 1.77827941e+02 -6.07417048e+01 
 1.88364909e+02 -6.04470843e+01 
 1.99526231e+02 -6.01386914e+01 
 2.11348904e+02 -5.98168910e+01 
 2.23872114e+02 -5.94821186e+01 
 2.37137371e+02 -5.91348701e+01 
 2.51188643e+02 -5.87756911e+01 
 2.66072506e+02 -5.84051661e+01 
 2.81838293e+02 -5.80239067e+01 
 2.98538262e+02 -5.76325419e+01 
 3.16227766e+02 -5.72317080e+01 
 3.34965439e+02 -5.68220397e+01 
 3.54813389e+02 -5.64041627e+01 
 3.75837404e+02 -5.59786873e+01 
 3.98107171e+02 -5.55462029e+01 
 4.21696503e+02 -5.51072739e+01 
 4.46683592e+02 -5.46624372e+01 
 4.73151259e+02 -5.42121994e+01 
 5.01187234e+02 -5.37570359e+01 
 5.30884444e+02 -5.32973909e+01 
 5.62341325e+02 -5.28336764e+01 
 5.95662144e+02 -5.23662739e+01 
 6.30957344e+02 -5.18955347e+01 
 6.68343918e+02 -5.14217811e+01 
 7.07945784e+02 -5.09453084e+01 
 7.49894209e+02 -5.04663858e+01 
 7.94328235e+02 -4.99852586e+01 
 8.41395142e+02 -4.95021493e+01 
 8.91250938e+02 -4.90172598e+01 
 9.44060876e+02 -4.85307727e+01 
 1.00000000e+03 -4.80428531e+01 
 1.05925373e+03 -4.75536496e+01 
 1.12201845e+03 -4.70632964e+01 
 1.18850223e+03 -4.65719142e+01 
 1.25892541e+03 -4.60796115e+01 
 1.33352143e+03 -4.55864857e+01 
 1.41253754e+03 -4.50926242e+01 
 1.49623566e+03 -4.45981057e+01 
 1.58489319e+03 -4.41030004e+01 
 1.67880402e+03 -4.36073713e+01 
 1.77827941e+03 -4.31112751e+01 
 1.88364909e+03 -4.26147622e+01 
 1.99526231e+03 -4.21178781e+01 
 2.11348904e+03 -4.16206632e+01 
 2.23872114e+03 -4.11231539e+01 
 2.37137371e+03 -4.06253829e+01 
 2.51188643e+03 -4.01273793e+01 
 2.66072506e+03 -3.96291692e+01 
 2.81838293e+03 -3.91307763e+01 
 2.98538262e+03 -3.86322216e+01 
 3.16227766e+03 -3.81335241e+01 
 3.34965439e+03 -3.76347011e+01 
 3.54813389e+03 -3.71357679e+01 
 3.75837404e+03 -3.66367388e+01 
 3.98107171e+03 -3.61376266e+01 
 4.21696503e+03 -3.56384429e+01 
 4.46683592e+03 -3.51391985e+01 
 4.73151259e+03 -3.46399035e+01 
 5.01187234e+03 -3.41405672e+01 
 5.30884444e+03 -3.36411984e+01 
 5.62341325e+03 -3.31418053e+01 
 5.95662144e+03 -3.26423962e+01 
 6.30957344e+03 -3.21429787e+01 
 6.68343918e+03 -3.16435606e+01 
 7.07945784e+03 -3.11441496e+01 
 7.49894209e+03 -3.06447536e+01 
 7.94328235e+03 -3.01453804e+01 
 8.41395142e+03 -2.96460384e+01 
 8.91250938e+03 -2.91467364e+01 
 9.44060876e+03 -2.86474835e+01 
 1.00000000e+04 -2.81482896e+01 
 1.05925373e+04 -2.76491654e+01 
 1.12201845e+04 -2.71501225e+01 
 1.18850223e+04 -2.66511734e+01 
 1.25892541e+04 -2.61523321e+01 
 1.33352143e+04 -2.56536138e+01 
 1.41253754e+04 -2.51550355e+01 
 1.49623566e+04 -2.46566157e+01 
 1.58489319e+04 -2.41583753e+01 
 1.67880402e+04 -2.36603373e+01 
 1.77827941e+04 -2.31625276e+01 
 1.88364909e+04 -2.26649747e+01 
 1.99526231e+04 -2.21677106e+01 
 2.11348904e+04 -2.16707709e+01 
 2.23872114e+04 -2.11741956e+01 
 2.37137371e+04 -2.06780290e+01 
 2.51188643e+04 -2.01823207e+01 
 2.66072506e+04 -1.96871261e+01 
 2.81838293e+04 -1.91925070e+01 
 2.98538262e+04 -1.86985323e+01 
 3.16227766e+04 -1.82052788e+01 
 3.34965439e+04 -1.77128321e+01 
 3.54813389e+04 -1.72212875e+01 
 3.75837404e+04 -1.67307512e+01 
 3.98107171e+04 -1.62413409e+01 
 4.21696503e+04 -1.57531875e+01 
 4.46683592e+04 -1.52664363e+01 
 4.73151259e+04 -1.47812480e+01 
 5.01187234e+04 -1.42978004e+01 
 5.30884444e+04 -1.38162897e+01 
 5.62341325e+04 -1.33369322e+01 
 5.95662144e+04 -1.28599657e+01 
 6.30957344e+04 -1.23856508e+01 
 6.68343918e+04 -1.19142729e+01 
 7.07945784e+04 -1.14461428e+01 
 7.49894209e+04 -1.09815984e+01 
 7.94328235e+04 -1.05210056e+01 
 8.41395142e+04 -1.00647584e+01 
 8.91250938e+04 -9.61327972e+00 
 9.44060876e+04 -9.16702052e+00 
 1.00000000e+05 -8.72645896e+00 
 1.05925373e+05 -8.29209846e+00 
 1.12201845e+05 -7.86446493e+00 
 1.18850223e+05 -7.44410292e+00 
 1.25892541e+05 -7.03157060e+00 
 1.33352143e+05 -6.62743350e+00 
 1.41253754e+05 -6.23225692e+00 
 1.49623566e+05 -5.84659708e+00 
 1.58489319e+05 -5.47099101e+00 
 1.67880402e+05 -5.10594534e+00 
 1.77827941e+05 -4.75192420e+00 
 1.88364909e+05 -4.40933656e+00 
 1.99526231e+05 -4.07852318e+00 
 2.11348904e+05 -3.75974389e+00 
 2.23872114e+05 -3.45316524e+00 
 2.37137371e+05 -3.15884926e+00 
 2.51188643e+05 -2.87674351e+00 
 2.66072506e+05 -2.60667269e+00 
 2.81838293e+05 -2.34833215e+00 
 2.98538262e+05 -2.10128315e+00 
 3.16227766e+05 -1.86494977e+00 
 3.34965439e+05 -1.63861725e+00 
 3.54813389e+05 -1.42143123e+00 
 3.75837404e+05 -1.21239730e+00 
 3.98107171e+05 -1.01038013e+00 
 4.21696503e+05 -8.14101416e-01 
 4.46683592e+05 -6.22135568e-01 
 4.73151259e+05 -4.32902231e-01 
 5.01187234e+05 -2.44654419e-01 
 5.30884444e+05 -5.54609385e-02 
 5.62341325e+05  1.36818501e-01 
 5.95662144e+05  3.34567456e-01 
 6.30957344e+05  5.40458788e-01 
 6.68343918e+05  7.57515992e-01 
 7.07945784e+05  9.89194586e-01 
 7.49894209e+05  1.23949025e+00 
 7.94328235e+05  1.51308335e+00 
 8.41395142e+05  1.81553414e+00 
 8.91250938e+05  2.15354969e+00 
 9.44060876e+05  2.53535517e+00 
 1.00000000e+06  2.97121980e+00 
 1.05925373e+06  3.47421778e+00 
 1.12201845e+06  4.06135295e+00 
 1.18850223e+06  4.75525606e+00 
 1.25892541e+06  5.58678079e+00 
 1.33352143e+06  6.59893481e+00 
 1.41253754e+06  7.85228378e+00 
 1.49623566e+06  9.42874276e+00 
 1.58489319e+06  1.14089727e+01 
 1.67880402e+06  1.36689023e+01 
 1.77827941e+06  1.49865470e+01 
 1.88364909e+06  1.33771644e+01 
 1.99526231e+06  1.02122450e+01 
 2.11348904e+06  7.16916939e+00 
 2.23872114e+06  4.53731745e+00 
 2.37137371e+06  2.25483191e+00 
 2.51188643e+06  2.35910589e-01 
 2.66072506e+06 -1.58497878e+00 
 2.81838293e+06 -3.25428846e+00 
 2.98538262e+06 -4.80497000e+00 
 3.16227766e+06 -6.26081675e+00 
 3.34965439e+06 -7.63936487e+00 
 3.54813389e+06 -8.95378716e+00 
 3.75837404e+06 -1.02141411e+01 
 3.98107171e+06 -1.14282080e+01 
 4.21696503e+06 -1.26020687e+01 
 4.46683592e+06 -1.37405095e+01 
 4.73151259e+06 -1.48473117e+01 
 5.01187234e+06 -1.59254652e+01 
 5.30884444e+06 -1.69773274e+01 
 5.62341325e+06 -1.80047447e+01 
 5.95662144e+06 -1.90091472e+01 
 6.30957344e+06 -1.99916235e+01 
 6.68343918e+06 -2.09529824e+01 
 7.07945784e+06 -2.18938036e+01 
 7.49894209e+06 -2.28144805e+01 
 7.94328235e+06 -2.37152581e+01 
 8.41395142e+06 -2.45962652e+01 
 8.91250938e+06 -2.54575435e+01 
 9.44060876e+06 -2.62990735e+01 
 1.00000000e+07 -2.71207965e+01 
 1.05925373e+07 -2.79226349e+01 
 1.12201845e+07 -2.87045082e+01 
 1.18850223e+07 -2.94663466e+01 
 1.25892541e+07 -3.02081014e+01 
 1.33352143e+07 -3.09297519e+01 
 1.41253754e+07 -3.16313092e+01 
 1.49623566e+07 -3.23128175e+01 
 1.58489319e+07 -3.29743524e+01 
 1.67880402e+07 -3.36160172e+01 
 1.77827941e+07 -3.42379378e+01 
 1.88364909e+07 -3.48402563e+01 
 1.99526231e+07 -3.54231245e+01 
 2.11348904e+07 -3.59866976e+01 
 2.23872114e+07 -3.65311286e+01 
 2.37137371e+07 -3.70565646e+01 
 2.51188643e+07 -3.75631443e+01 
 2.66072506e+07 -3.80509974e+01 
 2.81838293e+07 -3.85202469e+01 
 2.98538262e+07 -3.89710127e+01 
 3.16227766e+07 -3.94034175e+01 
 3.34965439e+07 -3.98175943e+01 
 3.54813389e+07 -4.02136954e+01 
 3.75837404e+07 -4.05919017e+01 
 3.98107171e+07 -4.09524326e+01 
 4.21696503e+07 -4.12955555e+01 
 4.46683592e+07 -4.16215938e+01 
 4.73151259e+07 -4.19309345e+01 
 5.01187234e+07 -4.22240333e+01 
 5.30884444e+07 -4.25014176e+01 
 5.62341325e+07 -4.27636873e+01 
 5.95662144e+07 -4.30115137e+01 
 6.30957344e+07 -4.32456359e+01 
 6.68343918e+07 -4.34668554e+01 
 7.07945784e+07 -4.36760293e+01 
 7.49894209e+07 -4.38740617e+01 
 7.94328235e+07 -4.40618951e+01 
 8.41395142e+07 -4.42405006e+01 
 8.91250938e+07 -4.44108674e+01 
 9.44060876e+07 -4.45739933e+01 
 1.00000000e+08 -4.47308739e+01 
 1.05925373e+08 -4.48824927e+01 
 1.12201845e+08 -4.50298104e+01 
 1.18850223e+08 -4.51737546e+01 
 1.25892541e+08 -4.53152098e+01 
 1.33352143e+08 -4.54550060e+01 
 1.41253754e+08 -4.55939088e+01 
 1.49623566e+08 -4.57326086e+01 
 1.58489319e+08 -4.58717103e+01 
 1.67880402e+08 -4.60117234e+01 
 1.77827941e+08 -4.61530534e+01 
 1.88364909e+08 -4.62959939e+01 
 1.99526231e+08 -4.64407211e+01 
 2.11348904e+08 -4.65872897e+01 
 2.23872114e+08 -4.67356320e+01 
 2.37137371e+08 -4.68855602e+01 
 2.51188643e+08 -4.70367714e+01 
 2.66072506e+08 -4.71888569e+01 
 2.81838293e+08 -4.73413143e+01 
 2.98538262e+08 -4.74935635e+01 
 3.16227766e+08 -4.76449643e+01 
 3.34965439e+08 -4.77948375e+01 
 3.54813389e+08 -4.79424856e+01 
 3.75837404e+08 -4.80872144e+01 
 3.98107171e+08 -4.82283539e+01 
 4.21696503e+08 -4.83652762e+01 
 4.46683592e+08 -4.84974120e+01 
 4.73151259e+08 -4.86242629e+01 
 5.01187234e+08 -4.87454107e+01 
 5.30884444e+08 -4.88605224e+01 
 5.62341325e+08 -4.89693525e+01 
 5.95662144e+08 -4.90717411e+01 
 6.30957344e+08 -4.91676099e+01 
 6.68343918e+08 -4.92569559e+01 
 7.07945784e+08 -4.93398437e+01 
 7.49894209e+08 -4.94163973e+01 
 7.94328235e+08 -4.94867911e+01 
 8.41395142e+08 -4.95512419e+01 
 8.91250938e+08 -4.96100015e+01 
 9.44060876e+08 -4.96633500e+01 
 1.00000000e+09 -4.97115901e+01 
