 1.80000000e+00  1.81000000e-12 
 1.79000000e+00  1.81000000e-12 
 1.78000000e+00  1.81000000e-12 
 1.77000000e+00  1.81000000e-12 
 1.76000000e+00  1.81000000e-12 
 1.75000000e+00  1.81000000e-12 
 1.74000000e+00  1.81000000e-12 
 1.73000000e+00  1.81000000e-12 
 1.72000000e+00  1.81000000e-12 
 1.71000000e+00  1.81000000e-12 
 1.70000000e+00  1.81000000e-12 
 1.69000000e+00  1.81000000e-12 
 1.68000000e+00  1.81000000e-12 
 1.67000000e+00  1.81000000e-12 
 1.66000000e+00  1.81000000e-12 
 1.65000000e+00  1.81000000e-12 
 1.64000000e+00  1.81000000e-12 
 1.63000000e+00  1.81000000e-12 
 1.62000000e+00  1.81000000e-12 
 1.61000000e+00  1.81000000e-12 
 1.60000000e+00  1.81000000e-12 
 1.59000000e+00  1.81000000e-12 
 1.58000000e+00  1.81000000e-12 
 1.57000000e+00  1.81000000e-12 
 1.56000000e+00  1.81000000e-12 
 1.55000000e+00  1.81000000e-12 
 1.54000000e+00  1.81000000e-12 
 1.53000000e+00  1.81000000e-12 
 1.52000000e+00  1.81000000e-12 
 1.51000000e+00  1.81000000e-12 
 1.50000000e+00  1.81000000e-12 
 1.49000000e+00  1.81000000e-12 
 1.48000000e+00  1.81000000e-12 
 1.47000000e+00  1.81000000e-12 
 1.46000000e+00  1.81000000e-12 
 1.45000000e+00  1.81000000e-12 
 1.44000000e+00  1.81000000e-12 
 1.43000000e+00  1.81000000e-12 
 1.42000000e+00  1.81000000e-12 
 1.41000000e+00  1.81000000e-12 
 1.40000000e+00  1.81000000e-12 
 1.39000000e+00  1.81000000e-12 
 1.38000000e+00  1.81000000e-12 
 1.37000000e+00  1.81000000e-12 
 1.36000000e+00  1.81000000e-12 
 1.35000000e+00  1.81000000e-12 
 1.34000000e+00  1.81000000e-12 
 1.33000000e+00  1.81000000e-12 
 1.32000000e+00  1.81000000e-12 
 1.31000000e+00  1.81000000e-12 
 1.30000000e+00  1.81000000e-12 
 1.29000000e+00  1.81000000e-12 
 1.28000000e+00  1.81000000e-12 
 1.27000000e+00  1.81000000e-12 
 1.26000000e+00  1.81000000e-12 
 1.25000000e+00  1.81000000e-12 
 1.24000000e+00  1.81000000e-12 
 1.23000000e+00  1.81000000e-12 
 1.22000000e+00  1.81000000e-12 
 1.21000000e+00  1.81000000e-12 
 1.20000000e+00  1.81000000e-12 
 1.19000000e+00  1.81000000e-12 
 1.18000000e+00  1.81000000e-12 
 1.17000000e+00  1.81000000e-12 
 1.16000000e+00  1.81000000e-12 
 1.15000000e+00  1.81000000e-12 
 1.14000000e+00  1.81000000e-12 
 1.13000000e+00  1.81000000e-12 
 1.12000000e+00  1.81000000e-12 
 1.11000000e+00  1.81000000e-12 
 1.10000000e+00  1.81000000e-12 
 1.09000000e+00  6.05573656e-08 
 1.08000000e+00  2.42224032e-07 
 1.07000000e+00  5.45001810e-07 
 1.06000000e+00  9.68890699e-07 
 1.05000000e+00  1.51389070e-06 
 1.04000000e+00  2.18000181e-06 
 1.03000000e+00  2.96722403e-06 
 1.02000000e+00  3.87555737e-06 
 1.01000000e+00  4.90500181e-06 
 1.00000000e+00  6.05555737e-06 
 9.90000000e-01  7.32722403e-06 
 9.80000000e-01  8.72000181e-06 
 9.70000000e-01  1.02338907e-05 
 9.60000000e-01  1.18688907e-05 
 9.50000000e-01  1.36250018e-05 
 9.40000000e-01  1.55022240e-05 
 9.30000000e-01  1.75005574e-05 
 9.20000000e-01  1.96200018e-05 
 9.10000000e-01  2.18605574e-05 
 9.00000000e-01  2.42222240e-05 
 8.90000000e-01  2.67050018e-05 
 8.80000000e-01  2.93088907e-05 
 8.70000000e-01  3.20338907e-05 
 8.60000000e-01  3.48800018e-05 
 8.50000000e-01  3.78472240e-05 
 8.40000000e-01  4.09355574e-05 
 8.30000000e-01  4.41450018e-05 
 8.20000000e-01  4.74755574e-05 
 8.10000000e-01  5.09272240e-05 
 8.00000000e-01  5.45000018e-05 
 7.90000000e-01  5.81938907e-05 
 7.80000000e-01  6.19483351e-05 
 7.70000000e-01  6.58844463e-05 
 7.60000000e-01  6.99416685e-05 
 7.50000000e-01  7.41200018e-05 
 7.40000000e-01  7.84194463e-05 
 7.30000000e-01  8.28400018e-05 
 7.20000000e-01  8.73816685e-05 
 7.10000000e-01  9.20444463e-05 
 7.00000000e-01  9.68283351e-05 
 6.90000000e-01  1.01733335e-04 
 6.80000000e-01  1.06759446e-04 
 6.70000000e-01  1.11906668e-04 
 6.60000000e-01  1.17175002e-04 
 6.50000000e-01  1.22564446e-04 
 6.40000000e-01  1.28075002e-04 
 6.30000000e-01  1.33706668e-04 
 6.20000000e-01  1.39459446e-04 
 6.10000000e-01  1.45333335e-04 
 6.00000000e-01  1.51328335e-04 
 5.90000000e-01  1.57444446e-04 
 5.80000000e-01  1.63681668e-04 
 5.70000000e-01  1.70040002e-04 
 5.60000000e-01  1.76519446e-04 
 5.50000000e-01  1.83120002e-04 
 5.40000000e-01  1.89841668e-04 
 5.30000000e-01  1.96684446e-04 
 5.20000000e-01  2.03648335e-04 
 5.10000000e-01  2.10733335e-04 
 5.00000000e-01  2.17939446e-04 
 4.90000000e-01  2.25266668e-04 
 4.80000000e-01  2.32715002e-04 
 4.70000000e-01  2.40284446e-04 
 4.60000000e-01  2.47975002e-04 
 4.50000000e-01  2.55786668e-04 
 4.40000000e-01  2.63719446e-04 
 4.30000000e-01  2.71773335e-04 
 4.20000000e-01  2.79948335e-04 
 4.10000000e-01  2.88244446e-04 
 4.00000000e-01  2.96661668e-04 
 3.90000000e-01  3.05200002e-04 
 3.80000000e-01  3.13859446e-04 
 3.70000000e-01  3.22640002e-04 
 3.60000000e-01  3.31541668e-04 
 3.50000000e-01  3.40564446e-04 
 3.40000000e-01  3.49708335e-04 
 3.30000000e-01  3.58973335e-04 
 3.20000000e-01  3.68359446e-04 
 3.10000000e-01  3.77866668e-04 
 3.00000000e-01  3.87495002e-04 
 2.90000000e-01  3.97244446e-04 
 2.80000000e-01  4.07115002e-04 
 2.70000000e-01  4.17106668e-04 
 2.60000000e-01  4.27219446e-04 
 2.50000000e-01  4.37453335e-04 
 2.40000000e-01  4.47808335e-04 
 2.30000000e-01  4.58284446e-04 
 2.20000000e-01  4.68881668e-04 
 2.10000000e-01  4.79600002e-04 
 2.00000000e-01  4.90439446e-04 
 1.90000000e-01  5.01400002e-04 
 1.80000000e-01  5.12481668e-04 
 1.70000000e-01  5.23684446e-04 
 1.60000000e-01  5.35008335e-04 
 1.50000000e-01  5.46453335e-04 
 1.40000000e-01  5.58019446e-04 
 1.30000000e-01  5.69706668e-04 
 1.20000000e-01  5.81515002e-04 
 1.10000000e-01  5.93444446e-04 
 1.00000000e-01  6.05495002e-04 
 9.00000000e-02  6.17666668e-04 
 8.00000000e-02  6.29959446e-04 
 7.00000000e-02  6.42373335e-04 
 6.00000000e-02  6.54908335e-04 
 5.00000000e-02  6.67564446e-04 
 4.00000000e-02  6.80341668e-04 
 3.00000000e-02  6.93240002e-04 
 2.00000000e-02  7.06259446e-04 
 1.00000000e-02  7.19400002e-04 
-1.41900380e-15  7.32661668e-04 
