 1.000000e-01  3.141592e+00 
 1.122018e-01  3.141592e+00 
 1.258925e-01  3.141592e+00 
 1.412538e-01  3.141592e+00 
 1.584893e-01  3.141591e+00 
 1.778279e-01  3.141591e+00 
 1.995262e-01  3.141591e+00 
 2.238721e-01  3.141591e+00 
 2.511886e-01  3.141591e+00 
 2.818383e-01  3.141591e+00 
 3.162278e-01  3.141590e+00 
 3.548134e-01  3.141590e+00 
 3.981072e-01  3.141590e+00 
 4.466836e-01  3.141589e+00 
 5.011872e-01  3.141589e+00 
 5.623413e-01  3.141588e+00 
 6.309573e-01  3.141588e+00 
 7.079458e-01  3.141587e+00 
 7.943282e-01  3.141587e+00 
 8.912509e-01  3.141586e+00 
 1.000000e+00  3.141585e+00 
 1.122018e+00  3.141584e+00 
 1.258925e+00  3.141583e+00 
 1.412538e+00  3.141582e+00 
 1.584893e+00  3.141580e+00 
 1.778279e+00  3.141579e+00 
 1.995262e+00  3.141577e+00 
 2.238721e+00  3.141575e+00 
 2.511886e+00  3.141573e+00 
 2.818383e+00  3.141571e+00 
 3.162278e+00  3.141568e+00 
 3.548134e+00  3.141565e+00 
 3.981072e+00  3.141562e+00 
 4.466836e+00  3.141558e+00 
 5.011872e+00  3.141554e+00 
 5.623413e+00  3.141549e+00 
 6.309573e+00  3.141544e+00 
 7.079458e+00  3.141538e+00 
 7.943282e+00  3.141531e+00 
 8.912509e+00  3.141524e+00 
 1.000000e+01  3.141515e+00 
 1.122018e+01  3.141506e+00 
 1.258925e+01  3.141495e+00 
 1.412538e+01  3.141483e+00 
 1.584893e+01  3.141470e+00 
 1.778279e+01  3.141455e+00 
 1.995262e+01  3.141438e+00 
 2.238721e+01  3.141419e+00 
 2.511886e+01  3.141398e+00 
 2.818383e+01  3.141374e+00 
 3.162278e+01  3.141348e+00 
 3.548134e+01  3.141318e+00 
 3.981072e+01  3.141284e+00 
 4.466836e+01  3.141247e+00 
 5.011872e+01  3.141205e+00 
 5.623413e+01  3.141157e+00 
 6.309573e+01  3.141104e+00 
 7.079458e+01  3.141044e+00 
 7.943282e+01  3.140978e+00 
 8.912509e+01  3.140903e+00 
 1.000000e+02  3.140818e+00 
 1.122018e+02  3.140724e+00 
 1.258925e+02  3.140618e+00 
 1.412538e+02  3.140499e+00 
 1.584893e+02  3.140365e+00 
 1.778279e+02  3.140216e+00 
 1.995262e+02  3.140048e+00 
 2.238721e+02  3.139859e+00 
 2.511886e+02  3.139648e+00 
 2.818383e+02  3.139410e+00 
 3.162278e+02  3.139144e+00 
 3.548134e+02  3.138845e+00 
 3.981072e+02  3.138510e+00 
 4.466836e+02  3.138134e+00 
 5.011872e+02  3.137712e+00 
 5.623413e+02  3.137238e+00 
 6.309573e+02  3.136707e+00 
 7.079458e+02  3.136111e+00 
 7.943282e+02  3.135442e+00 
 8.912509e+02  3.134691e+00 
 1.000000e+03  3.133849e+00 
 1.122018e+03  3.132904e+00 
 1.258925e+03  3.131844e+00 
 1.412538e+03  3.130655e+00 
 1.584893e+03  3.129320e+00 
 1.778279e+03  3.127823e+00 
 1.995262e+03  3.126143e+00 
 2.238721e+03  3.124258e+00 
 2.511886e+03  3.122144e+00 
 2.818383e+03  3.119771e+00 
 3.162278e+03  3.117109e+00 
 3.548134e+03  3.114123e+00 
 3.981072e+03  3.110773e+00 
 4.466836e+03  3.107015e+00 
 5.011872e+03  3.102799e+00 
 5.623413e+03  3.098070e+00 
 6.309573e+03  3.092766e+00 
 7.079458e+03  3.086818e+00 
 7.943282e+03  3.080148e+00 
 8.912509e+03  3.072669e+00 
 1.000000e+04  3.064286e+00 
 1.122018e+04  3.054890e+00 
 1.258925e+04  3.044364e+00 
 1.412538e+04  3.032574e+00 
 1.584893e+04  3.019376e+00 
 1.778279e+04  3.004611e+00 
 1.995262e+04  2.988103e+00 
 2.238721e+04  2.969665e+00 
 2.511886e+04  2.949094e+00 
 2.818383e+04  2.926176e+00 
 3.162278e+04  2.900687e+00 
 3.548134e+04  2.872401e+00 
 3.981072e+04  2.841093e+00 
 4.466836e+04  2.806554e+00 
 5.011872e+04  2.768598e+00 
 5.623413e+04  2.727082e+00 
 6.309573e+04  2.681927e+00 
 7.079458e+04  2.633132e+00 
 7.943282e+04  2.580799e+00 
 8.912509e+04  2.525146e+00 
 1.000000e+05  2.466518e+00 
 1.122018e+05  2.405380e+00 
 1.258925e+05  2.342299e+00 
 1.412538e+05  2.277916e+00 
 1.584893e+05  2.212893e+00 
 1.778279e+05  2.147874e+00 
 1.995262e+05  2.083426e+00 
 2.238721e+05  2.020009e+00 
 2.511886e+05  1.957945e+00 
 2.818383e+05  1.897407e+00 
 3.162278e+05  1.838424e+00 
 3.548134e+05  1.780889e+00 
 3.981072e+05  1.724577e+00 
 4.466836e+05  1.669166e+00 
 5.011872e+05  1.614254e+00 
 5.623413e+05  1.559375e+00 
 6.309573e+05  1.504017e+00 
 7.079458e+05  1.447629e+00 
 7.943282e+05  1.389633e+00 
 8.912509e+05  1.329434e+00 
 1.000000e+06  1.266431e+00 
 1.122018e+06  1.200023e+00 
 1.258925e+06  1.129627e+00 
 1.412538e+06  1.054698e+00 
 1.584893e+06  9.747456e-01 
 1.778279e+06  8.893676e-01 
 1.995262e+06  7.982799e-01 
 2.238721e+06  7.013534e-01 
 2.511886e+06  5.986487e-01 
 2.818383e+06  4.904463e-01 
 3.162278e+06  3.772659e-01 
 3.548134e+06  2.598690e-01 
 3.981072e+06  1.392395e-01 
 4.466836e+06  1.654384e-02 
 5.011872e+06 -1.069300e-01 
 5.623413e+06 -2.298449e-01 
 6.309573e+06 -3.508911e-01 
 7.079458e+06 -4.688543e-01 
 7.943282e+06 -5.826681e-01 
 8.912509e+06 -6.914452e-01 
 1.000000e+07 -7.944854e-01 
 1.122018e+07 -8.912665e-01 
 1.258925e+07 -9.814224e-01 
 1.412538e+07 -1.064719e+00 
 1.584893e+07 -1.141037e+00 
 1.778279e+07 -1.210358e+00 
 1.995262e+07 -1.272772e+00 
 2.238721e+07 -1.328482e+00 
 2.511886e+07 -1.377818e+00 
 2.818383e+07 -1.421239e+00 
 3.162278e+07 -1.459327e+00 
 3.548134e+07 -1.492771e+00 
 3.981072e+07 -1.522343e+00 
 4.466836e+07 -1.548869e+00 
 5.011872e+07 -1.573208e+00 
 5.623413e+07 -1.596222e+00 
 6.309573e+07 -1.618741e+00 
 7.079458e+07 -1.641512e+00 
 7.943282e+07 -1.665123e+00 
 8.912509e+07 -1.689935e+00 
 1.000000e+08 -1.716030e+00 
 1.122018e+08 -1.743205e+00 
 1.258925e+08 -1.771028e+00 
 1.412538e+08 -1.798912e+00 
 1.584893e+08 -1.826217e+00 
 1.778279e+08 -1.852342e+00 
 1.995262e+08 -1.876820e+00 
 2.238721e+08 -1.899401e+00 
 2.511886e+08 -1.920125e+00 
 2.818383e+08 -1.939362e+00 
 3.162278e+08 -1.957820e+00 
 3.548134e+08 -1.976501e+00 
 3.981072e+08 -1.996619e+00 
 4.466836e+08 -2.019483e+00 
 5.011872e+08 -2.046376e+00 
 5.623413e+08 -2.078446e+00 
 6.309573e+08 -2.116620e+00 
 7.079458e+08 -2.161542e+00 
 7.943282e+08 -2.213538e+00 
 8.912509e+08 -2.272596e+00 
 1.000000e+09 -2.338371e+00 
