 1.00000000e+00  7.12154793e+01 
 1.04712855e+00  7.16132030e+01 
 1.09647820e+00  7.20101108e+01 
 1.14815362e+00  7.24061781e+01 
 1.20226443e+00  7.28013738e+01 
 1.25892541e+00  7.31956602e+01 
 1.31825674e+00  7.35889922e+01 
 1.38038426e+00  7.39813180e+01 
 1.44543977e+00  7.43725777e+01 
 1.51356125e+00  7.47627039e+01 
 1.58489319e+00  7.51516206e+01 
 1.65958691e+00  7.55392435e+01 
 1.73780083e+00  7.59254790e+01 
 1.81970086e+00  7.63102239e+01 
 1.90546072e+00  7.66933651e+01 
 1.99526231e+00  7.70747791e+01 
 2.08929613e+00  7.74543313e+01 
 2.18776162e+00  7.78318757e+01 
 2.29086765e+00  7.82072546e+01 
 2.39883292e+00  7.85802976e+01 
 2.51188643e+00  7.89508220e+01 
 2.63026799e+00  7.93186318e+01 
 2.75422870e+00  7.96835177e+01 
 2.88403150e+00  8.00452571e+01 
 3.01995172e+00  8.04036138e+01 
 3.16227766e+00  8.07583384e+01 
 3.31131121e+00  8.11091682e+01 
 3.46736850e+00  8.14558280e+01 
 3.63078055e+00  8.17980307e+01 
 3.80189396e+00  8.21354783e+01 
 3.98107171e+00  8.24678632e+01 
 4.16869383e+00  8.27948693e+01 
 4.36515832e+00  8.31161743e+01 
 4.57088190e+00  8.34314518e+01 
 4.78630092e+00  8.37403734e+01 
 5.01187234e+00  8.40426118e+01 
 5.24807460e+00  8.43378435e+01 
 5.49540874e+00  8.46257525e+01 
 5.75439937e+00  8.49060331e+01 
 6.02559586e+00  8.51783942e+01 
 6.30957344e+00  8.54425624e+01 
 6.60693448e+00  8.56982857e+01 
 6.91830971e+00  8.59453370e+01 
 7.24435960e+00  8.61835173e+01 
 7.58577575e+00  8.64126587e+01 
 7.94328235e+00  8.66326266e+01 
 8.31763771e+00  8.68433219e+01 
 8.70963590e+00  8.70446824e+01 
 9.12010839e+00  8.72366832e+01 
 9.54992586e+00  8.74193373e+01 
 1.00000000e+01  8.75926948e+01 
 1.04712855e+01  8.77568417e+01 
 1.09647820e+01  8.79118979e+01 
 1.14815362e+01  8.80580152e+01 
 1.20226443e+01  8.81953740e+01 
 1.25892541e+01  8.83241806e+01 
 1.31825674e+01  8.84446629e+01 
 1.38038426e+01  8.85570674e+01 
 1.44543977e+01  8.86616547e+01 
 1.51356125e+01  8.87586961e+01 
 1.58489319e+01  8.88484693e+01 
 1.65958691e+01  8.89312555e+01 
 1.73780083e+01  8.90073348e+01 
 1.81970086e+01  8.90769839e+01 
 1.90546072e+01  8.91404726e+01 
 1.99526231e+01  8.91980614e+01 
 2.08929613e+01  8.92499988e+01 
 2.18776162e+01  8.92965192e+01 
 2.29086765e+01  8.93378414e+01 
 2.39883292e+01  8.93741666e+01 
 2.51188643e+01  8.94056772e+01 
 2.63026799e+01  8.94325358e+01 
 2.75422870e+01  8.94548843e+01 
 2.88403150e+01  8.94728429e+01 
 3.01995172e+01  8.94865099e+01 
 3.16227766e+01  8.94959608e+01 
 3.31131121e+01  8.95012484e+01 
 3.46736850e+01  8.95024025e+01 
 3.63078055e+01  8.94994296e+01 
 3.80189396e+01  8.94923128e+01 
 3.98107171e+01  8.94810125e+01 
 4.16869383e+01  8.94654656e+01 
 4.36515832e+01  8.94455867e+01 
 4.57088190e+01  8.94212676e+01 
 4.78630092e+01  8.93923787e+01 
 5.01187234e+01  8.93587689e+01 
 5.24807460e+01  8.93202667e+01 
 5.49540874e+01  8.92766813e+01 
 5.75439937e+01  8.92278036e+01 
 6.02559586e+01  8.91734079e+01 
 6.30957344e+01  8.91132532e+01 
 6.60693448e+01  8.90470857e+01 
 6.91830971e+01  8.89746405e+01 
 7.24435960e+01  8.88956446e+01 
 7.58577575e+01  8.88098194e+01 
 7.94328235e+01  8.87168839e+01 
 8.31763771e+01  8.86165584e+01 
 8.70963590e+01  8.85085676e+01 
 9.12010839e+01  8.83926446e+01 
 9.54992586e+01  8.82685347e+01 
 1.00000000e+02  8.81359993e+01 
 1.04712855e+02  8.79948199e+01 
 1.09647820e+02  8.78448015e+01 
 1.14815362e+02  8.76857760e+01 
 1.20226443e+02  8.75176059e+01 
 1.25892541e+02  8.73401860e+01 
 1.31825674e+02  8.71534466e+01 
 1.38038426e+02  8.69573541e+01 
 1.44543977e+02  8.67519126e+01 
 1.51356125e+02  8.65371640e+01 
 1.58489319e+02  8.63131874e+01 
 1.65958691e+02  8.60800983e+01 
 1.73780083e+02  8.58380468e+01 
 1.81970086e+02  8.55872156e+01 
 1.90546072e+02  8.53278172e+01 
 1.99526231e+02  8.50600906e+01 
 2.08929613e+02  8.47842987e+01 
 2.18776162e+02  8.45007241e+01 
 2.29086765e+02  8.42096657e+01 
 2.39883292e+02  8.39114352e+01 
 2.51188643e+02  8.36063535e+01 
 2.63026799e+02  8.32947476e+01 
 2.75422870e+02  8.29769468e+01 
 2.88403150e+02  8.26532806e+01 
 3.01995172e+02  8.23240757e+01 
 3.16227766e+02  8.19896535e+01 
 3.31131121e+02  8.16503287e+01 
 3.46736850e+02  8.13064070e+01 
 3.63078055e+02  8.09581842e+01 
 3.80189396e+02  8.06059449e+01 
 3.98107171e+02  8.02499618e+01 
 4.16869383e+02  7.98904948e+01 
 4.36515832e+02  7.95277912e+01 
 4.57088190e+02  7.91620850e+01 
 4.78630092e+02  7.87935971e+01 
 5.01187234e+02  7.84225354e+01 
 5.24807460e+02  7.80490953e+01 
 5.49540874e+02  7.76734594e+01 
 5.75439937e+02  7.72957985e+01 
 6.02559586e+02  7.69162718e+01 
 6.30957344e+02  7.65350275e+01 
 6.60693448e+02  7.61522032e+01 
 6.91830971e+02  7.57679266e+01 
 7.24435960e+02  7.53823159e+01 
 7.58577575e+02  7.49954805e+01 
 7.94328235e+02  7.46075213e+01 
 8.31763771e+02  7.42185316e+01 
 8.70963590e+02  7.38285974e+01 
 9.12010839e+02  7.34377976e+01 
 9.54992586e+02  7.30462052e+01 
 1.00000000e+03  7.26538872e+01 
 1.04712855e+03  7.22609050e+01 
 1.09647820e+03  7.18673151e+01 
 1.14815362e+03  7.14731694e+01 
 1.20226443e+03  7.10785154e+01 
 1.25892541e+03  7.06833967e+01 
 1.31825674e+03  7.02878533e+01 
 1.38038426e+03  6.98919217e+01 
 1.44543977e+03  6.94956354e+01 
 1.51356125e+03  6.90990251e+01 
 1.58489319e+03  6.87021189e+01 
 1.65958691e+03  6.83049423e+01 
 1.73780083e+03  6.79075189e+01 
 1.81970086e+03  6.75098701e+01 
 1.90546072e+03  6.71120155e+01 
 1.99526231e+03  6.67139731e+01 
 2.08929613e+03  6.63157591e+01 
 2.18776162e+03  6.59173887e+01 
 2.29086765e+03  6.55188754e+01 
 2.39883292e+03  6.51202318e+01 
 2.51188643e+03  6.47214691e+01 
 2.63026799e+03  6.43225979e+01 
 2.75422870e+03  6.39236276e+01 
 2.88403150e+03  6.35245670e+01 
 3.01995172e+03  6.31254238e+01 
 3.16227766e+03  6.27262054e+01 
 3.31131121e+03  6.23269184e+01 
 3.46736850e+03  6.19275687e+01 
 3.63078055e+03  6.15281619e+01 
 3.80189396e+03  6.11287030e+01 
 3.98107171e+03  6.07291965e+01 
 4.16869383e+03  6.03296466e+01 
 4.36515832e+03  5.99300572e+01 
 4.57088190e+03  5.95304317e+01 
 4.78630092e+03  5.91307733e+01 
 5.01187234e+03  5.87310848e+01 
 5.24807460e+03  5.83313690e+01 
 5.49540874e+03  5.79316281e+01 
 5.75439937e+03  5.75318645e+01 
 6.02559586e+03  5.71320801e+01 
 6.30957344e+03  5.67322767e+01 
 6.60693448e+03  5.63324561e+01 
 6.91830971e+03  5.59326196e+01 
 7.24435960e+03  5.55327688e+01 
 7.58577575e+03  5.51329049e+01 
 7.94328235e+03  5.47330290e+01 
 8.31763771e+03  5.43331422e+01 
 8.70963590e+03  5.39332455e+01 
 9.12010839e+03  5.35333396e+01 
 9.54992586e+03  5.31334255e+01 
 1.00000000e+04  5.27335039e+01 
 1.04712855e+04  5.23335753e+01 
 1.09647820e+04  5.19336405e+01 
 1.14815362e+04  5.15337000e+01 
 1.20226443e+04  5.11337542e+01 
 1.25892541e+04  5.07338037e+01 
 1.31825674e+04  5.03338488e+01 
 1.38038426e+04  4.99338900e+01 
 1.44543977e+04  4.95339276e+01 
 1.51356125e+04  4.91339619e+01 
 1.58489319e+04  4.87339932e+01 
 1.65958691e+04  4.83340217e+01 
 1.73780083e+04  4.79340478e+01 
 1.81970086e+04  4.75340716e+01 
 1.90546072e+04  4.71340933e+01 
 1.99526231e+04  4.67341132e+01 
 2.08929613e+04  4.63341314e+01 
 2.18776162e+04  4.59341479e+01 
 2.29086765e+04  4.55341631e+01 
 2.39883292e+04  4.51341770e+01 
 2.51188643e+04  4.47341897e+01 
 2.63026799e+04  4.43342013e+01 
 2.75422870e+04  4.39342120e+01 
 2.88403150e+04  4.35342218e+01 
 3.01995172e+04  4.31342308e+01 
 3.16227766e+04  4.27342391e+01 
 3.31131121e+04  4.23342468e+01 
 3.46736850e+04  4.19342539e+01 
 3.63078055e+04  4.15342604e+01 
 3.80189396e+04  4.11342665e+01 
 3.98107171e+04  4.07342722e+01 
 4.16869383e+04  4.03342776e+01 
 4.36515832e+04  3.99342826e+01 
 4.57088190e+04  3.95342873e+01 
 4.78630092e+04  3.91342918e+01 
 5.01187234e+04  3.87342961e+01 
 5.24807460e+04  3.83343002e+01 
 5.49540874e+04  3.79343042e+01 
 5.75439937e+04  3.75343082e+01 
 6.02559586e+04  3.71343120e+01 
 6.30957344e+04  3.67343159e+01 
 6.60693448e+04  3.63343197e+01 
 6.91830971e+04  3.59343236e+01 
 7.24435960e+04  3.55343276e+01 
 7.58577575e+04  3.51343316e+01 
 7.94328235e+04  3.47343359e+01 
 8.31763771e+04  3.43343402e+01 
 8.70963590e+04  3.39343449e+01 
 9.12010839e+04  3.35343497e+01 
 9.54992586e+04  3.31343549e+01 
 1.00000000e+05  3.27343604e+01 
 1.04712855e+05  3.23343662e+01 
 1.09647820e+05  3.19343725e+01 
 1.14815362e+05  3.15343793e+01 
 1.20226443e+05  3.11343867e+01 
 1.25892541e+05  3.07343946e+01 
 1.31825674e+05  3.03344033e+01 
 1.38038426e+05  2.99344127e+01 
 1.44543977e+05  2.95344229e+01 
 1.51356125e+05  2.91344340e+01 
 1.58489319e+05  2.87344461e+01 
 1.65958691e+05  2.83344594e+01 
 1.73780083e+05  2.79344739e+01 
 1.81970086e+05  2.75344897e+01 
 1.90546072e+05  2.71345070e+01 
 1.99526231e+05  2.67345259e+01 
 2.08929613e+05  2.63345467e+01 
 2.18776162e+05  2.59345694e+01 
 2.29086765e+05  2.55345942e+01 
 2.39883292e+05  2.51346215e+01 
 2.51188643e+05  2.47346513e+01 
 2.63026799e+05  2.43346840e+01 
 2.75422870e+05  2.39347198e+01 
 2.88403150e+05  2.35347591e+01 
 3.01995172e+05  2.31348021e+01 
 3.16227766e+05  2.27348492e+01 
 3.31131121e+05  2.23349009e+01 
 3.46736850e+05  2.19349576e+01 
 3.63078055e+05  2.15350197e+01 
 3.80189396e+05  2.11350878e+01 
 3.98107171e+05  2.07351625e+01 
 4.16869383e+05  2.03352444e+01 
 4.36515832e+05  1.99353341e+01 
 4.57088190e+05  1.95354326e+01 
 4.78630092e+05  1.91355405e+01 
 5.01187234e+05  1.87356588e+01 
 5.24807460e+05  1.83357885e+01 
 5.49540874e+05  1.79359307e+01 
 5.75439937e+05  1.75360867e+01 
 6.02559586e+05  1.71362577e+01 
 6.30957344e+05  1.67364451e+01 
 6.60693448e+05  1.63366507e+01 
 6.91830971e+05  1.59368761e+01 
 7.24435960e+05  1.55371233e+01 
 7.58577575e+05  1.51373943e+01 
 7.94328235e+05  1.47376915e+01 
 8.31763771e+05  1.43380173e+01 
 8.70963590e+05  1.39383746e+01 
 9.12010839e+05  1.35387664e+01 
 9.54992586e+05  1.31391960e+01 
 1.00000000e+06  1.27396670e+01 
 1.04712855e+06  1.23401835e+01 
 1.09647820e+06  1.19407499e+01 
 1.14815362e+06  1.15413710e+01 
 1.20226443e+06  1.11420520e+01 
 1.25892541e+06  1.07427988e+01 
 1.31825674e+06  1.03436176e+01 
 1.38038426e+06  9.94451562e+00 
 1.44543977e+06  9.54550031e+00 
 1.51356125e+06  9.14658011e+00 
 1.58489319e+06  8.74776422e+00 
 1.65958691e+06  8.34906273e+00 
 1.73780083e+06  7.95048671e+00 
 1.81970086e+06  7.55204829e+00 
 1.90546072e+06  7.15376081e+00 
 1.99526231e+06  6.75563889e+00 
 2.08929613e+06  6.35769855e+00 
 2.18776162e+06  5.95995740e+00 
 2.29086765e+06  5.56243476e+00 
 2.39883292e+06  5.16515182e+00 
 2.51188643e+06  4.76813184e+00 
 2.63026799e+06  4.37140036e+00 
 2.75422870e+06  3.97498542e+00 
 2.88403150e+06  3.57891779e+00 
 3.01995172e+06  3.18323128e+00 
 3.16227766e+06  2.78796300e+00 
 3.31131121e+06  2.39315371e+00 
 3.46736850e+06  1.99884821e+00 
 3.63078055e+06  1.60509569e+00 
 3.80189396e+06  1.21195023e+00 
 3.98107171e+06  8.19471258e-01 
 4.16869383e+06  4.27724126e-01 
 4.36515832e+06  3.67806875e-02 
 4.57088190e+06 -3.53280019e-01 
 4.78630092e+06 -7.42371025e-01 
 5.01187234e+06 -1.13039661e+00 
 5.24807460e+06 -1.51725138e+00 
 5.49540874e+06 -1.90281926e+00 
 5.75439937e+06 -2.28697232e+00 
 6.02559586e+06 -2.66956954e+00 
 6.30957344e+06 -3.05045539e+00 
 6.60693448e+06 -3.42945821e+00 
 6.91830971e+06 -3.80638844e+00 
 7.24435960e+06 -4.18103663e+00 
 7.58577575e+06 -4.55317116e+00 
 7.94328235e+06 -4.92253569e+00 
 8.31763771e+06 -5.28884627e+00 
 8.70963590e+06 -5.65178807e+00 
 9.12010839e+06 -6.01101160e+00 
 9.54992586e+06 -6.36612847e+00 
 1.00000000e+07 -6.71670648e+00 
 1.04712855e+07 -7.06226392e+00 
 1.09647820e+07 -7.40226307e+00 
 1.14815362e+07 -7.73610256e+00 
 1.20226443e+07 -8.06310851e+00 
 1.25892541e+07 -8.38252404e+00 
 1.31825674e+07 -8.69349698e+00 
 1.38038426e+07 -8.99506519e+00 
 1.44543977e+07 -9.28613901e+00 
 1.51356125e+07 -9.56548013e+00 
 1.58489319e+07 -9.83167593e+00 
 1.65958691e+07 -1.00831080e+01 
 1.73780083e+07 -1.03179135e+01 
 1.81970086e+07 -1.05339364e+01 
 1.90546072e+07 -1.07286668e+01 
 1.99526231e+07 -1.08991631e+01 
 2.08929613e+07 -1.10419519e+01 
 2.18776162e+07 -1.11528965e+01 
 2.29086765e+07 -1.12270243e+01 
 2.39883292e+07 -1.12582923e+01 
 2.51188643e+07 -1.12392689e+01 
 2.63026799e+07 -1.11606903e+01 
 2.75422870e+07 -1.10108332e+01 
 2.88403150e+07 -1.07746161e+01 
 3.01995172e+07 -1.04322961e+01 
 3.16227766e+07 -9.95759071e+00 
 3.31131121e+07 -9.31510499e+00 
 3.46736850e+07 -8.45752273e+00 
 3.63078055e+07 -7.32624912e+00 
 3.80189396e+07 -5.87544289e+00 
 3.98107171e+07 -4.21425564e+00 
 4.16869383e+07 -3.12749313e+00 
 4.36515832e+07 -4.15269708e+00 
 4.57088190e+07 -6.95214521e+00 
 4.78630092e+07 -1.00196006e+01 
 5.01187234e+07 -1.28128317e+01 
 5.24807460e+07 -1.52898929e+01 
 5.49540874e+07 -1.75046910e+01 
 5.75439937e+07 -1.95128199e+01 
 6.02559586e+07 -2.13575766e+01 
 6.30957344e+07 -2.30709977e+01 
 6.60693448e+07 -2.46767426e+01 
 6.91830971e+07 -2.61924970e+01 
 7.24435960e+07 -2.76316897e+01 
 7.58577575e+07 -2.90046816e+01 
 7.94328235e+07 -3.03195854e+01 
 8.31763771e+07 -3.15828402e+01 
 8.70963590e+07 -3.27996174e+01 
 9.12010839e+07 -3.39741143e+01 
 9.54992586e+07 -3.51097667e+01 
 1.00000000e+08 -3.62094071e+01 
 1.04712855e+08 -3.72753816e+01 
 1.09647820e+08 -3.83096381e+01 
 1.14815362e+08 -3.93137923e+01 
 1.20226443e+08 -4.02891772e+01 
 1.25892541e+08 -4.12368811e+01 
 1.31825674e+08 -4.21577762e+01 
 1.38038426e+08 -4.30525411e+01 
 1.44543977e+08 -4.39216786e+01 
 1.51356125e+08 -4.47655322e+01 
 1.58489319e+08 -4.55843007e+01 
 1.65958691e+08 -4.63780555e+01 
 1.73780083e+08 -4.71467590e+01 
 1.81970086e+08 -4.78902870e+01 
 1.90546072e+08 -4.86084555e+01 
 1.99526231e+08 -4.93010517e+01 
 2.08929613e+08 -4.99678695e+01 
 2.18776162e+08 -5.06087472e+01 
 2.29086765e+08 -5.12236077e+01 
 2.39883292e+08 -5.18124965e+01 
 2.51188643e+08 -5.23756167e+01 
 2.63026799e+08 -5.29133565e+01 
 2.75422870e+08 -5.34263086e+01 
 2.88403150e+08 -5.39152779e+01 
 3.01995172e+08 -5.43812774e+01 
 3.16227766e+08 -5.48255133e+01 
 3.31131121e+08 -5.52493593e+01 
 3.46736850e+08 -5.56543234e+01 
 3.63078055e+08 -5.60420094e+01 
 3.80189396e+08 -5.64140769e+01 
 3.98107171e+08 -5.67722015e+01 
 4.16869383e+08 -5.71180385e+01 
 4.36515832e+08 -5.74531911e+01 
 4.57088190e+08 -5.77791848e+01 
 4.78630092e+08 -5.80974474e+01 
 5.01187234e+08 -5.84092955e+01 
 5.24807460e+08 -5.87159260e+01 
 5.49540874e+08 -5.90184129e+01 
 5.75439937e+08 -5.93177069e+01 
 6.02559586e+08 -5.96146383e+01 
 6.30957344e+08 -5.99099217e+01 
 6.60693448e+08 -6.02041620e+01 
 6.91830971e+08 -6.04978604e+01 
 7.24435960e+08 -6.07914207e+01 
 7.58577575e+08 -6.10851555e+01 
 7.94328235e+08 -6.13792915e+01 
 8.31763771e+08 -6.16739740e+01 
 8.70963590e+08 -6.19692715e+01 
 9.12010839e+08 -6.22651791e+01 
 9.54992586e+08 -6.25616218e+01 
 1.00000000e+09 -6.28584572e+01 
