1.0000000000E+00  7.8662873681E+01
1.0471285500E+00  7.8662873072E+01
1.0964782000E+00  7.8662872403E+01
1.1481536200E+00  7.8662871670E+01
1.2022644300E+00  7.8662870867E+01
1.2589254100E+00  7.8662869986E+01
1.3182567400E+00  7.8662869019E+01
1.3803842600E+00  7.8662867960E+01
1.4454397700E+00  7.8662866798E+01
1.5135612500E+00  7.8662865525E+01
1.5848931900E+00  7.8662864128E+01
1.6595869100E+00  7.8662862597E+01
1.7378008300E+00  7.8662860918E+01
1.8197008600E+00  7.8662859077E+01
1.9054607200E+00  7.8662857058E+01
1.9952623100E+00  7.8662854845E+01
2.0892961300E+00  7.8662852418E+01
2.1877616200E+00  7.8662849757E+01
2.2908676500E+00  7.8662846839E+01
2.3988329200E+00  7.8662843640E+01
2.5118864300E+00  7.8662840132E+01
2.6302679900E+00  7.8662836285E+01
2.7542287000E+00  7.8662832068E+01
2.8840315000E+00  7.8662827443E+01
3.0199517200E+00  7.8662822373E+01
3.1622776600E+00  7.8662816813E+01
3.3113112100E+00  7.8662810717E+01
3.4673685000E+00  7.8662804033E+01
3.6307805500E+00  7.8662796704E+01
3.8018939600E+00  7.8662788668E+01
3.9810717100E+00  7.8662779856E+01
4.1686938300E+00  7.8662770194E+01
4.3651583200E+00  7.8662759601E+01
4.5708819000E+00  7.8662747985E+01
4.7863009200E+00  7.8662735249E+01
5.0118723400E+00  7.8662721284E+01
5.2480746000E+00  7.8662705971E+01
5.4954087400E+00  7.8662689182E+01
5.7543993700E+00  7.8662670772E+01
6.0255958600E+00  7.8662650587E+01
6.3095734400E+00  7.8662628454E+01
6.6069344800E+00  7.8662604186E+01
6.9183097100E+00  7.8662577577E+01
7.2443596000E+00  7.8662548401E+01
7.5857757500E+00  7.8662516410E+01
7.9432823500E+00  7.8662481334E+01
8.3176377100E+00  7.8662442873E+01
8.7096359000E+00  7.8662400702E+01
9.1201083900E+00  7.8662354463E+01
9.5499258600E+00  7.8662303763E+01
1.0000000000E+01  7.8662248173E+01
1.0471285500E+01  7.8662187221E+01
1.0964782000E+01  7.8662120388E+01
1.1481536200E+01  7.8662047109E+01
1.2022644300E+01  7.8661966762E+01
1.2589254100E+01  7.8661878665E+01
1.3182567400E+01  7.8661782070E+01
1.3803842600E+01  7.8661676158E+01
1.4454397700E+01  7.8661560031E+01
1.5135612500E+01  7.8661432704E+01
1.5848931900E+01  7.8661293097E+01
1.6595869100E+01  7.8661140027E+01
1.7378008300E+01  7.8660972194E+01
1.8197008600E+01  7.8660788177E+01
1.9054607200E+01  7.8660586414E+01
1.9952623100E+01  7.8660365198E+01
2.0892961300E+01  7.8660122651E+01
2.1877616200E+01  7.8659856719E+01
2.2908676500E+01  7.8659565150E+01
2.3988329200E+01  7.8659245473E+01
2.5118864300E+01  7.8658894981E+01
2.6302679900E+01  7.8658510707E+01
2.7542287000E+01  7.8658089398E+01
2.8840315000E+01  7.8657627489E+01
3.0199517200E+01  7.8657121072E+01
3.1622776600E+01  7.8656565865E+01
3.3113112100E+01  7.8655957174E+01
3.4673685000E+01  7.8655289855E+01
3.6307805500E+01  7.8654558273E+01
3.8018939600E+01  7.8653756251E+01
3.9810717100E+01  7.8652877021E+01
4.1686938300E+01  7.8651913169E+01
4.3651583200E+01  7.8650856572E+01
4.5708819000E+01  7.8649698332E+01
4.7863009200E+01  7.8648428702E+01
5.0118723400E+01  7.8647037007E+01
5.2480746000E+01  7.8645511556E+01
5.4954087400E+01  7.8643839548E+01
5.7543993700E+01  7.8642006967E+01
6.0255958600E+01  7.8639998471E+01
6.3095734400E+01  7.8637797266E+01
6.6069344800E+01  7.8635384973E+01
6.9183097100E+01  7.8632741487E+01
7.2443596000E+01  7.8629844810E+01
7.5857757500E+01  7.8626670885E+01
7.9432823500E+01  7.8623193410E+01
8.3176377100E+01  7.8619383633E+01
8.7096359000E+01  7.8615210132E+01
9.1201083900E+01  7.8610638585E+01
9.5499258600E+01  7.8605631508E+01
1.0000000000E+02  7.8600147984E+01
1.0471285500E+02  7.8594143367E+01
1.0964782000E+02  7.8587568963E+01
1.1481536200E+02  7.8580371694E+01
1.2022644300E+02  7.8572493730E+01
1.2589254100E+02  7.8563872107E+01
1.3182567400E+02  7.8554438316E+01
1.3803842600E+02  7.8544117870E+01
1.4454397700E+02  7.8532829842E+01
1.5135612500E+02  7.8520486394E+01
1.5848931900E+02  7.8506992275E+01
1.6595869100E+02  7.8492244299E+01
1.7378008300E+02  7.8476130820E+01
1.8197008600E+02  7.8458531188E+01
1.9054607200E+02  7.8439315198E+01
1.9952623100E+02  7.8418342552E+01
2.0892961300E+02  7.8395462313E+01
2.1877616200E+02  7.8370512407E+01
2.2908676500E+02  7.8343319122E+01
2.3988329200E+02  7.8313696687E+01
2.5118864300E+02  7.8281446892E+01
2.6302679900E+02  7.8246358788E+01
2.7542287000E+02  7.8208208506E+01
2.8840315000E+02  7.8166759174E+01
3.0199517200E+02  7.8121761002E+01
3.1622776600E+02  7.8072951527E+01
3.3113112100E+02  7.8020056058E+01
3.4673685000E+02  7.7962788341E+01
3.6307805500E+02  7.7900851490E+01
3.8018939600E+02  7.7833939180E+01
3.9810717100E+02  7.7761737114E+01
4.1686938300E+02  7.7683924848E+01
4.3651583200E+02  7.7600177858E+01
4.5708819000E+02  7.7510170000E+01
4.7863009200E+02  7.7413576224E+01
5.0118723400E+02  7.7310075564E+01
5.2480746000E+02  7.7199354431E+01
5.4954087400E+02  7.7081110023E+01
5.7543993700E+02  7.6955053959E+01
6.0255958600E+02  7.6820915897E+01
6.3095734400E+02  7.6678447194E+01
6.6069344800E+02  7.6527424400E+01
6.9183097100E+02  7.6367652590E+01
7.2443596000E+02  7.6198968337E+01
7.5857757500E+02  7.6021242314E+01
7.9432823500E+02  7.5834381392E+01
8.3176377100E+02  7.5638330197E+01
8.7096359000E+02  7.5433072010E+01
9.1201083900E+02  7.5218629082E+01
9.5499258600E+02  7.4995062230E+01
1.0000000000E+03  7.4762469841E+01
1.0471285500E+03  7.4520986224E+01
1.0964782000E+03  7.4270779465E+01
1.1481536200E+03  7.4012048778E+01
1.2022644300E+03  7.3745021351E+01
1.2589254100E+03  7.3469949120E+01
1.3182567400E+03  7.3187105239E+01
1.3803842600E+03  7.2896780414E+01
1.4454397700E+03  7.2599279100E+01
1.5135612500E+03  7.2294916206E+01
1.5848931900E+03  7.1984013483E+01
1.6595869100E+03  7.1666896254E+01
1.7378008300E+03  7.1343890659E+01
1.8197008600E+03  7.1015320741E+01
1.9054607200E+03  7.0681506202E+01
1.9952623100E+03  7.0342760333E+01
2.0892961300E+03  6.9999388133E+01
2.1877616200E+03  6.9651685111E+01
2.2908676500E+03  6.9299935879E+01
2.3988329200E+03  6.8944413433E+01
2.5118864300E+03  6.8585378485E+01
2.6302679900E+03  6.8223078971E+01
2.7542287000E+03  6.7857749923E+01
2.8840315000E+03  6.7489613357E+01
3.0199517200E+03  6.7118878392E+01
3.1622776600E+03  6.6745741464E+01
3.3113112100E+03  6.6370386609E+01
3.4673685000E+03  6.5992985828E+01
3.6307805500E+03  6.5613699582E+01
3.8018939600E+03  6.5232677302E+01
3.9810717100E+03  6.4850057762E+01
4.1686938300E+03  6.4465969837E+01
4.3651583200E+03  6.4080532804E+01
4.5708819000E+03  6.3693857090E+01
4.7863009200E+03  6.3306044749E+01
5.0118723400E+03  6.2917189900E+01
5.2480746000E+03  6.2527379414E+01
5.4954087400E+03  6.2136693232E+01
5.7543993700E+03  6.1745204994E+01
6.0255958600E+03  6.1352982371E+01
6.3095734400E+03  6.0960087591E+01
6.6069344800E+03  6.0566577762E+01
6.9183097100E+03  6.0172505337E+01
7.2443596000E+03  5.9777918408E+01
7.5857757500E+03  5.9382861068E+01
7.9432823500E+03  5.8987373727E+01
8.3176377100E+03  5.8591493412E+01
8.7096359000E+03  5.8195254005E+01
9.1201083900E+03  5.7798686544E+01
9.5499258600E+03  5.7401819405E+01
1.0000000000E+04  5.7004678571E+01
1.0471285500E+04  5.6607287774E+01
1.0964782000E+04  5.6209668749E+01
1.1481536200E+04  5.5811841402E+01
1.2022644300E+04  5.5413823798E+01
1.2589254100E+04  5.5015632495E+01
1.3182567400E+04  5.4617282679E+01
1.3803842600E+04  5.4218788246E+01
1.4454397700E+04  5.3820161710E+01
1.5135612500E+04  5.3421414684E+01
1.5848931900E+04  5.3022557729E+01
1.6595869100E+04  5.2623600380E+01
1.7378008300E+04  5.2224551502E+01
1.8197008600E+04  5.1825419069E+01
1.9054607200E+04  5.1426210405E+01
1.9952623100E+04  5.1026932222E+01
2.0892961300E+04  5.0627590532E+01
2.1877616200E+04  5.0228190975E+01
2.2908676500E+04  4.9828738577E+01
2.3988329200E+04  4.9429237976E+01
2.5118864300E+04  4.9029693429E+01
2.6302679900E+04  4.8630108756E+01
2.7542287000E+04  4.8230487484E+01
2.8840315000E+04  4.7830832811E+01
3.0199517200E+04  4.7431147657E+01
3.1622776600E+04  4.7031434704E+01
3.3113112100E+04  4.6631696390E+01
3.4673685000E+04  4.6231934904E+01
3.6307805500E+04  4.5832152266E+01
3.8018939600E+04  4.5432350363E+01
3.9810717100E+04  4.5032530814E+01
4.1686938300E+04  4.4632695217E+01
4.3651583200E+04  4.4232844903E+01
4.5708819000E+04  4.3832981159E+01
4.7863009200E+04  4.3433105174E+01
5.0118723400E+04  4.3033217947E+01
5.2480746000E+04  4.2633320485E+01
5.4954087400E+04  4.2233413617E+01
5.7543993700E+04  4.1833498163E+01
6.0255958600E+04  4.1433574816E+01
6.3095734400E+04  4.1033644247E+01
6.6069344800E+04  4.0633707024E+01
6.9183097100E+04  4.0233763696E+01
7.2443596000E+04  3.9833814742E+01
7.5857757500E+04  3.9433860589E+01
7.9432823500E+04  3.9033901627E+01
8.3176377100E+04  3.8633938214E+01
8.7096359000E+04  3.8233970648E+01
9.1201083900E+04  3.7833999214E+01
9.5499258600E+04  3.7434024142E+01
1.0000000000E+05  3.7034045654E+01
1.0471285500E+05  3.6634063915E+01
1.0964782000E+05  3.6234079096E+01
1.1481536200E+05  3.5834091380E+01
1.2022644300E+05  3.5434100797E+01
1.2589254100E+05  3.5034107402E+01
1.3182567400E+05  3.4634111294E+01
1.3803842600E+05  3.4234112567E+01
1.4454397700E+05  3.3834111109E+01
1.5135612500E+05  3.3434106980E+01
1.5848931900E+05  3.3034100172E+01
1.6595869100E+05  3.2634090541E+01
1.7378008300E+05  3.2234078089E+01
1.8197008600E+05  3.1834062668E+01
1.9054607200E+05  3.1434044153E+01
1.9952623100E+05  3.1034022422E+01
2.0892961300E+05  3.0633997209E+01
2.1877616200E+05  3.0233968379E+01
2.2908676500E+05  2.9833935639E+01
2.3988329200E+05  2.9433898720E+01
2.5118864300E+05  2.9033857341E+01
2.6302679900E+05  2.8633811119E+01
2.7542287000E+05  2.8233759674E+01
2.8840315000E+05  2.7833702561E+01
3.0199517200E+05  2.7433639293E+01
3.1622776600E+05  2.7033569347E+01
3.3113112100E+05  2.6633492137E+01
3.4673685000E+05  2.6233406980E+01
3.6307805500E+05  2.5833313151E+01
3.8018939600E+05  2.5433209902E+01
3.9810717100E+05  2.5033096294E+01
4.1686938300E+05  2.4632971433E+01
4.3651583200E+05  2.4232834198E+01
4.5708819000E+05  2.3832683442E+01
4.7863009200E+05  2.3432517919E+01
5.0118723400E+05  2.3032336176E+01
5.2480746000E+05  2.2632136719E+01
5.4954087400E+05  2.2231917819E+01
5.7543993700E+05  2.1831677651E+01
6.0255958600E+05  2.1431414154E+01
6.3095734400E+05  2.1031125117E+01
6.6069344800E+05  2.0630808071E+01
6.9183097100E+05  2.0230460346E+01
7.2443596000E+05  1.9830078998E+01
7.5857757500E+05  1.9429660791E+01
7.9432823500E+05  1.9029202187E+01
8.3176377100E+05  1.8628699316E+01
8.7096359000E+05  1.8228147912E+01
9.1201083900E+05  1.7827543323E+01
9.5499258600E+05  1.7426880428E+01
1.0000000000E+06  1.7026153637E+01
1.0471285500E+06  1.6625356795E+01
1.0964782000E+06  1.6224483194E+01
1.1481536200E+06  1.5823525521E+01
1.2022644300E+06  1.5422475626E+01
1.2589254100E+06  1.5021324643E+01
1.3182567400E+06  1.4620062926E+01
1.3803842600E+06  1.4218679925E+01
1.4454397700E+06  1.3817163895E+01
1.5135612500E+06  1.3415502185E+01
1.5848931900E+06  1.3013680884E+01
1.6595869100E+06  1.2611684653E+01
1.7378008300E+06  1.2209496879E+01
1.8197008600E+06  1.1807099244E+01
1.9054607200E+06  1.1404471760E+01
1.9952623100E+06  1.1001592587E+01
2.0892961300E+06  1.0598437715E+01
2.1877616200E+06  1.0194981063E+01
2.2908676500E+06  9.7911939799E+00
2.3988329200E+06  9.3870452174E+00
2.5118864300E+06  8.9825006567E+00
2.6302679900E+06  8.5775229691E+00
2.7542287000E+06  8.1720714456E+00
2.8840315000E+06  7.7661016397E+00
3.0199517200E+06  7.3595650769E+00
3.1622776600E+06  6.9524089240E+00
3.3113112100E+06  6.5445755998E+00
3.4673685000E+06  6.1360023640E+00
3.6307805500E+06  5.7266209632E+00
3.8018939600E+06  5.3163572179E+00
3.9810717100E+06  4.9051304068E+00
4.1686938300E+06  4.4928530208E+00
4.3651583200E+06  4.0794299975E+00
4.5708819000E+06  3.6647584098E+00
4.7863009200E+06  3.2487268604E+00
5.0118723400E+06  2.8312148276E+00
5.2480746000E+06  2.4120922949E+00
5.4954087400E+06  1.9912189958E+00
5.7543993700E+06  1.5684440270E+00
6.0255958600E+06  1.1436051792E+00
6.3095734400E+06  7.1652853721E-01
6.6069344800E+06  2.8702791938E-01
6.9183097100E+06  -1.4509544408E-01
7.2443596000E+06  -5.8005330858E-01
7.5857757500E+06  -1.0180706376E+00
7.9432823500E+06  -1.4593857177E+00
8.3176377100E+06  -1.9042501368E+00
8.7096359000E+06  -2.3529286421E+00
9.1201083900E+06  -2.8056987169E+00
9.5499258600E+06  -3.2628500475E+00
1.0000000000E+07  -3.7246836429E+00
1.0471285500E+07  -4.1915108003E+00
1.0964782000E+07  -4.6636516504E+00
1.1481536200E+07  -5.1414334749E+00
1.2022644300E+07  -5.6251889173E+00
1.2589254100E+07  -6.1152534658E+00
1.3182567400E+07  -6.6119628312E+00
1.3803842600E+07  -7.1156501142E+00
1.4454397700E+07  -7.6266429308E+00
1.5135612500E+07  -8.1452595926E+00
1.5848931900E+07  -8.6718059315E+00
1.6595869100E+07  -9.2065718310E+00
1.7378008300E+07  -9.7498273102E+00
1.8197008600E+07  -1.0301819470E+01
1.9054607200E+07  -1.0862769016E+01
1.9952623100E+07  -1.1432867327E+01
2.0892961300E+07  -1.2012274108E+01
2.1877616200E+07  -1.2601114900E+01
2.2908676500E+07  -1.3199479964E+01
2.3988329200E+07  -1.3807423078E+01
2.5118864300E+07  -1.4424961292E+01
2.6302679900E+07  -1.5052075418E+01
2.7542287000E+07  -1.5688710865E+01
2.8840315000E+07  -1.6334779335E+01
3.0199517200E+07  -1.6990160927E+01
3.1622776600E+07  -1.7654706741E+01
3.3113112100E+07  -1.8328241910E+01
3.4673685000E+07  -1.9010568923E+01
3.6307805500E+07  -1.9701470980E+01
3.8018939600E+07  -2.0400715469E+01
3.9810717100E+07  -2.1108057720E+01
4.1686938300E+07  -2.1823243959E+01
4.3651583200E+07  -2.2546014899E+01
4.5708819000E+07  -2.3276108235E+01
4.7863009200E+07  -2.4013261269E+01
5.0118723400E+07  -2.4757213218E+01
5.2480746000E+07  -2.5507706584E+01
5.4954087400E+07  -2.6264488765E+01
5.7543993700E+07  -2.7027312588E+01
6.0255958600E+07  -2.7795936944E+01
6.3095734400E+07  -2.8570126565E+01
6.6069344800E+07  -2.9349651800E+01
6.9183097100E+07  -3.0134287711E+01
7.2443596000E+07  -3.0923813149E+01
7.5857757500E+07  -3.1718009463E+01
7.9432823500E+07  -3.2516659047E+01
8.3176377100E+07  -3.3319543816E+01
8.7096359000E+07  -3.4126443744E+01
9.1201083900E+07  -3.4937135315E+01
9.5499258600E+07  -3.5751390323E+01
1.0000000000E+08  -3.6568974717E+01
1.0471285500E+08  -3.7389647959E+01
1.0964782000E+08  -3.8213162514E+01
1.1481536200E+08  -3.9039263898E+01
1.2022644300E+08  -3.9867691521E+01
1.2589254100E+08  -4.0698179276E+01
1.3182567400E+08  -4.1530456920E+01
1.3803842600E+08  -4.2364251992E+01
1.4454397700E+08  -4.3199292405E+01
1.5135612500E+08  -4.4035308095E+01
1.5848931900E+08  -4.4872034151E+01
1.6595869100E+08  -4.5709213631E+01
1.7378008300E+08  -4.6546599629E+01
1.8197008600E+08  -4.7383958396E+01
1.9054607200E+08  -4.8221071253E+01
1.9952623100E+08  -4.9057736575E+01
2.0892961300E+08  -4.9893771665E+01
2.1877616200E+08  -5.0729013316E+01
2.2908676500E+08  -5.1563319114E+01
2.3988329200E+08  -5.2396567309E+01
2.5118864300E+08  -5.3228656729E+01
2.6302679900E+08  -5.4059506405E+01
2.7542287000E+08  -5.4889054481E+01
2.8840315000E+08  -5.5717257178E+01
3.0199517200E+08  -5.6544087372E+01
3.1622776600E+08  -5.7369533041E+01
3.3113112100E+08  -5.8193595703E+01
3.4673685000E+08  -5.9016288797E+01
3.6307805500E+08  -5.9837635913E+01
3.8018939600E+08  -6.0657669134E+01
3.9810717100E+08  -6.1476427824E+01
4.1686938300E+08  -6.2293956717E+01
4.3651583200E+08  -6.3110305137E+01
4.5708819000E+08  -6.3925525389E+01
4.7863009200E+08  -6.4739671844E+01
5.0118723400E+08  -6.5552800223E+01
5.2480746000E+08  -6.6364966437E+01
5.4954087400E+08  -6.7176226311E+01
5.7543993700E+08  -6.7986634700E+01
6.0255958600E+08  -6.8796245305E+01
6.3095734400E+08  -6.9605110108E+01
6.6069344800E+08  -7.0413279280E+01
6.9183097100E+08  -7.1220800814E+01
7.2443596000E+08  -7.2027720506E+01
7.5857757500E+08  -7.2834081833E+01
7.9432823500E+08  -7.3639925897E+01
8.3176377100E+08  -7.4445291403E+01
8.7096359000E+08  -7.5250214759E+01
9.1201083900E+08  -7.6054730019E+01
9.5499258600E+08  -7.6858869053E+01
1.0000000000E+09  -7.7662661525E+01
