 1.00000000e+00  7.86628797e+01 
 1.04712855e+00  7.90746996e+01 
 1.09647820e+00  7.94843548e+01 
 1.14815362e+00  7.98919128e+01 
 1.20226443e+00  8.02974270e+01 
 1.25892541e+00  8.07009364e+01 
 1.31825674e+00  8.11024659e+01 
 1.38038426e+00  8.15020264e+01 
 1.44543977e+00  8.18996148e+01 
 1.51356125e+00  8.22952137e+01 
 1.58489319e+00  8.26887919e+01 
 1.65958691e+00  8.30803040e+01 
 1.73780083e+00  8.34696901e+01 
 1.81970086e+00  8.38568760e+01 
 1.90546072e+00  8.42417728e+01 
 1.99526231e+00  8.46242770e+01 
 2.08929613e+00  8.50042697e+01 
 2.18776162e+00  8.53816171e+01 
 2.29086765e+00  8.57561699e+01 
 2.39883292e+00  8.61277634e+01 
 2.51188643e+00  8.64962174e+01 
 2.63026799e+00  8.68613360e+01 
 2.75422870e+00  8.72229081e+01 
 2.88403150e+00  8.75807071e+01 
 3.01995172e+00  8.79344921e+01 
 3.16227766e+00  8.82840077e+01 
 3.31131121e+00  8.86289850e+01 
 3.46736850e+00  8.89691431e+01 
 3.63078055e+00  8.93041896e+01 
 3.80189396e+00  8.96338228e+01 
 3.98107171e+00  8.99577333e+01 
 4.16869383e+00  9.02756061e+01 
 4.36515832e+00  9.05871230e+01 
 4.57088190e+00  9.08919657e+01 
 4.78630092e+00  9.11898187e+01 
 5.01187234e+00  9.14803721e+01 
 5.24807460e+00  9.17633259e+01 
 5.49540874e+00  9.20383930e+01 
 5.75439937e+00  9.23053030e+01 
 6.02559586e+00  9.25638061e+01 
 6.30957344e+00  9.28136764e+01 
 6.60693448e+00  9.30547152e+01 
 6.91830971e+00  9.32867543e+01 
 7.24435960e+00  9.35096583e+01 
 7.58577575e+00  9.37233272e+01 
 7.94328235e+00  9.39276973e+01 
 8.31763771e+00  9.41227428e+01 
 8.70963590e+00  9.43084759e+01 
 9.12010839e+00  9.44849462e+01 
 9.54992586e+00  9.46522402e+01 
 1.00000000e+01  9.48104791e+01 
 1.04712855e+01  9.49598172e+01 
 1.09647820e+01  9.51004385e+01 
 1.14815362e+01  9.52325545e+01 
 1.20226443e+01  9.53563997e+01 
 1.25892541e+01  9.54722291e+01 
 1.31825674e+01  9.55803135e+01 
 1.38038426e+01  9.56809362e+01 
 1.44543977e+01  9.57743891e+01 
 1.51356125e+01  9.58609693e+01 
 1.58489319e+01  9.59409753e+01 
 1.65958691e+01  9.60147040e+01 
 1.73780083e+01  9.60824477e+01 
 1.81970086e+01  9.61444917e+01 
 1.90546072e+01  9.62011115e+01 
 1.99526231e+01  9.62525712e+01 
 2.08929613e+01  9.62991213e+01 
 2.18776162e+01  9.63409975e+01 
 2.29086765e+01  9.63784193e+01 
 2.39883292e+01  9.64115890e+01 
 2.51188643e+01  9.64406909e+01 
 2.63026799e+01  9.64658906e+01 
 2.75422870e+01  9.64873344e+01 
 2.88403150e+01  9.65051493e+01 
 3.01995172e+01  9.65194420e+01 
 3.16227766e+01  9.65302994e+01 
 3.31131121e+01  9.65377881e+01 
 3.46736850e+01  9.65419544e+01 
 3.63078055e+01  9.65428241e+01 
 3.80189396e+01  9.65404027e+01 
 3.98107171e+01  9.65346751e+01 
 4.16869383e+01  9.65256060e+01 
 4.36515832e+01  9.65131395e+01 
 4.57088190e+01  9.64971997e+01 
 4.78630092e+01  9.64776903e+01 
 5.01187234e+01  9.64544951e+01 
 5.24807460e+01  9.64274782e+01 
 5.49540874e+01  9.63964843e+01 
 5.75439937e+01  9.63613390e+01 
 6.02559586e+01  9.63218496e+01 
 6.30957344e+01  9.62778060e+01 
 6.60693448e+01  9.62289811e+01 
 6.91830971e+01  9.61751323e+01 
 7.24435960e+01  9.61160030e+01 
 7.58577575e+01  9.60513238e+01 
 7.94328235e+01  9.59808149e+01 
 8.31763771e+01  9.59041880e+01 
 8.70963590e+01  9.58211489e+01 
 9.12010839e+01  9.57314003e+01 
 9.54992586e+01  9.56346447e+01 
 1.00000000e+02  9.55305882e+01 
 1.04712855e+02  9.54189434e+01 
 1.09647820e+02  9.52994337e+01 
 1.14815362e+02  9.51717965e+01 
 1.20226443e+02  9.50357877e+01 
 1.25892541e+02  9.48911847e+01 
 1.31825674e+02  9.47377905e+01 
 1.38038426e+02  9.45754365e+01 
 1.44543977e+02  9.44039861e+01 
 1.51356125e+02  9.42233365e+01 
 1.58489319e+02  9.40334211e+01 
 1.65958691e+02  9.38342105e+01 
 1.73780083e+02  9.36257137e+01 
 1.81970086e+02  9.34079777e+01 
 1.90546072e+02  9.31810868e+01 
 1.99526231e+02  9.29451622e+01 
 2.08929613e+02  9.27003590e+01 
 2.18776162e+02  9.24468647e+01 
 2.29086765e+02  9.21848963e+01 
 2.39883292e+02  9.19146967e+01 
 2.51188643e+02  9.16365316e+01 
 2.63026799e+02  9.13506860e+01 
 2.75422870e+02  9.10574606e+01 
 2.88403150e+02  9.07571678e+01 
 3.01995172e+02  9.04501287e+01 
 3.16227766e+02  9.01366696e+01 
 3.31131121e+02  8.98171186e+01 
 3.46736850e+02  8.94918035e+01 
 3.63078055e+02  8.91610484e+01 
 3.80189396e+02  8.88251721e+01 
 3.98107171e+02  8.84844859e+01 
 4.16869383e+02  8.81392922e+01 
 4.36515832e+02  8.77898830e+01 
 4.57088190e+02  8.74365390e+01 
 4.78630092e+02  8.70795288e+01 
 5.01187234e+02  8.67191086e+01 
 5.24807460e+02  8.63555212e+01 
 5.49540874e+02  8.59889968e+01 
 5.75439937e+02  8.56197524e+01 
 6.02559586e+02  8.52479920e+01 
 6.30957344e+02  8.48739070e+01 
 6.60693448e+02  8.44976767e+01 
 6.91830971e+02  8.41194684e+01 
 7.24435960e+02  8.37394379e+01 
 7.58577575e+02  8.33577304e+01 
 7.94328235e+02  8.29744804e+01 
 8.31763771e+02  8.25898128e+01 
 8.70963590e+02  8.22038433e+01 
 9.12010839e+02  8.18166786e+01 
 9.54992586e+02  8.14284176e+01 
 1.00000000e+03  8.10391513e+01 
 1.04712855e+03  8.06489636e+01 
 1.09647820e+03  8.02579318e+01 
 1.14815362e+03  7.98661271e+01 
 1.20226443e+03  7.94736146e+01 
 1.25892541e+03  7.90804546e+01 
 1.31825674e+03  7.86867020e+01 
 1.38038426e+03  7.82924076e+01 
 1.44543977e+03  7.78976177e+01 
 1.51356125e+03  7.75023747e+01 
 1.58489319e+03  7.71067177e+01 
 1.65958691e+03  7.67106824e+01 
 1.73780083e+03  7.63143013e+01 
 1.81970086e+03  7.59176044e+01 
 1.90546072e+03  7.55206191e+01 
 1.99526231e+03  7.51233704e+01 
 2.08929613e+03  7.47258810e+01 
 2.18776162e+03  7.43281720e+01 
 2.29086765e+03  7.39302625e+01 
 2.39883292e+03  7.35321699e+01 
 2.51188643e+03  7.31339103e+01 
 2.63026799e+03  7.27354980e+01 
 2.75422870e+03  7.23369466e+01 
 2.88403150e+03  7.19382682e+01 
 3.01995172e+03  7.15394738e+01 
 3.16227766e+03  7.11405736e+01 
 3.31131121e+03  7.07415769e+01 
 3.46736850e+03  7.03424921e+01 
 3.63078055e+03  6.99433270e+01 
 3.80189396e+03  6.95440885e+01 
 3.98107171e+03  6.91447832e+01 
 4.16869383e+03  6.87454168e+01 
 4.36515832e+03  6.83459947e+01 
 4.57088190e+03  6.79465219e+01 
 4.78630092e+03  6.75470027e+01 
 5.01187234e+03  6.71474413e+01 
 5.24807460e+03  6.67478414e+01 
 5.49540874e+03  6.63482062e+01 
 5.75439937e+03  6.59485390e+01 
 6.02559586e+03  6.55488425e+01 
 6.30957344e+03  6.51491194e+01 
 6.60693448e+03  6.47493719e+01 
 6.91830971e+03  6.43496022e+01 
 7.24435960e+03  6.39498123e+01 
 7.58577575e+03  6.35500038e+01 
 7.94328235e+03  6.31501786e+01 
 8.31763771e+03  6.27503380e+01 
 8.70963590e+03  6.23504833e+01 
 9.12010839e+03  6.19506159e+01 
 9.54992586e+03  6.15507368e+01 
 1.00000000e+04  6.11508471e+01 
 1.04712855e+04  6.07509477e+01 
 1.09647820e+04  6.03510395e+01 
 1.14815362e+04  5.99511232e+01 
 1.20226443e+04  5.95511995e+01 
 1.25892541e+04  5.91512692e+01 
 1.31825674e+04  5.87513327e+01 
 1.38038426e+04  5.83513907e+01 
 1.44543977e+04  5.79514435e+01 
 1.51356125e+04  5.75514918e+01 
 1.58489319e+04  5.71515358e+01 
 1.65958691e+04  5.67515759e+01 
 1.73780083e+04  5.63516126e+01 
 1.81970086e+04  5.59516460e+01 
 1.90546072e+04  5.55516766e+01 
 1.99526231e+04  5.51517044e+01 
 2.08929613e+04  5.47517299e+01 
 2.18776162e+04  5.43517531e+01 
 2.29086765e+04  5.39517744e+01 
 2.39883292e+04  5.35517938e+01 
 2.51188643e+04  5.31518116e+01 
 2.63026799e+04  5.27518278e+01 
 2.75422870e+04  5.23518427e+01 
 2.88403150e+04  5.19518563e+01 
 3.01995172e+04  5.15518688e+01 
 3.16227766e+04  5.11518803e+01 
 3.31131121e+04  5.07518908e+01 
 3.46736850e+04  5.03519005e+01 
 3.63078055e+04  4.99519094e+01 
 3.80189396e+04  4.95519177e+01 
 3.98107171e+04  4.91519253e+01 
 4.16869383e+04  4.87519325e+01 
 4.36515832e+04  4.83519391e+01 
 4.57088190e+04  4.79519453e+01 
 4.78630092e+04  4.75519511e+01 
 5.01187234e+04  4.71519566e+01 
 5.24807460e+04  4.67519618e+01 
 5.49540874e+04  4.63519668e+01 
 5.75439937e+04  4.59519715e+01 
 6.02559586e+04  4.55519762e+01 
 6.30957344e+04  4.51519807e+01 
 6.60693448e+04  4.47519851e+01 
 6.91830971e+04  4.43519895e+01 
 7.24435960e+04  4.39519939e+01 
 7.58577575e+04  4.35519984e+01 
 7.94328235e+04  4.31520029e+01 
 8.31763771e+04  4.27520075e+01 
 8.70963590e+04  4.23520123e+01 
 9.12010839e+04  4.19520172e+01 
 9.54992586e+04  4.15520224e+01 
 1.00000000e+05  4.11520279e+01 
 1.04712855e+05  4.07520337e+01 
 1.09647820e+05  4.03520399e+01 
 1.14815362e+05  3.99520465e+01 
 1.20226443e+05  3.95520536e+01 
 1.25892541e+05  3.91520613e+01 
 1.31825674e+05  3.87520695e+01 
 1.38038426e+05  3.83520784e+01 
 1.44543977e+05  3.79520881e+01 
 1.51356125e+05  3.75520986e+01 
 1.58489319e+05  3.71521101e+01 
 1.65958691e+05  3.67521225e+01 
 1.73780083e+05  3.63521361e+01 
 1.81970086e+05  3.59521510e+01 
 1.90546072e+05  3.55521672e+01 
 1.99526231e+05  3.51521849e+01 
 2.08929613e+05  3.47522042e+01 
 2.18776162e+05  3.43522254e+01 
 2.29086765e+05  3.39522486e+01 
 2.39883292e+05  3.35522740e+01 
 2.51188643e+05  3.31523018e+01 
 2.63026799e+05  3.27523323e+01 
 2.75422870e+05  3.23523657e+01 
 2.88403150e+05  3.19524022e+01 
 3.01995172e+05  3.15524423e+01 
 3.16227766e+05  3.11524862e+01 
 3.31131121e+05  3.07525343e+01 
 3.46736850e+05  3.03525871e+01 
 3.63078055e+05  2.99526449e+01 
 3.80189396e+05  2.95527083e+01 
 3.98107171e+05  2.91527778e+01 
 4.16869383e+05  2.87528540e+01 
 4.36515832e+05  2.83529375e+01 
 4.57088190e+05  2.79530290e+01 
 4.78630092e+05  2.75531294e+01 
 5.01187234e+05  2.71532395e+01 
 5.24807460e+05  2.67533602e+01 
 5.49540874e+05  2.63534925e+01 
 5.75439937e+05  2.59536376e+01 
 6.02559586e+05  2.55537966e+01 
 6.30957344e+05  2.51539711e+01 
 6.60693448e+05  2.47541623e+01 
 6.91830971e+05  2.43543720e+01 
 7.24435960e+05  2.39546019e+01 
 7.58577575e+05  2.35548540e+01 
 7.94328235e+05  2.31551305e+01 
 8.31763771e+05  2.27554336e+01 
 8.70963590e+05  2.23557660e+01 
 9.12010839e+05  2.19561304e+01 
 9.54992586e+05  2.15565300e+01 
 1.00000000e+06  2.11569682e+01 
 1.04712855e+06  2.07574487e+01 
 1.09647820e+06  2.03579756e+01 
 1.14815362e+06  1.99585533e+01 
 1.20226443e+06  1.95591868e+01 
 1.25892541e+06  1.91598815e+01 
 1.31825674e+06  1.87606432e+01 
 1.38038426e+06  1.83614785e+01 
 1.44543977e+06  1.79623945e+01 
 1.51356125e+06  1.75633990e+01 
 1.58489319e+06  1.71645005e+01 
 1.65958691e+06  1.67657083e+01 
 1.73780083e+06  1.63670329e+01 
 1.81970086e+06  1.59684855e+01 
 1.90546072e+06  1.55700785e+01 
 1.99526231e+06  1.51718255e+01 
 2.08929613e+06  1.47737414e+01 
 2.18776162e+06  1.43758425e+01 
 2.29086765e+06  1.39781469e+01 
 2.39883292e+06  1.35806743e+01 
 2.51188643e+06  1.31834462e+01 
 2.63026799e+06  1.27864864e+01 
 2.75422870e+06  1.23898211e+01 
 2.88403150e+06  1.19934788e+01 
 3.01995172e+06  1.15974909e+01 
 3.16227766e+06  1.12018920e+01 
 3.31131121e+06  1.08067200e+01 
 3.46736850e+06  1.04120165e+01 
 3.63078055e+06  1.00178273e+01 
 3.80189396e+06  9.62420261e+00 
 3.98107171e+06  9.23119773e+00 
 4.16869383e+06  8.83887341e+00 
 4.36515832e+06  8.44729645e+00 
 4.57088190e+06  8.05654033e+00 
 4.78630092e+06  7.66668591e+00 
 5.01187234e+06  7.27782218e+00 
 5.24807460e+06  6.89004710e+00 
 5.49540874e+06  6.50346859e+00 
 5.75439937e+06  6.11820557e+00 
 6.02559586e+06  5.73438912e+00 
 6.30957344e+06  5.35216384e+00 
 6.60693448e+06  4.97168929e+00 
 6.91830971e+06  4.59314167e+00 
 7.24435960e+06  4.21671570e+00 
 7.58577575e+06  3.84262669e+00 
 7.94328235e+06  3.47111293e+00 
 8.31763771e+06  3.10243838e+00 
 8.70963590e+06  2.73689573e+00 
 9.12010839e+06  2.37480985e+00 
 9.54992586e+06  2.01654181e+00 
 1.00000000e+07  1.66249340e+00 
 1.04712855e+07  1.31311245e+00 
 1.09647820e+07  9.68898840e-01 
 1.14815362e+07  6.30411613e-01 
 1.20226443e+07  2.98277228e-01 
 1.25892541e+07 -2.68007489e-02 
 1.31825674e+07 -3.44030198e-01 
 1.38038426e+07 -6.52516843e-01 
 1.44543977e+07 -9.51247991e-01 
 1.51356125e+07 -1.23907296e+00 
 1.58489319e+07 -1.51467931e+00 
 1.65958691e+07 -1.77656386e+00 
 1.73780083e+07 -2.02299683e+00 
 1.81970086e+07 -2.25197733e+00 
 1.90546072e+07 -2.46117735e+00 
 1.99526231e+07 -2.64787066e+00 
 2.08929613e+07 -2.80884140e+00 
 2.18776162e+07 -2.94026520e+00 
 2.29086765e+07 -3.03755244e+00 
 2.39883292e+07 -3.09513861e+00 
 2.51188643e+07 -3.10619969e+00 
 2.63026799e+07 -3.06225937e+00 
 2.75422870e+07 -2.95263852e+00 
 2.88403150e+07 -2.76367206e+00 
 3.01995172e+07 -2.47758369e+00 
 3.16227766e+07 -2.07087346e+00 
 3.31131121e+07 -1.51209556e+00 
 3.46736850e+07 -7.59269537e-01 
 3.63078055e+07  2.40794616e-01 
 3.80189396e+07  1.53898709e+00 
 3.98107171e+07  3.09767524e+00 
 4.16869383e+07  4.42852629e+00 
 4.36515832e+07  4.13063120e+00 
 4.57088190e+07  1.73157989e+00 
 4.78630092e+07 -1.34170554e+00 
 5.01187234e+07 -4.25136277e+00 
 5.24807460e+07 -6.85452591e+00 
 5.49540874e+07 -9.18610306e+00 
 5.75439937e+07 -1.13011145e+01 
 6.02559586e+07 -1.32454188e+01 
 6.30957344e+07 -1.50535654e+01 
 6.60693448e+07 -1.67511605e+01 
 6.91830971e+07 -1.83573064e+01 
 7.24435960e+07 -1.98864404e+01 
 7.58577575e+07 -2.13496297e+01 
 7.94328235e+07 -2.27554720e+01 
 8.31763771e+07 -2.41107270e+01 
 8.70963590e+07 -2.54207646e+01 
 9.12010839e+07 -2.66898885e+01 
 9.54992586e+07 -2.79215745e+01 
 1.00000000e+08 -2.91186472e+01 
 1.04712855e+08 -3.02834148e+01 
 1.09647820e+08 -3.14177710e+01 
 1.14815362e+08 -3.25232755e+01 
 1.20226443e+08 -3.36012155e+01 
 1.25892541e+08 -3.46526545e+01 
 1.31825674e+08 -3.56784706e+01 
 1.38038426e+08 -3.66793869e+01 
 1.44543977e+08 -3.76559947e+01 
 1.51356125e+08 -3.86087726e+01 
 1.58489319e+08 -3.95381010e+01 
 1.65958691e+08 -4.04442746e+01 
 1.73780083e+08 -4.13275127e+01 
 1.81970086e+08 -4.21879684e+01 
 1.90546072e+08 -4.30257387e+01 
 1.99526231e+08 -4.38408742e+01 
 2.08929613e+08 -4.46333912e+01 
 2.18776162e+08 -4.54032848e+01 
 2.29086765e+08 -4.61505439e+01 
 2.39883292e+08 -4.68751688e+01 
 2.51188643e+08 -4.75771889e+01 
 2.63026799e+08 -4.82566823e+01 
 2.75422870e+08 -4.89137936e+01 
 2.88403150e+08 -4.95487514e+01 
 3.01995172e+08 -5.01618820e+01 
 3.16227766e+08 -5.07536200e+01 
 3.31131121e+08 -5.13245136e+01 
 3.46736850e+08 -5.18752249e+01 
 3.63078055e+08 -5.24065247e+01 
 3.80189396e+08 -5.29192825e+01 
 3.98107171e+08 -5.34144524e+01 
 4.16869383e+08 -5.38930554e+01 
 4.36515832e+08 -5.43561602e+01 
 4.57088190e+08 -5.48048635e+01 
 4.78630092e+08 -5.52402704e+01 
 5.01187234e+08 -5.56634762e+01 
 5.24807460e+08 -5.60755505e+01 
 5.49540874e+08 -5.64775236e+01 
 5.75439937e+08 -5.68703758e+01 
 6.02559586e+08 -5.72550284e+01 
 6.30957344e+08 -5.76323382e+01 
 6.60693448e+08 -5.80030926e+01 
 6.91830971e+08 -5.83680075e+01 
 7.24435960e+08 -5.87277252e+01 
 7.58577575e+08 -5.90828141e+01 
 7.94328235e+08 -5.94337683e+01 
 8.31763771e+08 -5.97810075e+01 
 8.70963590e+08 -6.01248774e+01 
 9.12010839e+08 -6.04656504e+01 
 9.54992586e+08 -6.08035254e+01 
 1.00000000e+09 -6.11386290e+01 
