 1.00000000e+00 -1.15472977e+02 
 1.05925373e+00 -1.15472977e+02 
 1.12201845e+00 -1.15472977e+02 
 1.18850223e+00 -1.15472977e+02 
 1.25892541e+00 -1.15472977e+02 
 1.33352143e+00 -1.15472977e+02 
 1.41253754e+00 -1.15472977e+02 
 1.49623566e+00 -1.15472977e+02 
 1.58489319e+00 -1.15472977e+02 
 1.67880402e+00 -1.15472977e+02 
 1.77827941e+00 -1.15472977e+02 
 1.88364909e+00 -1.15472977e+02 
 1.99526231e+00 -1.15472977e+02 
 2.11348904e+00 -1.15472977e+02 
 2.23872114e+00 -1.15472977e+02 
 2.37137371e+00 -1.15472977e+02 
 2.51188643e+00 -1.15472977e+02 
 2.66072506e+00 -1.15472977e+02 
 2.81838293e+00 -1.15472977e+02 
 2.98538262e+00 -1.15472977e+02 
 3.16227766e+00 -1.15472977e+02 
 3.34965439e+00 -1.15472977e+02 
 3.54813389e+00 -1.15472977e+02 
 3.75837404e+00 -1.15472977e+02 
 3.98107171e+00 -1.15472977e+02 
 4.21696503e+00 -1.15472976e+02 
 4.46683592e+00 -1.15472976e+02 
 4.73151259e+00 -1.15472976e+02 
 5.01187234e+00 -1.15472976e+02 
 5.30884444e+00 -1.15472976e+02 
 5.62341325e+00 -1.15472976e+02 
 5.95662144e+00 -1.15472975e+02 
 6.30957344e+00 -1.15472975e+02 
 6.68343918e+00 -1.15472975e+02 
 7.07945784e+00 -1.15472975e+02 
 7.49894209e+00 -1.15472974e+02 
 7.94328235e+00 -1.15472974e+02 
 8.41395142e+00 -1.15472973e+02 
 8.91250938e+00 -1.15472973e+02 
 9.44060876e+00 -1.15472972e+02 
 1.00000000e+01 -1.15472972e+02 
 1.05925373e+01 -1.15472971e+02 
 1.12201845e+01 -1.15472970e+02 
 1.18850223e+01 -1.15472969e+02 
 1.25892541e+01 -1.15472968e+02 
 1.33352143e+01 -1.15472967e+02 
 1.41253754e+01 -1.15472966e+02 
 1.49623566e+01 -1.15472964e+02 
 1.58489319e+01 -1.15472963e+02 
 1.67880402e+01 -1.15472961e+02 
 1.77827941e+01 -1.15472959e+02 
 1.88364909e+01 -1.15472957e+02 
 1.99526231e+01 -1.15472954e+02 
 2.11348904e+01 -1.15472951e+02 
 2.23872114e+01 -1.15472948e+02 
 2.37137371e+01 -1.15472945e+02 
 2.51188643e+01 -1.15472941e+02 
 2.66072506e+01 -1.15472936e+02 
 2.81838293e+01 -1.15472931e+02 
 2.98538262e+01 -1.15472925e+02 
 3.16227766e+01 -1.15472919e+02 
 3.34965439e+01 -1.15472912e+02 
 3.54813389e+01 -1.15472904e+02 
 3.75837404e+01 -1.15472895e+02 
 3.98107171e+01 -1.15472885e+02 
 4.21696503e+01 -1.15472873e+02 
 4.46683592e+01 -1.15472861e+02 
 4.73151259e+01 -1.15472846e+02 
 5.01187234e+01 -1.15472830e+02 
 5.30884444e+01 -1.15472812e+02 
 5.62341325e+01 -1.15472792e+02 
 5.95662144e+01 -1.15472770e+02 
 6.30957344e+01 -1.15472744e+02 
 6.68343918e+01 -1.15472716e+02 
 7.07945784e+01 -1.15472684e+02 
 7.49894209e+01 -1.15472648e+02 
 7.94328235e+01 -1.15472608e+02 
 8.41395142e+01 -1.15472563e+02 
 8.91250938e+01 -1.15472512e+02 
 9.44060876e+01 -1.15472456e+02 
 1.00000000e+02 -1.15472392e+02 
 1.05925373e+02 -1.15472320e+02 
 1.12201845e+02 -1.15472240e+02 
 1.18850223e+02 -1.15472150e+02 
 1.25892541e+02 -1.15472049e+02 
 1.33352143e+02 -1.15471936e+02 
 1.41253754e+02 -1.15471809e+02 
 1.49623566e+02 -1.15471666e+02 
 1.58489319e+02 -1.15471507e+02 
 1.67880402e+02 -1.15471327e+02 
 1.77827941e+02 -1.15471126e+02 
 1.88364909e+02 -1.15470900e+02 
 1.99526231e+02 -1.15470646e+02 
 2.11348904e+02 -1.15470362e+02 
 2.23872114e+02 -1.15470043e+02 
 2.37137371e+02 -1.15469685e+02 
 2.51188643e+02 -1.15469284e+02 
 2.66072506e+02 -1.15468833e+02 
 2.81838293e+02 -1.15468328e+02 
 2.98538262e+02 -1.15467761e+02 
 3.16227766e+02 -1.15467124e+02 
 3.34965439e+02 -1.15466411e+02 
 3.54813389e+02 -1.15465610e+02 
 3.75837404e+02 -1.15464712e+02 
 3.98107171e+02 -1.15463705e+02 
 4.21696503e+02 -1.15462575e+02 
 4.46683592e+02 -1.15461307e+02 
 4.73151259e+02 -1.15459885e+02 
 5.01187234e+02 -1.15458290e+02 
 5.30884444e+02 -1.15456501e+02 
 5.62341325e+02 -1.15454495e+02 
 5.95662144e+02 -1.15452246e+02 
 6.30957344e+02 -1.15449723e+02 
 6.68343918e+02 -1.15446894e+02 
 7.07945784e+02 -1.15443722e+02 
 7.49894209e+02 -1.15440165e+02 
 7.94328235e+02 -1.15436179e+02 
 8.41395142e+02 -1.15431710e+02 
 8.91250938e+02 -1.15426701e+02 
 9.44060876e+02 -1.15421088e+02 
 1.00000000e+03 -1.15414799e+02 
 1.05925373e+03 -1.15407753e+02 
 1.12201845e+03 -1.15399861e+02 
 1.18850223e+03 -1.15391023e+02 
 1.25892541e+03 -1.15381128e+02 
 1.33352143e+03 -1.15370053e+02 
 1.41253754e+03 -1.15357660e+02 
 1.49623566e+03 -1.15343796e+02 
 1.58489319e+03 -1.15328294e+02 
 1.67880402e+03 -1.15310965e+02 
 1.77827941e+03 -1.15291604e+02 
 1.88364909e+03 -1.15269983e+02 
 1.99526231e+03 -1.15245852e+02 
 2.11348904e+03 -1.15218935e+02 
 2.23872114e+03 -1.15188930e+02 
 2.37137371e+03 -1.15155510e+02 
 2.51188643e+03 -1.15118316e+02 
 2.66072506e+03 -1.15076959e+02 
 2.81838293e+03 -1.15031020e+02 
 2.98538262e+03 -1.14980048e+02 
 3.16227766e+03 -1.14923561e+02 
 3.34965439e+03 -1.14861043e+02 
 3.54813389e+03 -1.14791954e+02 
 3.75837404e+03 -1.14715721e+02 
 3.98107171e+03 -1.14631750e+02 
 4.21696503e+03 -1.14539429e+02 
 4.46683592e+03 -1.14438127e+02 
 4.73151259e+03 -1.14327211e+02 
 5.01187234e+03 -1.14206045e+02 
 5.30884444e+03 -1.14074005e+02 
 5.62341325e+03 -1.13930483e+02 
 5.95662144e+03 -1.13774906e+02 
 6.30957344e+03 -1.13606738e+02 
 6.68343918e+03 -1.13425498e+02 
 7.07945784e+03 -1.13230767e+02 
 7.49894209e+03 -1.13022200e+02 
 7.94328235e+03 -1.12799532e+02 
 8.41395142e+03 -1.12562586e+02 
 8.91250938e+03 -1.12311280e+02 
 9.44060876e+03 -1.12045624e+02 
 1.00000000e+04 -1.11765724e+02 
 1.05925373e+04 -1.11471779e+02 
 1.12201845e+04 -1.11164074e+02 
 1.18850223e+04 -1.10842973e+02 
 1.25892541e+04 -1.10508913e+02 
 1.33352143e+04 -1.10162392e+02 
 1.41253754e+04 -1.09803958e+02 
 1.49623566e+04 -1.09434197e+02 
 1.58489319e+04 -1.09053728e+02 
 1.67880402e+04 -1.08663182e+02 
 1.77827941e+04 -1.08263204e+02 
 1.88364909e+04 -1.07854435e+02 
 1.99526231e+04 -1.07437509e+02 
 2.11348904e+04 -1.07013046e+02 
 2.23872114e+04 -1.06581646e+02 
 2.37137371e+04 -1.06143886e+02 
 2.51188643e+04 -1.05700316e+02 
 2.66072506e+04 -1.05251459e+02 
 2.81838293e+04 -1.04797805e+02 
 2.98538262e+04 -1.04339819e+02 
 3.16227766e+04 -1.03877933e+02 
 3.34965439e+04 -1.03412552e+02 
 3.54813389e+04 -1.02944054e+02 
 3.75837404e+04 -1.02472788e+02 
 3.98107171e+04 -1.01999084e+02 
 4.21696503e+04 -1.01523245e+02 
 4.46683592e+04 -1.01045558e+02 
 4.73151259e+04 -1.00566288e+02 
 5.01187234e+04 -1.00085688e+02 
 5.30884444e+04 -9.96039952e+01 
 5.62341325e+04 -9.91214362e+01 
 5.95662144e+04 -9.86382284e+01 
 6.30957344e+04 -9.81545825e+01 
 6.68343918e+04 -9.76707041e+01 
 7.07945784e+04 -9.71867966e+01 
 7.49894209e+04 -9.67030628e+01 
 7.94328235e+04 -9.62197073e+01 
 8.41395142e+04 -9.57369385e+01 
 8.91250938e+04 -9.52549711e+01 
 9.44060876e+04 -9.47740277e+01 
 1.00000000e+05 -9.42943416e+01 
 1.05925373e+05 -9.38161582e+01 
 1.12201845e+05 -9.33397378e+01 
 1.18850223e+05 -9.28653574e+01 
 1.25892541e+05 -9.23933126e+01 
 1.33352143e+05 -9.19239196e+01 
 1.41253754e+05 -9.14575172e+01 
 1.49623566e+05 -9.09944682e+01 
 1.58489319e+05 -9.05351605e+01 
 1.67880402e+05 -9.00800086e+01 
 1.77827941e+05 -8.96294537e+01 
 1.88364909e+05 -8.91839638e+01 
 1.99526231e+05 -8.87440329e+01 
 2.11348904e+05 -8.83101798e+01 
 2.23872114e+05 -8.78829455e+01 
 2.37137371e+05 -8.74628898e+01 
 2.51188643e+05 -8.70505867e+01 
 2.66072506e+05 -8.66466184e+01 
 2.81838293e+05 -8.62515688e+01 
 2.98538262e+05 -8.58660145e+01 
 3.16227766e+05 -8.54905156e+01 
 3.34965439e+05 -8.51256051e+01 
 3.54813389e+05 -8.47717773e+01 
 3.75837404e+05 -8.44294759e+01 
 3.98107171e+05 -8.40990821e+01 
 4.21696503e+05 -8.37809022e+01 
 4.46683592e+05 -8.34751569e+01 
 4.73151259e+05 -8.31819711e+01 
 5.01187234e+05 -8.29013655e+01 
 5.30884444e+05 -8.26332504e+01 
 5.62341325e+05 -8.23774212e+01 
 5.95662144e+05 -8.21335571e+01 
 6.30957344e+05 -8.19012216e+01 
 6.68343918e+05 -8.16798657e+01 
 7.07945784e+05 -8.14688330e+01 
 7.49894209e+05 -8.12673671e+01 
 7.94328235e+05 -8.10746197e+01 
 8.41395142e+05 -8.08896606e+01 
 8.91250938e+05 -8.07114877e+01 
 9.44060876e+05 -8.05390380e+01 
 1.00000000e+06 -8.03711983e+01 
 1.05925373e+06 -8.02068159e+01 
 1.12201845e+06 -8.00447093e+01 
 1.18850223e+06 -7.98836782e+01 
 1.25892541e+06 -7.97225144e+01 
 1.33352143e+06 -7.95600110e+01 
 1.41253754e+06 -7.93949733e+01 
 1.49623566e+06 -7.92262287e+01 
 1.58489319e+06 -7.90526370e+01 
 1.67880402e+06 -7.88731014e+01 
 1.77827941e+06 -7.86865791e+01 
 1.88364909e+06 -7.84920923e+01 
 1.99526231e+06 -7.82887387e+01 
 2.11348904e+06 -7.80757022e+01 
 2.23872114e+06 -7.78522618e+01 
 2.37137371e+06 -7.76178002e+01 
 2.51188643e+06 -7.73718107e+01 
 2.66072506e+06 -7.71139019e+01 
 2.81838293e+06 -7.68438001e+01 
 2.98538262e+06 -7.65613499e+01 
 3.16227766e+06 -7.62665122e+01 
 3.34965439e+06 -7.59593591e+01 
 3.54813389e+06 -7.56400679e+01 
 3.75837404e+06 -7.53089121e+01 
 3.98107171e+06 -7.49662514e+01 
 4.21696503e+06 -7.46125210e+01 
 4.46683592e+06 -7.42482198e+01 
 4.73151259e+06 -7.38738985e+01 
 5.01187234e+06 -7.34901485e+01 
 5.30884444e+06 -7.30975914e+01 
 5.62341325e+06 -7.26968686e+01 
 5.95662144e+06 -7.22886335e+01 
 6.30957344e+06 -7.18735435e+01 
 6.68343918e+06 -7.14522542e+01 
 7.07945784e+06 -7.10254147e+01 
 7.49894209e+06 -7.05936641e+01 
 7.94328235e+06 -7.01576291e+01 
 8.41395142e+06 -6.97179223e+01 
 8.91250938e+06 -6.92751423e+01 
 9.44060876e+06 -6.88298731e+01 
 1.00000000e+07 -6.83826856e+01 
 1.05925373e+07 -6.79341380e+01 
 1.12201845e+07 -6.74847776e+01 
 1.18850223e+07 -6.70351422e+01 
 1.25892541e+07 -6.65857613e+01 
 1.33352143e+07 -6.61371578e+01 
 1.41253754e+07 -6.56898487e+01 
 1.49623566e+07 -6.52443458e+01 
 1.58489319e+07 -6.48011560e+01 
 1.67880402e+07 -6.43607811e+01 
 1.77827941e+07 -6.39237167e+01 
 1.88364909e+07 -6.34904510e+01 
 1.99526231e+07 -6.30614626e+01 
 2.11348904e+07 -6.26372182e+01 
 2.23872114e+07 -6.22181700e+01 
 2.37137371e+07 -6.18047522e+01 
 2.51188643e+07 -6.13973786e+01 
 2.66072506e+07 -6.09964397e+01 
 2.81838293e+07 -6.06023008e+01 
 2.98538262e+07 -6.02153009e+01 
 3.16227766e+07 -5.98357526e+01 
 3.34965439e+07 -5.94639437e+01 
 3.54813389e+07 -5.91001402e+01 
 3.75837404e+07 -5.87445908e+01 
 3.98107171e+07 -5.83975324e+01 
 4.21696503e+07 -5.80591972e+01 
 4.46683592e+07 -5.77298203e+01 
 4.73151259e+07 -5.74096469e+01 
 5.01187234e+07 -5.70989395e+01 
 5.30884444e+07 -5.67979841e+01 
 5.62341325e+07 -5.65070939e+01 
 5.95662144e+07 -5.62266118e+01 
 6.30957344e+07 -5.59569112e+01 
 6.68343918e+07 -5.56983933e+01 
 7.07945784e+07 -5.54514840e+01 
 7.49894209e+07 -5.52166290e+01 
 7.94328235e+07 -5.49942882e+01 
 8.41395142e+07 -5.47849303e+01 
 8.91250938e+07 -5.45890279e+01 
 9.44060876e+07 -5.44070543e+01 
 1.00000000e+08 -5.42394813e+01 
