 1.00000000e+00  6.96431592e+01 
 1.05925373e+00  7.01576169e+01 
 1.12201845e+00  7.06687170e+01 
 1.18850223e+00  7.11765815e+01 
 1.25892541e+00  7.16812971e+01 
 1.33352143e+00  7.21829164e+01 
 1.41253754e+00  7.26814572e+01 
 1.49623566e+00  7.31769032e+01 
 1.58489319e+00  7.36692039e+01 
 1.67880402e+00  7.41582740e+01 
 1.77827941e+00  7.46439932e+01 
 1.88364909e+00  7.51262062e+01 
 1.99526231e+00  7.56047213e+01 
 2.11348904e+00  7.60793104e+01 
 2.23872114e+00  7.65497084e+01 
 2.37137371e+00  7.70156125e+01 
 2.51188643e+00  7.74766821e+01 
 2.66072506e+00  7.79325386e+01 
 2.81838293e+00  7.83827658e+01 
 2.98538262e+00  7.88269108e+01 
 3.16227766e+00  7.92644852e+01 
 3.34965439e+00  7.96949675e+01 
 3.54813389e+00  8.01178060e+01 
 3.75837404e+00  8.05324228e+01 
 3.98107171e+00  8.09382190e+01 
 4.21696503e+00  8.13345808e+01 
 4.46683592e+00  8.17208870e+01 
 4.73151259e+00  8.20965175e+01 
 5.01187234e+00  8.24608629e+01 
 5.30884444e+00  8.28133347e+01 
 5.62341325e+00  8.31533764e+01 
 5.95662144e+00  8.34804746e+01 
 6.30957344e+00  8.37941704e+01 
 6.68343918e+00  8.40940692e+01 
 7.07945784e+00  8.43798505e+01 
 7.49894209e+00  8.46512755e+01 
 7.94328235e+00  8.49081934e+01 
 8.41395142e+00  8.51505443e+01 
 8.91250938e+00  8.53783611e+01 
 9.44060876e+00  8.55917680e+01 
 1.00000000e+01  8.57909765e+01 
 1.05925373e+01  8.59762795e+01 
 1.12201845e+01  8.61480434e+01 
 1.18850223e+01  8.63066982e+01 
 1.25892541e+01  8.64527273e+01 
 1.33352143e+01  8.65866557e+01 
 1.41253754e+01  8.67090389e+01 
 1.49623566e+01  8.68204509e+01 
 1.58489319e+01  8.69214740e+01 
 1.67880402e+01  8.70126885e+01 
 1.77827941e+01  8.70946636e+01 
 1.88364909e+01  8.71679494e+01 
 1.99526231e+01  8.72330702e+01 
 2.11348904e+01  8.72905188e+01 
 2.23872114e+01  8.73407513e+01 
 2.37137371e+01  8.73841840e+01 
 2.51188643e+01  8.74211901e+01 
 2.66072506e+01  8.74520976e+01 
 2.81838293e+01  8.74771876e+01 
 2.98538262e+01  8.74966932e+01 
 3.16227766e+01  8.75107988e+01 
 3.34965439e+01  8.75196392e+01 
 3.54813389e+01  8.75232999e+01 
 3.75837404e+01  8.75218165e+01 
 3.98107171e+01  8.75151745e+01 
 4.21696503e+01  8.75033099e+01 
 4.46683592e+01  8.74861088e+01 
 4.73151259e+01  8.74634078e+01 
 5.01187234e+01  8.74349946e+01 
 5.30884444e+01  8.74006086e+01 
 5.62341325e+01  8.73599417e+01 
 5.95662144e+01  8.73126400e+01 
 6.30957344e+01  8.72583055e+01 
 6.68343918e+01  8.71964992e+01 
 7.07945784e+01  8.71267438e+01 
 7.49894209e+01  8.70485286e+01 
 7.94328235e+01  8.69613145e+01 
 8.41395142e+01  8.68645405e+01 
 8.91250938e+01  8.67576315e+01 
 9.44060876e+01  8.66400062e+01 
 1.00000000e+02  8.65110877e+01 
 1.05925373e+02  8.63703134e+01 
 1.12201845e+02  8.62171463e+01 
 1.18850223e+02  8.60510869e+01 
 1.25892541e+02  8.58716843e+01 
 1.33352143e+02  8.56785474e+01 
 1.41253754e+02  8.54713552e+01 
 1.49623566e+02  8.52498652e+01 
 1.58489319e+02  8.50139207e+01 
 1.67880402e+02  8.47634553e+01 
 1.77827941e+02  8.44984958e+01 
 1.88364909e+02  8.42191614e+01 
 1.99526231e+02  8.39256618e+01 
 2.11348904e+02  8.36182918e+01 
 2.23872114e+02  8.32974248e+01 
 2.37137371e+02  8.29635037e+01 
 2.51188643e+02  8.26170312e+01 
 2.66072506e+02  8.22585591e+01 
 2.81838293e+02  8.18886773e+01 
 2.98538262e+02  8.15080028e+01 
 3.16227766e+02  8.11171692e+01 
 3.34965439e+02  8.07168171e+01 
 3.54813389e+02  8.03075855e+01 
 3.75837404e+02  7.98901037e+01 
 3.98107171e+02  7.94649855e+01 
 4.21696503e+02  7.90328235e+01 
 4.46683592e+02  7.85941854e+01 
 4.73151259e+02  7.81496105e+01 
 5.01187234e+02  7.76996082e+01 
 5.30884444e+02  7.72446564e+01 
 5.62341325e+02  7.67852012e+01 
 5.95662144e+02  7.63216570e+01 
 6.30957344e+02  7.58544067e+01 
 6.68343918e+02  7.53838035e+01 
 7.07945784e+02  7.49101713e+01 
 7.49894209e+02  7.44338067e+01 
 7.94328235e+02  7.39549801e+01 
 8.41395142e+02  7.34739379e+01 
 8.91250938e+02  7.29909038e+01 
 9.44060876e+02  7.25060804e+01 
 1.00000000e+03  7.20196512e+01 
 1.05925373e+03  7.15317818e+01 
 1.12201845e+03  7.10426218e+01 
 1.18850223e+03  7.05523057e+01 
 1.25892541e+03  7.00609546e+01 
 1.33352143e+03  6.95686774e+01 
 1.41253754e+03  6.90755719e+01 
 1.49623566e+03  6.85817259e+01 
 1.58489319e+03  6.80872180e+01 
 1.67880402e+03  6.75921186e+01 
 1.77827941e+03  6.70964910e+01 
 1.88364909e+03  6.66003916e+01 
 1.99526231e+03  6.61038710e+01 
 2.11348904e+03  6.56069744e+01 
 2.23872114e+03  6.51097421e+01 
 2.37137371e+03  6.46122104e+01 
 2.51188643e+03  6.41144115e+01 
 2.66072506e+03  6.36163742e+01 
 2.81838293e+03  6.31181242e+01 
 2.98538262e+03  6.26196846e+01 
 3.16227766e+03  6.21210758e+01 
 3.34965439e+03  6.16223162e+01 
 3.54813389e+03  6.11234220e+01 
 3.75837404e+03  6.06244079e+01 
 3.98107171e+03  6.01252869e+01 
 4.21696503e+03  5.96260706e+01 
 4.46683592e+03  5.91267692e+01 
 4.73151259e+03  5.86273921e+01 
 5.01187234e+03  5.81279475e+01 
 5.30884444e+03  5.76284427e+01 
 5.62341325e+03  5.71288844e+01 
 5.95662144e+03  5.66292782e+01 
 6.30957344e+03  5.61296295e+01 
 6.68343918e+03  5.56299428e+01 
 7.07945784e+03  5.51302224e+01 
 7.49894209e+03  5.46304720e+01 
 7.94328235e+03  5.41306948e+01 
 8.41395142e+03  5.36308938e+01 
 8.91250938e+03  5.31310716e+01 
 9.44060876e+03  5.26312307e+01 
 1.00000000e+04  5.21313730e+01 
 1.05925373e+04  5.16315006e+01 
 1.12201845e+04  5.11316150e+01 
 1.18850223e+04  5.06317179e+01 
 1.25892541e+04  5.01318105e+01 
 1.33352143e+04  4.96318941e+01 
 1.41253754e+04  4.91319698e+01 
 1.49623566e+04  4.86320386e+01 
 1.58489319e+04  4.81321015e+01 
 1.67880402e+04  4.76321592e+01 
 1.77827941e+04  4.71322125e+01 
 1.88364909e+04  4.66322622e+01 
 1.99526231e+04  4.61323088e+01 
 2.11348904e+04  4.56323531e+01 
 2.23872114e+04  4.51323955e+01 
 2.37137371e+04  4.46324367e+01 
 2.51188643e+04  4.41324772e+01 
 2.66072506e+04  4.36325176e+01 
 2.81838293e+04  4.31325583e+01 
 2.98538262e+04  4.26325999e+01 
 3.16227766e+04  4.21326430e+01 
 3.34965439e+04  4.16326882e+01 
 3.54813389e+04  4.11327360e+01 
 3.75837404e+04  4.06327870e+01 
 3.98107171e+04  4.01328421e+01 
 4.21696503e+04  3.96329018e+01 
 4.46683592e+04  3.91329669e+01 
 4.73151259e+04  3.86330384e+01 
 5.01187234e+04  3.81331172e+01 
 5.30884444e+04  3.76332044e+01 
 5.62341325e+04  3.71333010e+01 
 5.95662144e+04  3.66334084e+01 
 6.30957344e+04  3.61335280e+01 
 6.68343918e+04  3.56336613e+01 
 7.07945784e+04  3.51338102e+01 
 7.49894209e+04  3.46339766e+01 
 7.94328235e+04  3.41341628e+01 
 8.41395142e+04  3.36343712e+01 
 8.91250938e+04  3.31346045e+01 
 9.44060876e+04  3.26348658e+01 
 1.00000000e+05  3.21351587e+01 
 1.05925373e+05  3.16354870e+01 
 1.12201845e+05  3.11358549e+01 
 1.18850223e+05  3.06362676e+01 
 1.25892541e+05  3.01367302e+01 
 1.33352143e+05  2.96372491e+01 
 1.41253754e+05  2.91378311e+01 
 1.49623566e+05  2.86384838e+01 
 1.58489319e+05  2.81392158e+01 
 1.67880402e+05  2.76400370e+01 
 1.77827941e+05  2.71409580e+01 
 1.88364909e+05  2.66419911e+01 
 1.99526231e+05  2.61431499e+01 
 2.11348904e+05  2.56444496e+01 
 2.23872114e+05  2.51459074e+01 
 2.37137371e+05  2.46475425e+01 
 2.51188643e+05  2.41493763e+01 
 2.66072506e+05  2.36514329e+01 
 2.81838293e+05  2.31537393e+01 
 2.98538262e+05  2.26563257e+01 
 3.16227766e+05  2.21592258e+01 
 3.34965439e+05  2.16624776e+01 
 3.54813389e+05  2.11661233e+01 
 3.75837404e+05  2.06702103e+01 
 3.98107171e+05  2.01747915e+01 
 4.21696503e+05  1.96799262e+01 
 4.46683592e+05  1.91856804e+01 
 4.73151259e+05  1.86921279e+01 
 5.01187234e+05  1.81993511e+01 
 5.30884444e+05  1.77074419e+01 
 5.62341325e+05  1.72165026e+01 
 5.95662144e+05  1.67266472e+01 
 6.30957344e+05  1.62380023e+01 
 6.68343918e+05  1.57507090e+01 
 7.07945784e+05  1.52649234e+01 
 7.49894209e+05  1.47808189e+01 
 7.94328235e+05  1.42985873e+01 
 8.41395142e+05  1.38184405e+01 
 8.91250938e+05  1.33406124e+01 
 9.44060876e+05  1.28653602e+01 
 1.00000000e+06  1.23929665e+01 
 1.05925373e+06  1.19237410e+01 
 1.12201845e+06  1.14580219e+01 
 1.18850223e+06  1.09961774e+01 
 1.25892541e+06  1.05386073e+01 
 1.33352143e+06  1.00857434e+01 
 1.41253754e+06  9.63805058e+00 
 1.49623566e+06  9.19602675e+00 
 1.58489319e+06  8.76020214e+00 
 1.67880402e+06  8.33113823e+00 
 1.77827941e+06  7.90942553e+00 
 1.88364909e+06  7.49568052e+00 
 1.99526231e+06  7.09054145e+00 
 2.11348904e+06  6.69466308e+00 
 2.23872114e+06  6.30871021e+00 
 2.37137371e+06  5.93335007e+00 
 2.51188643e+06  5.56924367e+00 
 2.66072506e+06  5.21703634e+00 
 2.81838293e+06  4.87734751e+00 
 2.98538262e+06  4.55076032e+00 
 3.16227766e+06  4.23781123e+00 
 3.34965439e+06  3.93898020e+00 
 3.54813389e+06  3.65468188e+00 
 3.75837404e+06  3.38525829e+00 
 3.98107171e+06  3.13097344e+00 
 4.21696503e+06  2.89201018e+00 
 4.46683592e+06  2.66846967e+00 
 4.73151259e+06  2.46037354e+00 
 5.01187234e+06  2.26766871e+00 
 5.30884444e+06  2.09023481e+00 
 5.62341325e+06  1.92789399e+00 
 5.95662144e+06  1.78042275e+00 
 6.30957344e+06  1.64756539e+00 
 6.68343918e+06  1.52904880e+00 
 7.07945784e+06  1.42459813e+00 
 7.49894209e+06  1.33395313e+00 
 7.94328235e+06  1.25688483e+00 
 8.41395142e+06  1.19321256e+00 
 8.91250938e+06  1.14282127e+00 
 9.44060876e+06  1.10567927e+00 
 1.00000000e+07  1.08185675e+00 
 1.05925373e+07  1.07154551e+00 
 1.12201845e+07  1.07508048e+00 
 1.18850223e+07  1.09296392e+00 
 1.25892541e+07  1.12589337e+00 
 1.33352143e+07  1.17479481e+00 
 1.41253754e+07  1.24086279e+00 
 1.49623566e+07  1.32561020e+00 
 1.58489319e+07  1.43093089e+00 
 1.67880402e+07  1.55917981e+00 
 1.77827941e+07  1.71327728e+00 
 1.88364909e+07  1.89684655e+00 
 1.99526231e+07  2.11439839e+00 
 2.11348904e+07  2.37158292e+00 
 2.23872114e+07  2.67553965e+00 
 2.37137371e+07  3.03539415e+00 
 2.51188643e+07  3.46297827e+00 
 2.66072506e+07  3.97390012e+00 
 2.81838293e+07  4.58917273e+00 
 2.98538262e+07  5.33774820e+00 
 3.16227766e+07  6.26050171e+00 
 3.34965439e+07  7.41629459e+00 
 3.54813389e+07  8.88931361e+00 
 3.75837404e+07  1.07841698e+01 
 3.98107171e+07  1.31046455e+01 
 4.21696503e+07  1.49765026e+01 
 4.46683592e+07  1.39085524e+01 
 4.73151259e+07  1.06000095e+01 
 5.01187234e+07  7.28834926e+00 
 5.30884444e+07  4.43119368e+00 
 5.62341325e+07  1.96116102e+00 
 5.95662144e+07 -2.24789598e-01 
 6.30957344e+07 -2.20416166e+00 
 6.68343918e+07 -4.03126282e+00 
 7.07945784e+07 -5.74457045e+00 
 7.49894209e+07 -7.37216643e+00 
 7.94328235e+07 -8.93525610e+00 
 8.41395142e+07 -1.04504204e+01 
 8.91250938e+07 -1.19310833e+01 
 9.44060876e+07 -1.33884903e+01 
 1.00000000e+08 -1.48323741e+01 
