 1.00000000e+00  1.66491252e+02 
 1.05925373e+00  1.65722675e+02 
 1.12201845e+00  1.64914246e+02 
 1.18850223e+00  1.64064574e+02 
 1.25892541e+00  1.63172344e+02 
 1.33352143e+00  1.62236332e+02 
 1.41253754e+00  1.61255439e+02 
 1.49623566e+00  1.60228719e+02 
 1.58489319e+00  1.59155410e+02 
 1.67880402e+00  1.58034974e+02 
 1.77827941e+00  1.56867131e+02 
 1.88364909e+00  1.55651898e+02 
 1.99526231e+00  1.54389624e+02 
 2.11348904e+00  1.53081034e+02 
 2.23872114e+00  1.51727256e+02 
 2.37137371e+00  1.50329854e+02 
 2.51188643e+00  1.48890849e+02 
 2.66072506e+00  1.47412738e+02 
 2.81838293e+00  1.45898492e+02 
 2.98538262e+00  1.44351554e+02 
 3.16227766e+00  1.42775817e+02 
 3.34965439e+00  1.41175592e+02 
 3.54813389e+00  1.39555556e+02 
 3.75837404e+00  1.37920697e+02 
 3.98107171e+00  1.36276240e+02 
 4.21696503e+00  1.34627564e+02 
 4.46683592e+00  1.32980121e+02 
 4.73151259e+00  1.31339339e+02 
 5.01187234e+00  1.29710540e+02 
 5.30884444e+00  1.28098849e+02 
 5.62341325e+00  1.26509123e+02 
 5.95662144e+00  1.24945881e+02 
 6.30957344e+00  1.23413249e+02 
 6.68343918e+00  1.21914921e+02 
 7.07945784e+00  1.20454129e+02 
 7.49894209e+00  1.19033629e+02 
 7.94328235e+00  1.17655702e+02 
 8.41395142e+00  1.16322160e+02 
 8.91250938e+00  1.15034368e+02 
 9.44060876e+00  1.13793268e+02 
 1.00000000e+01  1.12599408e+02 
 1.05925373e+01  1.11452986e+02 
 1.12201845e+01  1.10353878e+02 
 1.18850223e+01  1.09301683e+02 
 1.25892541e+01  1.08295758e+02 
 1.33352143e+01  1.07335253e+02 
 1.41253754e+01  1.06419149e+02 
 1.49623566e+01  1.05546287e+02 
 1.58489319e+01  1.04715399e+02 
 1.67880402e+01  1.03925132e+02 
 1.77827941e+01  1.03174072e+02 
 1.88364909e+01  1.02460765e+02 
 1.99526231e+01  1.01783734e+02 
 2.11348904e+01  1.01141493e+02 
 2.23872114e+01  1.00532561e+02 
 2.37137371e+01  9.99554709e+01 
 2.51188643e+01  9.94087798e+01 
 2.66072506e+01  9.88910751e+01 
 2.81838293e+01  9.84009800e+01 
 2.98538262e+01  9.79371578e+01 
 3.16227766e+01  9.74983150e+01 
 3.34965439e+01  9.70832036e+01 
 3.54813389e+01  9.66906226e+01 
 3.75837404e+01  9.63194186e+01 
 3.98107171e+01  9.59684863e+01 
 4.21696503e+01  9.56367681e+01 
 4.46683592e+01  9.53232538e+01 
 4.73151259e+01  9.50269795e+01 
 5.01187234e+01  9.47470267e+01 
 5.30884444e+01  9.44825211e+01 
 5.62341325e+01  9.42326313e+01 
 5.95662144e+01  9.39965672e+01 
 6.30957344e+01  9.37735783e+01 
 6.68343918e+01  9.35629527e+01 
 7.07945784e+01  9.33640150e+01 
 7.49894209e+01  9.31761252e+01 
 7.94328235e+01  9.29986766e+01 
 8.41395142e+01  9.28310948e+01 
 8.91250938e+01  9.26728357e+01 
 9.44060876e+01  9.25233844e+01 
 1.00000000e+02  9.23822538e+01 
 1.05925373e+02  9.22489830e+01 
 1.12201845e+02  9.21231358e+01 
 1.18850223e+02  9.20043002e+01 
 1.25892541e+02  9.18920863e+01 
 1.33352143e+02  9.17861256e+01 
 1.41253754e+02  9.16860697e+01 
 1.49623566e+02  9.15915896e+01 
 1.58489319e+02  9.15023740e+01 
 1.67880402e+02  9.14181289e+01 
 1.77827941e+02  9.13385767e+01 
 1.88364909e+02  9.12634549e+01 
 1.99526231e+02  9.11925154e+01 
 2.11348904e+02  9.11255240e+01 
 2.23872114e+02  9.10622594e+01 
 2.37137371e+02  9.10025125e+01 
 2.51188643e+02  9.09460858e+01 
 2.66072506e+02  9.08927927e+01 
 2.81838293e+02  9.08424569e+01 
 2.98538262e+02  9.07949118e+01 
 3.16227766e+02  9.07500002e+01 
 3.34965439e+02  9.07075734e+01 
 3.54813389e+02  9.06674910e+01 
 3.75837404e+02  9.06296202e+01 
 3.98107171e+02  9.05938356e+01 
 4.21696503e+02  9.05600188e+01 
 4.46683592e+02  9.05280577e+01 
 4.73151259e+02  9.04978466e+01 
 5.01187234e+02  9.04692852e+01 
 5.30884444e+02  9.04422791e+01 
 5.62341325e+02  9.04167387e+01 
 5.95662144e+02  9.03925794e+01 
 6.30957344e+02  9.03697212e+01 
 6.68343918e+02  9.03480883e+01 
 7.07945784e+02  9.03276090e+01 
 7.49894209e+02  9.03082156e+01 
 7.94328235e+02  9.02898436e+01 
 8.41395142e+02  9.02724324e+01 
 8.91250938e+02  9.02559240e+01 
 9.44060876e+02  9.02402639e+01 
 1.00000000e+03  9.02254001e+01 
 1.05925373e+03  9.02112835e+01 
 1.12201845e+03  9.01978671e+01 
 1.18850223e+03  9.01851065e+01 
 1.25892541e+03  9.01729594e+01 
 1.33352143e+03  9.01613857e+01 
 1.41253754e+03  9.01503468e+01 
 1.49623566e+03  9.01398063e+01 
 1.58489319e+03  9.01297291e+01 
 1.67880402e+03  9.01200820e+01 
 1.77827941e+03  9.01108328e+01 
 1.88364909e+03  9.01019510e+01 
 1.99526231e+03  9.00934072e+01 
 2.11348904e+03  9.00851729e+01 
 2.23872114e+03  9.00772210e+01 
 2.37137371e+03  9.00695250e+01 
 2.51188643e+03  9.00620595e+01 
 2.66072506e+03  9.00547996e+01 
 2.81838293e+03  9.00477214e+01 
 2.98538262e+03  9.00408014e+01 
 3.16227766e+03  9.00340166e+01 
 3.34965439e+03  9.00273445e+01 
 3.54813389e+03  9.00207631e+01 
 3.75837404e+03  9.00142506e+01 
 3.98107171e+03  9.00077852e+01 
 4.21696503e+03  9.00013456e+01 
 4.46683592e+03  8.99949105e+01 
 4.73151259e+03  8.99884586e+01 
 5.01187234e+03  8.99819684e+01 
 5.30884444e+03  8.99754184e+01 
 5.62341325e+03  8.99687869e+01 
 5.95662144e+03  8.99620519e+01 
 6.30957344e+03  8.99551912e+01 
 6.68343918e+03  8.99481819e+01 
 7.07945784e+03  8.99410009e+01 
 7.49894209e+03  8.99336243e+01 
 7.94328235e+03  8.99260277e+01 
 8.41395142e+03  8.99181859e+01 
 8.91250938e+03  8.99100729e+01 
 9.44060876e+03  8.99016618e+01 
 1.00000000e+04  8.98929248e+01 
 1.05925373e+04  8.98838328e+01 
 1.12201845e+04  8.98743557e+01 
 1.18850223e+04  8.98644621e+01 
 1.25892541e+04  8.98541193e+01 
 1.33352143e+04  8.98432929e+01 
 1.41253754e+04  8.98319469e+01 
 1.49623566e+04  8.98200439e+01 
 1.58489319e+04  8.98075444e+01 
 1.67880402e+04  8.97944068e+01 
 1.77827941e+04  8.97805877e+01 
 1.88364909e+04  8.97660411e+01 
 1.99526231e+04  8.97507190e+01 
 2.11348904e+04  8.97345704e+01 
 2.23872114e+04  8.97175418e+01 
 2.37137371e+04  8.96995767e+01 
 2.51188643e+04  8.96806155e+01 
 2.66072506e+04  8.96605953e+01 
 2.81838293e+04  8.96394497e+01 
 2.98538262e+04  8.96171085e+01 
 3.16227766e+04  8.95934976e+01 
 3.34965439e+04  8.95685386e+01 
 3.54813389e+04  8.95421486e+01 
 3.75837404e+04  8.95142400e+01 
 3.98107171e+04  8.94847201e+01 
 4.21696503e+04  8.94534908e+01 
 4.46683592e+04  8.94204484e+01 
 4.73151259e+04  8.93854830e+01 
 5.01187234e+04  8.93484782e+01 
 5.30884444e+04  8.93093111e+01 
 5.62341325e+04  8.92678513e+01 
 5.95662144e+04  8.92239607e+01 
 6.30957344e+04  8.91774930e+01 
 6.68343918e+04  8.91282933e+01 
 7.07945784e+04  8.90761975e+01 
 7.49894209e+04  8.90210316e+01 
 7.94328235e+04  8.89626113e+01 
 8.41395142e+04  8.89007411e+01 
 8.91250938e+04  8.88352137e+01 
 9.44060876e+04  8.87658095e+01 
 1.00000000e+05  8.86922953e+01 
 1.05925373e+05  8.86144239e+01 
 1.12201845e+05  8.85319329e+01 
 1.18850223e+05  8.84445436e+01 
 1.25892541e+05  8.83519604e+01 
 1.33352143e+05  8.82538692e+01 
 1.41253754e+05  8.81499361e+01 
 1.49623566e+05  8.80398065e+01 
 1.58489319e+05  8.79231030e+01 
 1.67880402e+05  8.77994244e+01 
 1.77827941e+05  8.76683433e+01 
 1.88364909e+05  8.75294045e+01 
 1.99526231e+05  8.73821230e+01 
 2.11348904e+05  8.72259812e+01 
 2.23872114e+05  8.70604266e+01 
 2.37137371e+05  8.68848685e+01 
 2.51188643e+05  8.66986753e+01 
 2.66072506e+05  8.65011701e+01 
 2.81838293e+05  8.62916272e+01 
 2.98538262e+05  8.60692667e+01 
 3.16227766e+05  8.58332498e+01 
 3.34965439e+05  8.55826719e+01 
 3.54813389e+05  8.53165562e+01 
 3.75837404e+05  8.50338448e+01 
 3.98107171e+05  8.47333898e+01 
 4.21696503e+05  8.44139414e+01 
 4.46683592e+05  8.40741351e+01 
 4.73151259e+05  8.37124760e+01 
 5.01187234e+05  8.33273200e+01 
 5.30884444e+05  8.29168518e+01 
 5.62341325e+05  8.24790579e+01 
 5.95662144e+05  8.20116940e+01 
 6.30957344e+05  8.15122455e+01 
 6.68343918e+05  8.09778790e+01 
 7.07945784e+05  8.04053822e+01 
 7.49894209e+05  7.97910900e+01 
 7.94328235e+05  7.91307918e+01 
 8.41395142e+05  7.84196152e+01 
 8.91250938e+05  7.76518790e+01 
 9.44060876e+05  7.68209071e+01 
 1.00000000e+06  7.59187892e+01 
 1.05925373e+06  7.49360729e+01 
 1.12201845e+06  7.38613649e+01 
 1.18850223e+06  7.26808085e+01 
 1.25892541e+06  7.13773969e+01 
 1.33352143e+06  6.99300623e+01 
 1.41253754e+06  6.83124619e+01 
 1.49623566e+06  6.64913497e+01 
 1.58489319e+06  6.44243916e+01 
 1.67880402e+06  6.20572407e+01 
 1.77827941e+06  5.93196758e+01 
 1.88364909e+06  5.61206648e+01 
 1.99526231e+06  5.23425102e+01 
 2.11348904e+06  4.78351221e+01 
 2.23872114e+06  4.24137162e+01 
 2.37137371e+06  3.58680889e+01 
 2.51188643e+06  2.79996996e+01 
 2.66072506e+06  1.87085159e+01 
 2.81838293e+06  8.13176157e+00 
 2.98538262e+06 -3.24032897e+00 
 3.16227766e+06 -1.46264656e+01 
 3.34965439e+06 -2.52397604e+01 
 3.54813389e+06 -3.45780942e+01 
 3.75837404e+06 -4.24942148e+01 
 3.98107171e+06 -4.90832794e+01 
 4.21696503e+06 -5.45430514e+01 
 4.46683592e+06 -5.90850828e+01 
 4.73151259e+06 -6.28962990e+01 
 5.01187234e+06 -6.61290845e+01 
 5.30884444e+06 -6.89033449e+01 
 5.62341325e+06 -7.13121698e+01 
 5.95662144e+06 -7.34276887e+01 
 6.30957344e+06 -7.53060263e+01 
 6.68343918e+06 -7.69911845e+01 
 7.07945784e+06 -7.85179835e+01 
 7.49894209e+06 -7.99142602e+01 
 7.94328235e+06 -8.12025064e+01 
 8.41395142e+06 -8.24010927e+01 
 8.91250938e+06 -8.35251869e+01 
 9.44060876e+06 -8.45874494e+01 
 1.00000000e+07 -8.55985630e+01 
 1.05925373e+07 -8.65676404e+01 
 1.12201845e+07 -8.75025402e+01 
 1.18850223e+07 -8.84101135e+01 
 1.25892541e+07 -8.92963983e+01 
 1.33352143e+07 -9.01667737e+01 
 1.41253754e+07 -9.10260826e+01 
 1.49623566e+07 -9.18787313e+01 
 1.58489319e+07 -9.27287684e+01 
 1.67880402e+07 -9.35799496e+01 
 1.77827941e+07 -9.44357901e+01 
 1.88364909e+07 -9.52996068e+01 
 1.99526231e+07 -9.61745520e+01 
 2.11348904e+07 -9.70636402e+01 
 2.23872114e+07 -9.79697684e+01 
 2.37137371e+07 -9.88957302e+01 
 2.51188643e+07 -9.98442251e+01 
 2.66072506e+07 -1.00817861e+02 
 2.81838293e+07 -1.01819152e+02 
 2.98538262e+07 -1.02850510e+02 
 3.16227766e+07 -1.03914230e+02 
 3.34965439e+07 -1.05012470e+02 
 3.54813389e+07 -1.06147226e+02 
 3.75837404e+07 -1.07320293e+02 
 3.98107171e+07 -1.08533235e+02 
 4.21696503e+07 -1.09787338e+02 
 4.46683592e+07 -1.11083562e+02 
 4.73151259e+07 -1.12422498e+02 
 5.01187234e+07 -1.13804317e+02 
 5.30884444e+07 -1.15228728e+02 
 5.62341325e+07 -1.16694947e+02 
 5.95662144e+07 -1.18201665e+02 
 6.30957344e+07 -1.19747053e+02 
 6.68343918e+07 -1.21328763e+02 
 7.07945784e+07 -1.22943979e+02 
 7.49894209e+07 -1.24589475e+02 
 7.94328235e+07 -1.26261711e+02 
 8.41395142e+07 -1.27956958e+02 
 8.91250938e+07 -1.29671435e+02 
 9.44060876e+07 -1.31401474e+02 
 1.00000000e+08 -1.33143681e+02 
 1.05925373e+08 -1.34895097e+02 
 1.12201845e+08 -1.36653335e+02 
 1.18850223e+08 -1.38416696e+02 
 1.25892541e+08 -1.40184231e+02 
 1.33352143e+08 -1.41955770e+02 
 1.41253754e+08 -1.43731885e+02 
 1.49623566e+08 -1.45513815e+02 
 1.58489319e+08 -1.47303331e+02 
 1.67880402e+08 -1.49102573e+02 
 1.77827941e+08 -1.50913847e+02 
 1.88364909e+08 -1.52739414e+02 
 1.99526231e+08 -1.54581271e+02 
 2.11348904e+08 -1.56440938e+02 
 2.23872114e+08 -1.58319274e+02 
 2.37137371e+08 -1.60216319e+02 
 2.51188643e+08 -1.62131186e+02 
 2.66072506e+08 -1.64062002e+02 
 2.81838293e+08 -1.66005918e+02 
 2.98538262e+08 -1.67959181e+02 
 3.16227766e+08 -1.69917285e+02 
 3.34965439e+08 -1.71875201e+02 
 3.54813389e+08 -1.73827675e+02 
 3.75837404e+08 -1.75769592e+02 
 3.98107171e+08 -1.77696397e+02 
 4.21696503e+08 -1.79604527e+02 
 4.46683592e+08  1.78508157e+02 
 4.73151259e+08  1.76641986e+02 
 5.01187234e+08  1.74795188e+02 
 5.30884444e+08  1.72963696e+02 
 5.62341325e+08  1.71141097e+02 
 5.95662144e+08  1.69318713e+02 
 6.30957344e+08  1.67485801e+02 
 6.68343918e+08  1.65629833e+02 
 7.07945784e+08  1.63736839e+02 
 7.49894209e+08  1.61791740e+02 
 7.94328235e+08  1.59778674e+02 
 8.41395142e+08  1.57681255e+02 
 8.91250938e+08  1.55482795e+02 
 9.44060876e+08  1.53166467e+02 
 1.00000000e+09  1.50715447e+02 
