 1.00000000e+00 -6.73268991e+01 
 1.05925373e+00 -6.73268909e+01 
 1.12201845e+00 -6.73268818e+01 
 1.18850223e+00 -6.73268715e+01 
 1.25892541e+00 -6.73268600e+01 
 1.33352143e+00 -6.73268470e+01 
 1.41253754e+00 -6.73268325e+01 
 1.49623566e+00 -6.73268163e+01 
 1.58489319e+00 -6.73267980e+01 
 1.67880402e+00 -6.73267775e+01 
 1.77827941e+00 -6.73267545e+01 
 1.88364909e+00 -6.73267287e+01 
 1.99526231e+00 -6.73266998e+01 
 2.11348904e+00 -6.73266673e+01 
 2.23872114e+00 -6.73266309e+01 
 2.37137371e+00 -6.73265900e+01 
 2.51188643e+00 -6.73265441e+01 
 2.66072506e+00 -6.73264927e+01 
 2.81838293e+00 -6.73264349e+01 
 2.98538262e+00 -6.73263701e+01 
 3.16227766e+00 -6.73262975e+01 
 3.34965439e+00 -6.73262159e+01 
 3.54813389e+00 -6.73261244e+01 
 3.75837404e+00 -6.73260217e+01 
 3.98107171e+00 -6.73259065e+01 
 4.21696503e+00 -6.73257773e+01 
 4.46683592e+00 -6.73256322e+01 
 4.73151259e+00 -6.73254695e+01 
 5.01187234e+00 -6.73252870e+01 
 5.30884444e+00 -6.73250822e+01 
 5.62341325e+00 -6.73248524e+01 
 5.95662144e+00 -6.73245945e+01 
 6.30957344e+00 -6.73243053e+01 
 6.68343918e+00 -6.73239808e+01 
 7.07945784e+00 -6.73236166e+01 
 7.49894209e+00 -6.73232081e+01 
 7.94328235e+00 -6.73227499e+01 
 8.41395142e+00 -6.73222357e+01 
 8.91250938e+00 -6.73216589e+01 
 9.44060876e+00 -6.73210118e+01 
 1.00000000e+01 -6.73202858e+01 
 1.05925373e+01 -6.73194714e+01 
 1.12201845e+01 -6.73185578e+01 
 1.18850223e+01 -6.73175330e+01 
 1.25892541e+01 -6.73163834e+01 
 1.33352143e+01 -6.73150939e+01 
 1.41253754e+01 -6.73136475e+01 
 1.49623566e+01 -6.73120252e+01 
 1.58489319e+01 -6.73102057e+01 
 1.67880402e+01 -6.73081650e+01 
 1.77827941e+01 -6.73058765e+01 
 1.88364909e+01 -6.73033102e+01 
 1.99526231e+01 -6.73004326e+01 
 2.11348904e+01 -6.72972061e+01 
 2.23872114e+01 -6.72935888e+01 
 2.37137371e+01 -6.72895336e+01 
 2.51188643e+01 -6.72849882e+01 
 2.66072506e+01 -6.72798938e+01 
 2.81838293e+01 -6.72741849e+01 
 2.98538262e+01 -6.72677884e+01 
 3.16227766e+01 -6.72606225e+01 
 3.34965439e+01 -6.72525963e+01 
 3.54813389e+01 -6.72436084e+01 
 3.75837404e+01 -6.72335459e+01 
 3.98107171e+01 -6.72222833e+01 
 4.21696503e+01 -6.72096811e+01 
 4.46683592e+01 -6.71955846e+01 
 4.73151259e+01 -6.71798224e+01 
 5.01187234e+01 -6.71622047e+01 
 5.30884444e+01 -6.71425220e+01 
 5.62341325e+01 -6.71205433e+01 
 5.95662144e+01 -6.70960146e+01 
 6.30957344e+01 -6.70686568e+01 
 6.68343918e+01 -6.70381646e+01 
 7.07945784e+01 -6.70042048e+01 
 7.49894209e+01 -6.69664147e+01 
 7.94328235e+01 -6.69244014e+01 
 8.41395142e+01 -6.68777405e+01 
 8.91250938e+01 -6.68259760e+01 
 9.44060876e+01 -6.67686206e+01 
 1.00000000e+02 -6.67051557e+01 
 1.05925373e+02 -6.66350340e+01 
 1.12201845e+02 -6.65576808e+01 
 1.18850223e+02 -6.64724983e+01 
 1.25892541e+02 -6.63788698e+01 
 1.33352143e+02 -6.62761653e+01 
 1.41253754e+02 -6.61637483e+01 
 1.49623566e+02 -6.60409845e+01 
 1.58489319e+02 -6.59072503e+01 
 1.67880402e+02 -6.57619429e+01 
 1.77827941e+02 -6.56044917e+01 
 1.88364909e+02 -6.54343686e+01 
 1.99526231e+02 -6.52510995e+01 
 2.11348904e+02 -6.50542748e+01 
 2.23872114e+02 -6.48435589e+01 
 2.37137371e+02 -6.46186988e+01 
 2.51188643e+02 -6.43795300e+01 
 2.66072506e+02 -6.41259810e+01 
 2.81838293e+02 -6.38580753e+01 
 2.98538262e+02 -6.35759306e+01 
 3.16227766e+02 -6.32797558e+01 
 3.34965439e+02 -6.29698456e+01 
 3.54813389e+02 -6.26465732e+01 
 3.75837404e+02 -6.23103813e+01 
 3.98107171e+02 -6.19617721e+01 
 4.21696503e+02 -6.16012959e+01 
 4.46683592e+02 -6.12295407e+01 
 4.73151259e+02 -6.08471208e+01 
 5.01187234e+02 -6.04546664e+01 
 5.30884444e+02 -6.00528138e+01 
 5.62341325e+02 -5.96421974e+01 
 5.95662144e+02 -5.92234413e+01 
 6.30957344e+02 -5.87971536e+01 
 6.68343918e+02 -5.83639212e+01 
 7.07945784e+02 -5.79243056e+01 
 7.49894209e+02 -5.74788402e+01 
 7.94328235e+02 -5.70280283e+01 
 8.41395142e+02 -5.65723419e+01 
 8.91250938e+02 -5.61122213e+01 
 9.44060876e+02 -5.56480754e+01 
 1.00000000e+03 -5.51802820e+01 
 1.05925373e+03 -5.47091891e+01 
 1.12201845e+03 -5.42351160e+01 
 1.18850223e+03 -5.37583549e+01 
 1.25892541e+03 -5.32791722e+01 
 1.33352143e+03 -5.27978106e+01 
 1.41253754e+03 -5.23144902e+01 
 1.49623566e+03 -5.18294106e+01 
 1.58489319e+03 -5.13427523e+01 
 1.67880402e+03 -5.08546785e+01 
 1.77827941e+03 -5.03653361e+01 
 1.88364909e+03 -4.98748576e+01 
 1.99526231e+03 -4.93833622e+01 
 2.11348904e+03 -4.88909570e+01 
 2.23872114e+03 -4.83977383e+01 
 2.37137371e+03 -4.79037924e+01 
 2.51188643e+03 -4.74091967e+01 
 2.66072506e+03 -4.69140206e+01 
 2.81838293e+03 -4.64183263e+01 
 2.98538262e+03 -4.59221695e+01 
 3.16227766e+03 -4.54255999e+01 
 3.34965439e+03 -4.49286622e+01 
 3.54813389e+03 -4.44313963e+01 
 3.75837404e+03 -4.39338378e+01 
 3.98107171e+03 -4.34360187e+01 
 4.21696503e+03 -4.29379675e+01 
 4.46683592e+03 -4.24397099e+01 
 4.73151259e+03 -4.19412686e+01 
 5.01187234e+03 -4.14426642e+01 
 5.30884444e+03 -4.09439151e+01 
 5.62341325e+03 -4.04450377e+01 
 5.95662144e+03 -3.99460468e+01 
 6.30957344e+03 -3.94469558e+01 
 6.68343918e+03 -3.89477767e+01 
 7.07945784e+03 -3.84485202e+01 
 7.49894209e+03 -3.79491963e+01 
 7.94328235e+03 -3.74498138e+01 
 8.41395142e+03 -3.69503810e+01 
 8.91250938e+03 -3.64509053e+01 
 9.44060876e+03 -3.59513938e+01 
 1.00000000e+04 -3.54518527e+01 
 1.05925373e+04 -3.49522883e+01 
 1.12201845e+04 -3.44527063e+01 
 1.18850223e+04 -3.39531123e+01 
 1.25892541e+04 -3.34535115e+01 
 1.33352143e+04 -3.29539094e+01 
 1.41253754e+04 -3.24543112e+01 
 1.49623566e+04 -3.19547221e+01 
 1.58489319e+04 -3.14551478e+01 
 1.67880402e+04 -3.09555937e+01 
 1.77827941e+04 -3.04560658e+01 
 1.88364909e+04 -2.99565704e+01 
 1.99526231e+04 -2.94571141e+01 
 2.11348904e+04 -2.89577041e+01 
 2.23872114e+04 -2.84583483e+01 
 2.37137371e+04 -2.79590551e+01 
 2.51188643e+04 -2.74598339e+01 
 2.66072506e+04 -2.69606949e+01 
 2.81838293e+04 -2.64616496e+01 
 2.98538262e+04 -2.59627105e+01 
 3.16227766e+04 -2.54638915e+01 
 3.34965439e+04 -2.49652083e+01 
 3.54813389e+04 -2.44666782e+01 
 3.75837404e+04 -2.39683204e+01 
 3.98107171e+04 -2.34701566e+01 
 4.21696503e+04 -2.29722106e+01 
 4.46683592e+04 -2.24745095e+01 
 4.73151259e+04 -2.19770832e+01 
 5.01187234e+04 -2.14799652e+01 
 5.30884444e+04 -2.09831930e+01 
 5.62341325e+04 -2.04868085e+01 
 5.95662144e+04 -1.99908583e+01 
 6.30957344e+04 -1.94953947e+01 
 6.68343918e+04 -1.90004759e+01 
 7.07945784e+04 -1.85061668e+01 
 7.49894209e+04 -1.80125399e+01 
 7.94328235e+04 -1.75196759e+01 
 8.41395142e+04 -1.70276647e+01 
 8.91250938e+04 -1.65366061e+01 
 9.44060876e+04 -1.60466113e+01 
 1.00000000e+05 -1.55578035e+01 
 1.05925373e+05 -1.50703194e+01 
 1.12201845e+05 -1.45843102e+01 
 1.18850223e+05 -1.40999431e+01 
 1.25892541e+05 -1.36174024e+01 
 1.33352143e+05 -1.31368912e+01 
 1.41253754e+05 -1.26586323e+01 
 1.49623566e+05 -1.21828700e+01 
 1.58489319e+05 -1.17098710e+01 
 1.67880402e+05 -1.12399255e+01 
 1.77827941e+05 -1.07733485e+01 
 1.88364909e+05 -1.03104800e+01 
 1.99526231e+05 -9.85168563e+00 
 2.11348904e+05 -9.39735615e+00 
 2.23872114e+05 -8.94790697e+00 
 2.37137371e+05 -8.50377648e+00 
 2.51188643e+05 -8.06542377e+00 
 2.66072506e+05 -7.63332524e+00 
 2.81838293e+05 -7.20797019e+00 
 2.98538262e+05 -6.78985499e+00 
 3.16227766e+05 -6.37947605e+00 
 3.34965439e+05 -5.97732121e+00 
 3.54813389e+05 -5.58385978e+00 
 3.75837404e+05 -5.19953106e+00 
 3.98107171e+05 -4.82473154e+00 
 4.21696503e+05 -4.45980099e+00 
 4.46683592e+05 -4.10500749e+00 
 4.73151259e+05 -3.76053185e+00 
 5.01187234e+05 -3.42645168e+00 
 5.30884444e+05 -3.10272538e+00 
 5.62341325e+05 -2.78917645e+00 
 5.95662144e+05 -2.48547820e+00 
 6.30957344e+05 -2.19113909e+00 
 6.68343918e+05 -1.90548848e+00 
 7.07945784e+05 -1.62766263e+00 
 7.49894209e+05 -1.35659031e+00 
 7.94328235e+05 -1.09097717e+00 
 8.41395142e+05 -8.29287686e-01 
 8.91250938e+05 -5.69723074e-01 
 9.44060876e+05 -3.10193019e-01 
 1.00000000e+06 -4.82784855e-02 
 1.05925373e+06  2.18818019e-01 
 1.12201845e+06  4.94339609e-01 
 1.18850223e+06  7.82066320e-01 
 1.25892541e+06  1.08644004e+00 
 1.33352143e+06  1.41273699e+00 
 1.41253754e+06  1.76730859e+00 
 1.49623566e+06  2.15792326e+00 
 1.58489319e+06  2.59426113e+00 
 1.67880402e+06  3.08864849e+00 
 1.77827941e+06  3.65718187e+00 
 1.88364909e+06  4.32151452e+00 
 1.99526231e+06  5.11182825e+00 
 2.11348904e+06  6.07206204e+00 
 2.23872114e+06  7.26977440e+00 
 2.37137371e+06  8.81643674e+00 
 2.51188643e+06  1.09138739e+01 
 2.66072506e+06  1.39716591e+01 
 2.81838293e+06  1.87958207e+01 
 2.98538262e+06  2.17083184e+01 
 3.16227766e+06  1.53465879e+01 
 3.34965439e+06  1.03734979e+01 
 3.54813389e+06  6.79398919e+00 
 3.75837404e+06  3.96862580e+00 
 3.98107171e+06  1.59571427e+00 
 4.21696503e+06 -4.80596575e-01 
 4.46683592e+06 -2.34989946e+00 
 4.73151259e+06 -4.06809662e+00 
 5.01187234e+06 -5.67228946e+00 
 5.30884444e+06 -7.18828507e+00 
 5.62341325e+06 -8.63468483e+00 
 5.95662144e+06 -1.00252474e+01 
 6.30957344e+06 -1.13703138e+01 
 6.68343918e+06 -1.26776879e+01 
 7.07945784e+06 -1.39531794e+01 
 7.49894209e+06 -1.52009230e+01 
 7.94328235e+06 -1.64235378e+01 
 8.41395142e+06 -1.76221640e+01 
 8.91250938e+06 -1.87964016e+01 
 9.44060876e+06 -1.99441738e+01 
 1.00000000e+07 -2.10615469e+01 
 1.05925373e+07 -2.21425568e+01 
 1.12201845e+07 -2.31791283e+01 
 1.18850223e+07 -2.41612054e+01 
 1.25892541e+07 -2.50772406e+01 
 1.33352143e+07 -2.59151604e+01 
 1.41253754e+07 -2.66638139e+01 
 1.49623566e+07 -2.73147075e+01 
 1.58489319e+07 -2.78636029e+01 
 1.67880402e+07 -2.83114705e+01 
 1.77827941e+07 -2.86644491e+01 
 1.88364909e+07 -2.89328337e+01 
 1.99526231e+07 -2.91294649e+01 
 2.11348904e+07 -2.92680325e+01 
 2.23872114e+07 -2.93616965e+01 
 2.37137371e+07 -2.94222041e+01 
 2.51188643e+07 -2.94594804e+01 
 2.66072506e+07 -2.94815705e+01 
 2.81838293e+07 -2.94947934e+01 
 2.98538262e+07 -2.95039909e+01 
 3.16227766e+07 -2.95127996e+01 
 3.34965439e+07 -2.95239026e+01 
 3.54813389e+07 -2.95392456e+01 
 3.75837404e+07 -2.95602102e+01 
 3.98107171e+07 -2.95877490e+01 
 4.21696503e+07 -2.96224881e+01 
 4.46683592e+07 -2.96648019e+01 
 4.73151259e+07 -2.97148670e+01 
 5.01187234e+07 -2.97727005e+01 
 5.30884444e+07 -2.98381859e+01 
 5.62341325e+07 -2.99110917e+01 
 5.95662144e+07 -2.99910830e+01 
 6.30957344e+07 -3.00777315e+01 
 6.68343918e+07 -3.01705231e+01 
 7.07945784e+07 -3.02688653e+01 
 7.49894209e+07 -3.03720953e+01 
 7.94328235e+07 -3.04794898e+01 
 8.41395142e+07 -3.05902754e+01 
 8.91250938e+07 -3.07036419e+01 
 9.44060876e+07 -3.08187553e+01 
 1.00000000e+08 -3.09347736e+01 
 1.05925373e+08 -3.10508614e+01 
 1.12201845e+08 -3.11662060e+01 
 1.18850223e+08 -3.12800319e+01 
 1.25892541e+08 -3.13916145e+01 
 1.33352143e+08 -3.15002923e+01 
 1.41253754e+08 -3.16054766e+01 
 1.49623566e+08 -3.17066589e+01 
 1.58489319e+08 -3.18034157e+01 
 1.67880402e+08 -3.18954105e+01 
 1.77827941e+08 -3.19823933e+01 
 1.88364909e+08 -3.20641976e+01 
 1.99526231e+08 -3.21407357e+01 
 2.11348904e+08 -3.22119919e+01 
 2.23872114e+08 -3.22780152e+01 
 2.37137371e+08 -3.23389106e+01 
 2.51188643e+08 -3.23948308e+01 
 2.66072506e+08 -3.24459675e+01 
 2.81838293e+08 -3.24925434e+01 
 2.98538262e+08 -3.25348040e+01 
 3.16227766e+08 -3.25730115e+01 
 3.34965439e+08 -3.26074377e+01 
 3.54813389e+08 -3.26383593e+01 
 3.75837404e+08 -3.26660527e+01 
 3.98107171e+08 -3.26907904e+01 
 4.21696503e+08 -3.27128371e+01 
 4.46683592e+08 -3.27324472e+01 
 4.73151259e+08 -3.27498625e+01 
 5.01187234e+08 -3.27653101e+01 
 5.30884444e+08 -3.27790012e+01 
 5.62341325e+08 -3.27911301e+01 
 5.95662144e+08 -3.28018742e+01 
 6.30957344e+08 -3.28113936e+01 
 6.68343918e+08 -3.28198317e+01 
 7.07945784e+08 -3.28273161e+01 
 7.49894209e+08 -3.28339596e+01 
 7.94328235e+08 -3.28398616e+01 
 8.41395142e+08 -3.28451093e+01 
 8.91250938e+08 -3.28497789e+01 
 9.44060876e+08 -3.28539371e+01 
 1.00000000e+09 -3.28576424e+01 
