 1.00000000e+00  8.00039076e+01 
 1.04712855e+00  8.00038657e+01 
 1.09647820e+00  8.00038198e+01 
 1.14815362e+00  8.00037694e+01 
 1.20226443e+00  8.00037142e+01 
 1.25892541e+00  8.00036536e+01 
 1.31825674e+00  8.00035872e+01 
 1.38038426e+00  8.00035144e+01 
 1.44543977e+00  8.00034346e+01 
 1.51356125e+00  8.00033471e+01 
 1.58489319e+00  8.00032511e+01 
 1.65958691e+00  8.00031459e+01 
 1.73780083e+00  8.00030305e+01 
 1.81970086e+00  8.00029040e+01 
 1.90546072e+00  8.00027653e+01 
 1.99526231e+00  8.00026132e+01 
 2.08929613e+00  8.00024465e+01 
 2.18776162e+00  8.00022637e+01 
 2.29086765e+00  8.00020632e+01 
 2.39883292e+00  8.00018435e+01 
 2.51188643e+00  8.00016025e+01 
 2.63026799e+00  8.00013383e+01 
 2.75422870e+00  8.00010486e+01 
 2.88403150e+00  8.00007311e+01 
 3.01995172e+00  8.00003829e+01 
 3.16227766e+00  8.00000011e+01 
 3.31131121e+00  7.99995825e+01 
 3.46736850e+00  7.99991236e+01 
 3.63078055e+00  7.99986205e+01 
 3.80189396e+00  7.99980689e+01 
 3.98107171e+00  7.99974642e+01 
 4.16869383e+00  7.99968012e+01 
 4.36515832e+00  7.99960744e+01 
 4.57088190e+00  7.99952776e+01 
 4.78630092e+00  7.99944041e+01 
 5.01187234e+00  7.99934466e+01 
 5.24807460e+00  7.99923968e+01 
 5.49540874e+00  7.99912461e+01 
 5.75439937e+00  7.99899848e+01 
 6.02559586e+00  7.99886021e+01 
 6.30957344e+00  7.99870866e+01 
 6.60693448e+00  7.99854255e+01 
 6.91830971e+00  7.99836048e+01 
 7.24435960e+00  7.99816094e+01 
 7.58577575e+00  7.99794225e+01 
 7.94328235e+00  7.99770258e+01 
 8.31763771e+00  7.99743995e+01 
 8.70963590e+00  7.99715216e+01 
 9.12010839e+00  7.99683682e+01 
 9.54992586e+00  7.99649133e+01 
 1.00000000e+01  7.99611281e+01 
 1.04712855e+01  7.99569816e+01 
 1.09647820e+01  7.99524396e+01 
 1.14815362e+01  7.99474648e+01 
 1.20226443e+01  7.99420166e+01 
 1.25892541e+01  7.99360506e+01 
 1.31825674e+01  7.99295184e+01 
 1.38038426e+01  7.99223673e+01 
 1.44543977e+01  7.99145398e+01 
 1.51356125e+01  7.99059732e+01 
 1.58489319e+01  7.98965996e+01 
 1.65958691e+01  7.98863448e+01 
 1.73780083e+01  7.98751284e+01 
 1.81970086e+01  7.98628631e+01 
 1.90546072e+01  7.98494542e+01 
 1.99526231e+01  7.98347990e+01 
 2.08929613e+01  7.98187865e+01 
 2.18776162e+01  7.98012968e+01 
 2.29086765e+01  7.97822003e+01 
 2.39883292e+01  7.97613574e+01 
 2.51188643e+01  7.97386181e+01 
 2.63026799e+01  7.97138210e+01 
 2.75422870e+01  7.96867933e+01 
 2.88403150e+01  7.96573501e+01 
 3.01995172e+01  7.96252940e+01 
 3.16227766e+01  7.95904150e+01 
 3.31131121e+01  7.95524902e+01 
 3.46736850e+01  7.95112837e+01 
 3.63078055e+01  7.94665464e+01 
 3.80189396e+01  7.94180170e+01 
 3.98107171e+01  7.93654215e+01 
 4.16869383e+01  7.93084745e+01 
 4.36515832e+01  7.92468798e+01 
 4.57088190e+01  7.91803317e+01 
 4.78630092e+01  7.91085164e+01 
 5.01187234e+01  7.90311139e+01 
 5.24807460e+01  7.89477999e+01 
 5.49540874e+01  7.88582481e+01 
 5.75439937e+01  7.87621335e+01 
 6.02559586e+01  7.86591346e+01 
 6.30957344e+01  7.85489372e+01 
 6.60693448e+01  7.84312377e+01 
 6.91830971e+01  7.83057465e+01 
 7.24435960e+01  7.81721918e+01 
 7.58577575e+01  7.80303234e+01 
 7.94328235e+01  7.78799158e+01 
 8.31763771e+01  7.77207721e+01 
 8.70963590e+01  7.75527266e+01 
 9.12010839e+01  7.73756472e+01 
 9.54992586e+01  7.71894384e+01 
 1.00000000e+02  7.69940419e+01 
 1.04712855e+02  7.67894384e+01 
 1.09647820e+02  7.65756472e+01 
 1.14815362e+02  7.63527266e+01 
 1.20226443e+02  7.61207721e+01 
 1.25892541e+02  7.58799158e+01 
 1.31825674e+02  7.56303234e+01 
 1.38038426e+02  7.53721918e+01 
 1.44543977e+02  7.51057465e+01 
 1.51356125e+02  7.48312377e+01 
 1.58489319e+02  7.45489372e+01 
 1.65958691e+02  7.42591346e+01 
 1.73780083e+02  7.39621335e+01 
 1.81970086e+02  7.36582481e+01 
 1.90546072e+02  7.33477999e+01 
 1.99526231e+02  7.30311139e+01 
 2.08929613e+02  7.27085164e+01 
 2.18776162e+02  7.23803317e+01 
 2.29086765e+02  7.20468798e+01 
 2.39883292e+02  7.17084745e+01 
 2.51188643e+02  7.13654215e+01 
 2.63026799e+02  7.10180170e+01 
 2.75422870e+02  7.06665464e+01 
 2.88403150e+02  7.03112837e+01 
 3.01995172e+02  6.99524902e+01 
 3.16227766e+02  6.95904150e+01 
 3.31131121e+02  6.92252940e+01 
 3.46736850e+02  6.88573501e+01 
 3.63078055e+02  6.84867933e+01 
 3.80189396e+02  6.81138210e+01 
 3.98107171e+02  6.77386181e+01 
 4.16869383e+02  6.73613574e+01 
 4.36515832e+02  6.69822003e+01 
 4.57088190e+02  6.66012968e+01 
 4.78630092e+02  6.62187865e+01 
 5.01187234e+02  6.58347990e+01 
 5.24807460e+02  6.54494542e+01 
 5.49540874e+02  6.50628631e+01 
 5.75439937e+02  6.46751284e+01 
 6.02559586e+02  6.42863448e+01 
 6.30957344e+02  6.38965996e+01 
 6.60693448e+02  6.35059732e+01 
 6.91830971e+02  6.31145398e+01 
 7.24435960e+02  6.27223673e+01 
 7.58577575e+02  6.23295184e+01 
 7.94328235e+02  6.19360506e+01 
 8.31763771e+02  6.15420166e+01 
 8.70963590e+02  6.11474648e+01 
 9.12010839e+02  6.07524396e+01 
 9.54992586e+02  6.03569816e+01 
 1.00000000e+03  5.99611281e+01 
 1.04712855e+03  5.95649133e+01 
 1.09647820e+03  5.91683682e+01 
 1.14815362e+03  5.87715216e+01 
 1.20226443e+03  5.83743995e+01 
 1.25892541e+03  5.79770258e+01 
 1.31825674e+03  5.75794225e+01 
 1.38038426e+03  5.71816094e+01 
 1.44543977e+03  5.67836048e+01 
 1.51356125e+03  5.63854255e+01 
 1.58489319e+03  5.59870866e+01 
 1.65958691e+03  5.55886021e+01 
 1.73780083e+03  5.51899848e+01 
 1.81970086e+03  5.47912461e+01 
 1.90546072e+03  5.43923968e+01 
 1.99526231e+03  5.39934466e+01 
 2.08929613e+03  5.35944041e+01 
 2.18776162e+03  5.31952776e+01 
 2.29086765e+03  5.27960744e+01 
 2.39883292e+03  5.23968012e+01 
 2.51188643e+03  5.19974642e+01 
 2.63026799e+03  5.15980689e+01 
 2.75422870e+03  5.11986205e+01 
 2.88403150e+03  5.07991236e+01 
 3.01995172e+03  5.03995825e+01 
 3.16227766e+03  5.00000011e+01 
 3.31131121e+03  4.96003829e+01 
 3.46736850e+03  4.92007311e+01 
 3.63078055e+03  4.88010486e+01 
 3.80189396e+03  4.84013383e+01 
 3.98107171e+03  4.80016025e+01 
 4.16869383e+03  4.76018435e+01 
 4.36515832e+03  4.72020632e+01 
 4.57088190e+03  4.68022637e+01 
 4.78630092e+03  4.64024465e+01 
 5.01187234e+03  4.60026132e+01 
 5.24807460e+03  4.56027653e+01 
 5.49540874e+03  4.52029040e+01 
 5.75439937e+03  4.48030305e+01 
 6.02559586e+03  4.44031459e+01 
 6.30957344e+03  4.40032511e+01 
 6.60693448e+03  4.36033471e+01 
 6.91830971e+03  4.32034346e+01 
 7.24435960e+03  4.28035144e+01 
 7.58577575e+03  4.24035872e+01 
 7.94328235e+03  4.20036536e+01 
 8.31763771e+03  4.16037142e+01 
 8.70963590e+03  4.12037694e+01 
 9.12010839e+03  4.08038198e+01 
 9.54992586e+03  4.04038657e+01 
 1.00000000e+04  4.00039076e+01 
 1.04712855e+04  3.96039458e+01 
 1.09647820e+04  3.92039806e+01 
 1.14815362e+04  3.88040124e+01 
 1.20226443e+04  3.84040414e+01 
 1.25892541e+04  3.80040678e+01 
 1.31825674e+04  3.76040920e+01 
 1.38038426e+04  3.72041139e+01 
 1.44543977e+04  3.68041340e+01 
 1.51356125e+04  3.64041523e+01 
 1.58489319e+04  3.60041690e+01 
 1.65958691e+04  3.56041842e+01 
 1.73780083e+04  3.52041981e+01 
 1.81970086e+04  3.48042107e+01 
 1.90546072e+04  3.44042222e+01 
 1.99526231e+04  3.40042328e+01 
 2.08929613e+04  3.36042424e+01 
 2.18776162e+04  3.32042511e+01 
 2.29086765e+04  3.28042591e+01 
 2.39883292e+04  3.24042664e+01 
 2.51188643e+04  3.20042730e+01 
 2.63026799e+04  3.16042791e+01 
 2.75422870e+04  3.12042846e+01 
 2.88403150e+04  3.08042896e+01 
 3.01995172e+04  3.04042942e+01 
 3.16227766e+04  3.00042984e+01 
 3.31131121e+04  2.96043023e+01 
 3.46736850e+04  2.92043057e+01 
 3.63078055e+04  2.88043089e+01 
 3.80189396e+04  2.84043118e+01 
 3.98107171e+04  2.80043145e+01 
 4.16869383e+04  2.76043169e+01 
 4.36515832e+04  2.72043191e+01 
 4.57088190e+04  2.68043211e+01 
 4.78630092e+04  2.64043229e+01 
 5.01187234e+04  2.60043246e+01 
 5.24807460e+04  2.56043261e+01 
 5.49540874e+04  2.52043275e+01 
 5.75439937e+04  2.48043287e+01 
 6.02559586e+04  2.44043299e+01 
 6.30957344e+04  2.40043310e+01 
 6.60693448e+04  2.36043319e+01 
 6.91830971e+04  2.32043328e+01 
 7.24435960e+04  2.28043336e+01 
 7.58577575e+04  2.24043343e+01 
 7.94328235e+04  2.20043350e+01 
 8.31763771e+04  2.16043356e+01 
 8.70963590e+04  2.12043361e+01 
 9.12010839e+04  2.08043366e+01 
 9.54992586e+04  2.04043371e+01 
 1.00000000e+05  2.00043375e+01 
 1.04712855e+05  1.96043379e+01 
 1.09647820e+05  1.92043382e+01 
 1.14815362e+05  1.88043386e+01 
 1.20226443e+05  1.84043389e+01 
 1.25892541e+05  1.80043391e+01 
 1.31825674e+05  1.76043394e+01 
 1.38038426e+05  1.72043396e+01 
 1.44543977e+05  1.68043398e+01 
 1.51356125e+05  1.64043400e+01 
 1.58489319e+05  1.60043401e+01 
 1.65958691e+05  1.56043403e+01 
 1.73780083e+05  1.52043404e+01 
 1.81970086e+05  1.48043405e+01 
 1.90546072e+05  1.44043407e+01 
 1.99526231e+05  1.40043408e+01 
 2.08929613e+05  1.36043409e+01 
 2.18776162e+05  1.32043410e+01 
 2.29086765e+05  1.28043410e+01 
 2.39883292e+05  1.24043411e+01 
 2.51188643e+05  1.20043412e+01 
 2.63026799e+05  1.16043412e+01 
 2.75422870e+05  1.12043413e+01 
 2.88403150e+05  1.08043413e+01 
 3.01995172e+05  1.04043414e+01 
 3.16227766e+05  1.00043414e+01 
 3.31131121e+05  9.60434146e+00 
 3.46736850e+05  9.20434150e+00 
 3.63078055e+05  8.80434153e+00 
 3.80189396e+05  8.40434156e+00 
 3.98107171e+05  8.00434159e+00 
 4.16869383e+05  7.60434161e+00 
 4.36515832e+05  7.20434163e+00 
 4.57088190e+05  6.80434165e+00 
 4.78630092e+05  6.40434167e+00 
 5.01187234e+05  6.00434169e+00 
 5.24807460e+05  5.60434170e+00 
 5.49540874e+05  5.20434172e+00 
 5.75439937e+05  4.80434173e+00 
 6.02559586e+05  4.40434174e+00 
 6.30957344e+05  4.00434175e+00 
 6.60693448e+05  3.60434176e+00 
 6.91830971e+05  3.20434177e+00 
 7.24435960e+05  2.80434178e+00 
 7.58577575e+05  2.40434178e+00 
 7.94328235e+05  2.00434179e+00 
 8.31763771e+05  1.60434180e+00 
 8.70963590e+05  1.20434180e+00 
 9.12010839e+05  8.04341807e-01 
 9.54992586e+05  4.04341812e-01 
 1.00000000e+06  4.34181601e-03 
 1.04712855e+06 -3.95658180e-01 
 1.09647820e+06 -7.95658177e-01 
 1.14815362e+06 -1.19565817e+00 
 1.20226443e+06 -1.59565817e+00 
 1.25892541e+06 -1.99565817e+00 
 1.31825674e+06 -2.39565817e+00 
 1.38038426e+06 -2.79565816e+00 
 1.44543977e+06 -3.19565816e+00 
 1.51356125e+06 -3.59565816e+00 
 1.58489319e+06 -3.99565816e+00 
 1.65958691e+06 -4.39565816e+00 
 1.73780083e+06 -4.79565815e+00 
 1.81970086e+06 -5.19565815e+00 
 1.90546072e+06 -5.59565815e+00 
 1.99526231e+06 -5.99565815e+00 
 2.08929613e+06 -6.39565815e+00 
 2.18776162e+06 -6.79565815e+00 
 2.29086765e+06 -7.19565815e+00 
 2.39883292e+06 -7.59565815e+00 
 2.51188643e+06 -7.99565815e+00 
 2.63026799e+06 -8.39565815e+00 
 2.75422870e+06 -8.79565815e+00 
 2.88403150e+06 -9.19565815e+00 
 3.01995172e+06 -9.59565815e+00 
 3.16227766e+06 -9.99565814e+00 
 3.31131121e+06 -1.03956581e+01 
 3.46736850e+06 -1.07956581e+01 
 3.63078055e+06 -1.11956581e+01 
 3.80189396e+06 -1.15956581e+01 
 3.98107171e+06 -1.19956581e+01 
 4.16869383e+06 -1.23956581e+01 
 4.36515832e+06 -1.27956581e+01 
 4.57088190e+06 -1.31956581e+01 
 4.78630092e+06 -1.35956581e+01 
 5.01187234e+06 -1.39956581e+01 
 5.24807460e+06 -1.43956581e+01 
 5.49540874e+06 -1.47956581e+01 
 5.75439937e+06 -1.51956581e+01 
 6.02559586e+06 -1.55956581e+01 
 6.30957344e+06 -1.59956581e+01 
 6.60693448e+06 -1.63956581e+01 
 6.91830971e+06 -1.67956581e+01 
 7.24435960e+06 -1.71956581e+01 
 7.58577575e+06 -1.75956581e+01 
 7.94328235e+06 -1.79956581e+01 
 8.31763771e+06 -1.83956581e+01 
 8.70963590e+06 -1.87956581e+01 
 9.12010839e+06 -1.91956581e+01 
 9.54992586e+06 -1.95956581e+01 
 1.00000000e+07 -1.99956581e+01 
 1.04712855e+07 -2.03956581e+01 
 1.09647820e+07 -2.07956581e+01 
 1.14815362e+07 -2.11956581e+01 
 1.20226443e+07 -2.15956581e+01 
 1.25892541e+07 -2.19956581e+01 
 1.31825674e+07 -2.23956581e+01 
 1.38038426e+07 -2.27956581e+01 
 1.44543977e+07 -2.31956581e+01 
 1.51356125e+07 -2.35956581e+01 
 1.58489319e+07 -2.39956581e+01 
 1.65958691e+07 -2.43956581e+01 
 1.73780083e+07 -2.47956581e+01 
 1.81970086e+07 -2.51956581e+01 
 1.90546072e+07 -2.55956581e+01 
 1.99526231e+07 -2.59956581e+01 
 2.08929613e+07 -2.63956581e+01 
 2.18776162e+07 -2.67956581e+01 
 2.29086765e+07 -2.71956581e+01 
 2.39883292e+07 -2.75956581e+01 
 2.51188643e+07 -2.79956581e+01 
 2.63026799e+07 -2.83956581e+01 
 2.75422870e+07 -2.87956581e+01 
 2.88403150e+07 -2.91956581e+01 
 3.01995172e+07 -2.95956581e+01 
 3.16227766e+07 -2.99956581e+01 
 3.31131121e+07 -3.03956581e+01 
 3.46736850e+07 -3.07956581e+01 
 3.63078055e+07 -3.11956581e+01 
 3.80189396e+07 -3.15956581e+01 
 3.98107171e+07 -3.19956581e+01 
 4.16869383e+07 -3.23956581e+01 
 4.36515832e+07 -3.27956581e+01 
 4.57088190e+07 -3.31956581e+01 
 4.78630092e+07 -3.35956581e+01 
 5.01187234e+07 -3.39956581e+01 
 5.24807460e+07 -3.43956581e+01 
 5.49540874e+07 -3.47956581e+01 
 5.75439937e+07 -3.51956581e+01 
 6.02559586e+07 -3.55956581e+01 
 6.30957344e+07 -3.59956581e+01 
 6.60693448e+07 -3.63956581e+01 
 6.91830971e+07 -3.67956581e+01 
 7.24435960e+07 -3.71956581e+01 
 7.58577575e+07 -3.75956581e+01 
 7.94328235e+07 -3.79956581e+01 
 8.31763771e+07 -3.83956581e+01 
 8.70963590e+07 -3.87956581e+01 
 9.12010839e+07 -3.91956581e+01 
 9.54992586e+07 -3.95956581e+01 
 1.00000000e+08 -3.99956581e+01 
