-5.00000000e-03  1.80000000e+00 
-4.95000000e-03  1.80000000e+00 
-4.90000000e-03  1.80000000e+00 
-4.85000000e-03  1.80000000e+00 
-4.80000000e-03  1.80000000e+00 
-4.75000000e-03  1.80000000e+00 
-4.70000000e-03  1.80000000e+00 
-4.65000000e-03  1.80000000e+00 
-4.60000000e-03  1.80000000e+00 
-4.55000000e-03  1.80000000e+00 
-4.50000000e-03  1.80000000e+00 
-4.45000000e-03  1.80000000e+00 
-4.40000000e-03  1.80000000e+00 
-4.35000000e-03  1.80000000e+00 
-4.30000000e-03  1.80000000e+00 
-4.25000000e-03  1.80000000e+00 
-4.20000000e-03  1.80000000e+00 
-4.15000000e-03  1.80000000e+00 
-4.10000000e-03  1.80000000e+00 
-4.05000000e-03  1.80000000e+00 
-4.00000000e-03  1.80000000e+00 
-3.95000000e-03  1.80000000e+00 
-3.90000000e-03  1.80000000e+00 
-3.85000000e-03  1.80000000e+00 
-3.80000000e-03  1.80000000e+00 
-3.75000000e-03  1.80000000e+00 
-3.70000000e-03  1.80000000e+00 
-3.65000000e-03  1.80000000e+00 
-3.60000000e-03  1.80000000e+00 
-3.55000000e-03  1.80000000e+00 
-3.50000000e-03  1.80000000e+00 
-3.45000000e-03  1.80000000e+00 
-3.40000000e-03  1.80000000e+00 
-3.35000000e-03  1.80000000e+00 
-3.30000000e-03  1.80000000e+00 
-3.25000000e-03  1.80000000e+00 
-3.20000000e-03  1.80000000e+00 
-3.15000000e-03  1.80000000e+00 
-3.10000000e-03  1.80000000e+00 
-3.05000000e-03  1.80000000e+00 
-3.00000000e-03  1.80000000e+00 
-2.95000000e-03  1.80000000e+00 
-2.90000000e-03  1.80000000e+00 
-2.85000000e-03  1.80000000e+00 
-2.80000000e-03  1.80000000e+00 
-2.75000000e-03  1.80000000e+00 
-2.70000000e-03  1.80000000e+00 
-2.65000000e-03  1.80000000e+00 
-2.60000000e-03  1.80000000e+00 
-2.55000000e-03  1.80000000e+00 
-2.50000000e-03  1.80000000e+00 
-2.45000000e-03  1.80000000e+00 
-2.40000000e-03  1.80000000e+00 
-2.35000000e-03  1.80000000e+00 
-2.30000000e-03  1.80000000e+00 
-2.25000000e-03  1.80000000e+00 
-2.20000000e-03  1.80000000e+00 
-2.15000000e-03  1.80000000e+00 
-2.10000000e-03  1.80000000e+00 
-2.05000000e-03  1.80000000e+00 
-2.00000000e-03  1.80000000e+00 
-1.95000000e-03  1.80000000e+00 
-1.90000000e-03  1.80000000e+00 
-1.85000000e-03  1.79999999e+00 
-1.80000000e-03  1.79999998e+00 
-1.75000000e-03  1.79999993e+00 
-1.70000000e-03  1.79999978e+00 
-1.65000000e-03  1.79999935e+00 
-1.60000000e-03  1.79999801e+00 
-1.55000000e-03  1.79999395e+00 
-1.50000000e-03  1.79998162e+00 
-1.45000000e-03  1.79994413e+00 
-1.40000000e-03  1.79983020e+00 
-1.35000000e-03  1.79948399e+00 
-1.30000000e-03  1.79843230e+00 
-1.25000000e-03  1.79316339e+00 
-1.20000000e-03  1.77938039e+00 
-1.15000000e-03  1.73875906e+00 
-1.10000000e-03  1.62594049e+00 
-1.05000000e-03  1.35810648e+00 
-1.00000000e-03  9.04999949e-01 
-9.50000000e-04  4.49344466e-01 
-9.00000000e-04  1.77584915e-01 
-8.50000000e-04  6.25692433e-02 
-8.00000000e-04  2.10775301e-02 
-7.50000000e-04  6.98963984e-03 
-7.00000000e-04  2.30567000e-03 
-6.50000000e-04  7.59241401e-04 
-6.00000000e-04  2.49868849e-04 
-5.50000000e-04  8.22170463e-05 
-5.00000000e-04  2.70510721e-05 
-4.50000000e-04  8.90016714e-06 
-4.00000000e-04  2.92825507e-06 
-3.50000000e-04  9.63426703e-07 
-3.00000000e-04 -1.07582075e-07 
-2.50000000e-04 -3.53957345e-08 
-2.00000000e-04 -1.16455711e-08 
-1.50000000e-04 -3.83151287e-09 
-1.00000000e-04 -1.26060690e-09 
-5.00000000e-05 -4.14752581e-10 
-2.73761049e-18 -1.36457845e-10 
 5.00000000e-05 -4.48960731e-11 
 1.00000000e-04 -1.47712792e-11 
 1.50000000e-04 -4.85992835e-12 
 2.00000000e-04 -1.59901070e-12 
 2.50000000e-04 -5.26231558e-13 
 3.00000000e-04 -1.73143278e-13 
 3.50000000e-04 -5.70503644e-14 
 4.00000000e-04 -1.88422611e-14 
 4.50000000e-04 -6.27098373e-15 
 5.00000000e-04 -2.09943174e-15 
 5.50000000e-04 -8.13793477e-16 
 6.00000000e-04 -3.46389584e-16 
 6.50000000e-04 -2.26374475e-16 
 7.00000000e-04 -1.12576615e-16 
 7.50000000e-04 -1.11854970e-16 
 8.00000000e-04 -1.11022302e-16 
 8.50000000e-04 -1.11022302e-16 
 9.00000000e-04 -1.11022302e-16 
 9.50000000e-04 -1.11022302e-16 
 1.00000000e-03 -1.11022302e-16 
 1.05000000e-03 -1.11022302e-16 
 1.10000000e-03 -1.11022302e-16 
 1.15000000e-03 -1.11022302e-16 
 1.20000000e-03 -1.11022302e-16 
 1.25000000e-03 -1.11022302e-16 
 1.30000000e-03 -1.11022302e-16 
 1.35000000e-03 -1.11022302e-16 
 1.40000000e-03 -1.11022302e-16 
 1.45000000e-03 -1.11022302e-16 
 1.50000000e-03 -1.11022302e-16 
 1.55000000e-03 -1.11022302e-16 
 1.60000000e-03 -1.11022302e-16 
 1.65000000e-03 -1.11022302e-16 
 1.70000000e-03 -1.11022302e-16 
 1.75000000e-03 -1.11022302e-16 
 1.80000000e-03 -1.11022302e-16 
 1.85000000e-03 -1.11022302e-16 
 1.90000000e-03 -1.11022302e-16 
 1.95000000e-03 -1.11022302e-16 
 2.00000000e-03 -1.11022302e-16 
 2.05000000e-03 -1.11022302e-16 
 2.10000000e-03 -1.11022302e-16 
 2.15000000e-03 -1.11022302e-16 
 2.20000000e-03 -1.11022302e-16 
 2.25000000e-03 -1.11022302e-16 
 2.30000000e-03 -1.11022302e-16 
 2.35000000e-03 -1.11022302e-16 
 2.40000000e-03 -1.11022302e-16 
 2.45000000e-03 -1.11022302e-16 
 2.50000000e-03 -1.11022302e-16 
 2.55000000e-03 -1.11022302e-16 
 2.60000000e-03 -1.11022302e-16 
 2.65000000e-03 -1.11022302e-16 
 2.70000000e-03 -1.11022302e-16 
 2.75000000e-03 -1.11022302e-16 
 2.80000000e-03 -1.11022302e-16 
 2.85000000e-03 -1.11022302e-16 
 2.90000000e-03 -1.11022302e-16 
 2.95000000e-03 -1.11022302e-16 
 3.00000000e-03 -1.11022302e-16 
 3.05000000e-03 -1.11022302e-16 
 3.10000000e-03 -1.11022302e-16 
 3.15000000e-03 -1.11022302e-16 
 3.20000000e-03 -1.11022302e-16 
 3.25000000e-03 -1.11022302e-16 
 3.30000000e-03 -1.11022302e-16 
 3.35000000e-03 -1.11022302e-16 
 3.40000000e-03 -1.11022302e-16 
 3.45000000e-03 -1.11022302e-16 
 3.50000000e-03 -1.11022302e-16 
 3.55000000e-03 -1.11022302e-16 
 3.60000000e-03 -1.11022302e-16 
 3.65000000e-03 -1.11022302e-16 
 3.70000000e-03 -1.11022302e-16 
 3.75000000e-03 -1.11022302e-16 
 3.80000000e-03 -1.11022302e-16 
 3.85000000e-03 -1.11022302e-16 
 3.90000000e-03 -1.11022302e-16 
 3.95000000e-03 -1.11022302e-16 
 4.00000000e-03 -1.11022302e-16 
 4.05000000e-03 -1.11022302e-16 
 4.10000000e-03 -1.11022302e-16 
 4.15000000e-03 -1.11022302e-16 
 4.20000000e-03 -1.11022302e-16 
 4.25000000e-03 -1.11022302e-16 
 4.30000000e-03 -1.11022302e-16 
 4.35000000e-03 -1.11022302e-16 
 4.40000000e-03 -1.11022302e-16 
 4.45000000e-03 -1.11022302e-16 
 4.50000000e-03 -1.11022302e-16 
 4.55000000e-03 -1.11022302e-16 
 4.60000000e-03 -1.11022302e-16 
 4.65000000e-03 -1.11022302e-16 
 4.70000000e-03 -1.11022302e-16 
 4.75000000e-03 -1.11022302e-16 
 4.80000000e-03 -1.11022302e-16 
 4.85000000e-03 -1.11022302e-16 
 4.90000000e-03 -1.11022302e-16 
 4.95000000e-03 -1.11022302e-16 
 5.00000000e-03 -1.11022302e-16 
