 BSIM4v5: Berkeley Short Channel IGFET Model-4
     device m.xdut.xm13.msky130_f m.xdut.xm18.msky130_f m.xdut.xm12.msky130_f
      model xdut.xm13:sky130_fd_p xdut.xm18:sky130_fd_p xdut.xm12:sky130_fd_p
          l                 5e-07                 5e-07                 5e-07
          w                 4e-06                 4e-06                 4e-06
          m                    16                    16                    16
         nf                     1                     1                     1
         sa                     0                     0                     0
         sb                     0                     0                     0
         sd                     0                     0                     0
        sca                     0                     0                     0
        scb                     0                     0                     0
        scc                     0                     0                     0
         sc                     0                     0                     0
        min                     0                     0                     0
         ad                     0                     0                     0
         as                     0                     0                     0
         pd                     0                     0                     0
         ps                     0                     0                     0
        nrd                     0                     0                     0
        nrs                     0                     0                     0
        off                     0                     0                     0
       rbdb                    50                    50                    50
       rbsb                    50                    50                    50
       rbpb                    50                    50                    50
       rbps                    50                    50                    50
       rbpd                    50                    50                    50
     delvto                     0                     0                     0
      mulu0                     1                     1                     1
        xgw                     0                     0                     0
      ngcon                     1                     1                     1
   trnqsmod                     0                     0                     0
   acnqsmod                     0                     0                     0
   rbodymod                     1                     1                     1
   rgatemod                     0                     0                     0
     geomod                     0                     0                     0
    rgeomod                     0                     0                     0
       gmbs           0.000213627           0.000194862           0.000213627
         gm           0.000964436           0.000846353           0.000964436
        gds           7.40002e-06           0.000294494           7.40002e-06
      vdsat             0.0698724             0.0750549             0.0698724
        vth              0.668062              0.652926              0.668062
         id           4.98638e-05           4.98638e-05           4.98638e-05
        ibd          -1.10384e-11          -1.19924e-12          -1.10384e-11
        ibs          -1.19924e-12           9.73683e-24          -1.19924e-12
        gbd               1.6e-11           1.66583e-11               1.6e-11
        gbs           1.66583e-11           2.07851e-11           1.66583e-11
       isub           4.71591e-17           5.08372e-21           4.71591e-17
      igidl                     0                     0                     0
      igisl                     0                     0                     0
        igs                     0                     0                     0
        igd                     0                     0                     0
        igb                     0                     0                     0
       igcs                     0                     0                     0
       igcd                     0                     0                     0
        vbs            -0.0663281           9.36906e-13            -0.0663281
        vgs              0.680217              0.679897              0.680217
        vds              0.613569             0.0663281              0.613569
        cgg           1.49817e-13           1.76013e-13           1.49817e-13
        cgs          -1.27854e-13           -1.0555e-13          -1.27854e-13
        cgd           1.43947e-16           -5.3504e-14           1.43947e-16
        cbg          -3.41885e-14          -1.78401e-14          -3.41885e-14
        cbd           -2.1371e-17          -3.99188e-14           -2.1371e-17
        cbs          -1.72756e-14          -2.94719e-16          -1.72756e-14
        cdg          -4.63308e-14          -7.60098e-14          -4.63308e-14
        cdd           4.51811e-19           6.58308e-14           4.51811e-19
        cds           5.81058e-14           2.97413e-14           5.81058e-14
        csg          -6.92973e-14          -8.21627e-14          -6.92973e-14
        csd          -1.23027e-16           2.75919e-14          -1.23027e-16
        css           8.70235e-14           7.61037e-14           8.70235e-14
        cgb          -2.21068e-14          -1.69583e-14          -2.21068e-14
        cdb          -1.17754e-14          -1.95623e-14          -1.17754e-14
        csb          -1.76032e-14          -2.15329e-14          -1.76032e-14
        cbb           5.14855e-14           5.80536e-14           5.14855e-14
      capbd           1.13356e-14           1.65123e-14           1.13356e-14
      capbs           1.65123e-14           1.47363e-14           1.65123e-14
         qg           1.23206e-13           1.24524e-13           1.23206e-13
         qb          -9.63702e-14          -9.07079e-14          -9.63702e-14
         qd          -1.07482e-14          -1.52421e-14          -1.07482e-14
         qs          -1.60875e-14          -1.85741e-14          -1.60875e-14
       qinv                     0                     0                     0
       qdef                     0                     0                     0
       gcrg                     0                     0                     0
       gtau                     0                     0                     0
    vgsteff             0.0390696             0.0471464             0.0390696
     vdseff             0.0686133              0.048288             0.0686133
       cgso           1.58405e-14           1.58405e-14           1.58405e-14
       cgdo           1.58405e-14           1.58405e-14           1.58405e-14
       cgbo           8.01962e-19           8.01962e-19           8.01962e-19
       weff           3.91124e-06           3.91124e-06           3.91124e-06
       leff           5.00391e-07           5.00391e-07           5.00391e-07

 BSIM4v5: Berkeley Short Channel IGFET Model-4
     device m.xdut.xm14.msky130_f m.xdut.xm17.msky130_f m.xdut.xm16.msky130_f
      model xdut.xm14:sky130_fd_p xdut.xm17:sky130_fd_p xdut.xm16:sky130_fd_p
          l                 5e-07                 5e-07                 5e-07
          w                 4e-06                 4e-06                 4e-06
          m                     4                    16                    16
         nf                     1                     1                     1
         sa                     0                     0                     0
         sb                     0                     0                     0
         sd                     0                     0                     0
        sca                     0                     0                     0
        scb                     0                     0                     0
        scc                     0                     0                     0
         sc                     0                     0                     0
        min                     0                     0                     0
         ad                     0                     0                     0
         as                     0                     0                     0
         pd                     0                     0                     0
         ps                     0                     0                     0
        nrd                     0                     0                     0
        nrs                     0                     0                     0
        off                     0                     0                     0
       rbdb                    50                    50                    50
       rbsb                    50                    50                    50
       rbpb                    50                    50                    50
       rbps                    50                    50                    50
       rbpd                    50                    50                    50
     delvto                     0                     0                     0
      mulu0                     1                     1                     1
        xgw                     0                     0                     0
      ngcon                     1                     1                     1
   trnqsmod                     0                     0                     0
   acnqsmod                     0                     0                     0
   rbodymod                     1                     1                     1
   rgatemod                     0                     0                     0
     geomod                     0                     0                     0
    rgeomod                     0                     0                     0
       gmbs           0.000159572           0.000194862           0.000314615
         gm           0.000709576           0.000846353            0.00141524
        gds           5.47869e-06           0.000294494           1.02849e-05
      vdsat              0.111046             0.0750549             0.0802571
        vth              0.651462              0.652926              0.663108
         id           4.97823e-05           4.98638e-05            7.8952e-05
        ibd          -3.02618e-12          -1.19924e-12          -1.23019e-11
        ibs           2.46237e-23           9.73683e-24          -8.68673e-13
        gbd                 4e-12           1.66583e-11               1.6e-11
        gbs           5.19627e-12           2.07851e-11           1.71818e-11
       isub           3.30037e-15           5.08372e-21           4.44336e-15
      igidl                     0                     0                     0
      igisl                     0                     0                     0
        igs                     0                     0                     0
        igd                     0                     0                     0
        igb                     0                     0                     0
       igcs                     0                     0                     0
       igcd                     0                     0                     0
        vbs           9.47744e-12           9.36906e-13            -0.0467617
        vgs              0.746545              0.679897              0.699783
        vds              0.746545             0.0663281              0.712105
        cgg           4.10365e-14           1.76013e-13           1.54589e-13
        cgs          -3.63858e-14           -1.0555e-13          -1.33748e-13
        cgd           4.58562e-17           -5.3504e-14           1.74816e-16
        cbg          -8.51481e-15          -1.78401e-14          -3.41116e-14
        cbd          -2.65672e-18          -3.99188e-14          -5.07928e-18
        cbs           -4.6659e-15          -2.94719e-16          -1.77261e-14
        cdg          -1.30255e-14          -7.60098e-14          -4.82523e-14
        cdd          -6.76549e-18           6.58308e-14          -3.26005e-17
        cds           1.64324e-14           2.97413e-14           6.06344e-14
        csg          -1.94961e-14          -8.21627e-14          -7.22256e-14
        csd           -3.6434e-17           2.75919e-14          -1.37137e-16
        css           2.46193e-14           7.61037e-14           9.08397e-14
        cgb           -4.6965e-15          -1.69583e-14          -2.10162e-14
        cdb          -3.40014e-15          -1.95623e-14          -1.23495e-14
        csb          -5.08672e-15          -2.15329e-14           -1.8477e-14
        cbb           1.31834e-14           5.80536e-14           5.18427e-14
      capbd           2.74479e-15           1.65123e-14            1.0916e-14
      capbs           3.68407e-15           1.47363e-14           1.67696e-14
         qg           3.30795e-14           1.24524e-13           1.25779e-13
         qb          -2.37943e-14          -9.07079e-14          -9.60287e-14
         qd          -3.71754e-15          -1.52421e-14          -1.19114e-14
         qs          -5.56763e-15          -1.85741e-14          -1.78385e-14
       qinv                     0                     0                     0
       qdef                     0                     0                     0
       gcrg                     0                     0                     0
       gtau                     0                     0                     0
    vgsteff             0.0972983             0.0471464             0.0534503
     vdseff               0.10933              0.048288             0.0790091
       cgso           3.96013e-15           1.58405e-14           1.58405e-14
       cgdo           3.96013e-15           1.58405e-14           1.58405e-14
       cgbo            2.0049e-19           8.01962e-19           8.01962e-19
       weff           3.91124e-06           3.91124e-06           3.91124e-06
       leff           5.00391e-07           5.00391e-07           5.00391e-07

 BSIM4v5: Berkeley Short Channel IGFET Model-4
     device m.xdut.xm20.msky130_f m.xdut.xm15.msky130_f m.xdut.xm19.msky130_f
      model xdut.xm20:sky130_fd_p xdut.xm15:sky130_fd_p xdut.xm19:sky130_fd_p
          l                 5e-07                 5e-07                 5e-07
          w                 4e-06                 4e-06                 4e-06
          m                    32                    16                    32
         nf                     1                     1                     1
         sa                     0                     0                     0
         sb                     0                     0                     0
         sd                     0                     0                     0
        sca                     0                     0                     0
        scb                     0                     0                     0
        scc                     0                     0                     0
         sc                     0                     0                     0
        min                     0                     0                     0
         ad                     0                     0                     0
         as                     0                     0                     0
         pd                     0                     0                     0
         ps                     0                     0                     0
        nrd                     0                     0                     0
        nrs                     0                     0                     0
        off                     0                     0                     0
       rbdb                    50                    50                    50
       rbsb                    50                    50                    50
       rbpb                    50                    50                    50
       rbps                    50                    50                    50
       rbpd                    50                    50                    50
     delvto                     0                     0                     0
      mulu0                     1                     1                     1
        xgw                     0                     0                     0
      ngcon                     1                     1                     1
   trnqsmod                     0                     0                     0
   acnqsmod                     0                     0                     0
   rbodymod                     1                     1                     1
   rgatemod                     0                     0                     0
     geomod                     0                     0                     0
    rgeomod                     0                     0                     0
       gmbs           0.000309625            0.00031556           0.000299736
         gm            0.00133788            0.00141818            0.00129436
        gds            0.00104662           1.32557e-05            0.00110252
      vdsat             0.0750365             0.0811355             0.0750346
        vth              0.652968              0.663179              0.652973
         id           8.40176e-05           7.94264e-05           8.18809e-05
        ibd          -1.73735e-12          -8.13948e-12          -1.66887e-12
        ibs           1.41058e-23          -8.34433e-13           1.35498e-23
        gbd           3.43635e-11               1.6e-11           3.45084e-11
        gbs           4.15702e-11           1.72542e-11           4.15702e-11
       isub           4.62434e-21           1.68289e-19            4.1994e-21
      igidl                     0                     0                     0
      igisl                     0                     0                     0
        igs                     0                     0                     0
        igd                     0                     0                     0
        igb                     0                     0                     0
       igcs                     0                     0                     0
       igcd                     0                     0                     0
        vbs           6.78651e-13            -0.0447731           6.51901e-13
        vgs              0.679897              0.701772              0.679897
        vds             0.0467617              0.453945             0.0447731
        cgg           3.61076e-13           1.55146e-13           3.61891e-13
        cgs          -1.90922e-13          -1.34259e-13          -1.88798e-13
        cgd          -1.38235e-13          -1.57661e-17          -1.41354e-13
        cbg          -2.89383e-14          -3.39627e-14          -2.83314e-14
        cbd          -1.03059e-13          -1.44628e-16          -1.05379e-13
        cbs           1.36321e-14          -1.78114e-14           1.51213e-14
        cdg          -1.62597e-13          -4.86685e-14          -1.63538e-13
        cdd           1.67055e-13           2.26254e-16           1.70521e-13
        cds           3.75388e-14           6.09189e-14           3.52831e-14
        csg          -1.69541e-13          -7.25153e-14          -1.70022e-13
        csd           7.42388e-14          -6.58593e-17           7.62116e-14
        css           1.39751e-13            9.1152e-14           1.38393e-13
        cgb          -3.19194e-14          -2.08713e-14          -3.17395e-14
        cdb          -4.19966e-14          -1.24767e-14          -4.22659e-14
        csb          -4.44497e-14          -1.85708e-14          -4.45834e-14
        cbb           1.18366e-13           5.19188e-14           1.18589e-13
      capbd           3.35391e-14           1.24518e-14           3.35925e-14
      capbs           2.94725e-14           1.67962e-14           2.94725e-14
         qg           2.51448e-13           1.26016e-13           2.51726e-13
         qb          -1.79626e-13          -9.59799e-14          -1.79419e-13
         qd          -3.34092e-14          -1.20465e-14          -3.37449e-14
         qs          -3.84125e-14          -1.79899e-14          -3.85621e-14
       qinv                     0                     0                     0
       qdef                     0                     0                     0
       gcrg                     0                     0                     0
       gtau                     0                     0                     0
    vgsteff             0.0471213             0.0546842             0.0471187
     vdseff             0.0370225             0.0790277             0.0356981
       cgso            3.1681e-14           1.58405e-14            3.1681e-14
       cgdo            3.1681e-14           1.58405e-14            3.1681e-14
       cgbo           1.60392e-18           8.01962e-19           1.60392e-18
       weff           3.91124e-06           3.91124e-06           3.91124e-06
       leff           5.00391e-07           5.00391e-07           5.00391e-07

 BSIM4v5: Berkeley Short Channel IGFET Model-4
     device m.xdut.xm21.msky130_f m.xdut.xm22.msky130_f m.xdut.xm23.msky130_f
      model xdut.xm21:sky130_fd_p xdut.xm22:sky130_fd_p xdut.xm23:sky130_fd_p
          l                 5e-07                 5e-07                 5e-07
          w                 8e-06                 8e-06                 2e-05
          m                     4                     4                    16
         nf                     1                     1                     1
         sa                     0                     0                     0
         sb                     0                     0                     0
         sd                     0                     0                     0
        sca                     0                     0                     0
        scb                     0                     0                     0
        scc                     0                     0                     0
         sc                     0                     0                     0
        min                     0                     0                     0
         ad                     0                     0                     0
         as                     0                     0                     0
         pd                     0                     0                     0
         ps                     0                     0                     0
        nrd                     0                     0                     0
        nrs                     0                     0                     0
        off                     0                     0                     0
       rbdb                    50                    50                    50
       rbsb                    50                    50                    50
       rbpb                    50                    50                    50
       rbps                    50                    50                    50
       rbpd                    50                    50                    50
     delvto                     0                     0                     0
      mulu0                     1                     1                     1
        xgw                     0                     0                     0
      ngcon                     1                     1                     1
   trnqsmod                     0                     0                     0
   acnqsmod                     0                     0                     0
   rbodymod                     1                     1                     1
   rgatemod                     0                     0                     0
     geomod                     0                     0                     0
    rgeomod                     0                     0                     0
       gmbs           0.000198385           0.000195345           0.000343543
         gm           0.000890523            0.00087665            0.00144722
        gds           7.67357e-06           8.35862e-06           1.27723e-05
      vdsat             0.0847299             0.0846629              0.049092
        vth              0.638485              0.638618              0.612952
         id            5.0909e-05           4.99814e-05           6.41877e-05
        ibd           -2.8116e-12          -2.34726e-12          -1.52009e-11
        ibs           2.28285e-23           1.90579e-23           2.64105e-22
        gbd                 4e-12                 4e-12               1.6e-11
        gbs           5.19627e-12           5.19627e-12           2.07851e-11
       isub           4.21488e-17           4.74666e-19           8.66385e-12
      igidl                     0                     0                     0
      igisl                     0                     0                     0
        igs                     0                     0                     0
        igd                     0                     0                     0
        igb                     0                     0                     0
       igcs                     0                     0                     0
       igcd                     0                     0                     0
        vbs            8.7865e-12            7.3352e-12           2.54129e-11
        vgs              0.692899              0.692899              0.576816
        vds              0.692899              0.576816              0.940054
        cgg           7.90349e-14           7.90545e-14           7.06477e-13
        cgs            -6.932e-14          -6.93194e-14          -5.68949e-13
        cgd           3.10022e-17           3.65888e-18           5.27064e-16
        cbg          -1.71188e-14          -1.70964e-14          -1.81395e-13
        cbd          -1.45354e-17          -3.45898e-17           6.04085e-17
        cbs          -8.76466e-15           -8.7735e-15          -9.96259e-14
        cdg          -2.48015e-14          -2.48391e-14          -2.10155e-13
        cdd            1.4915e-17           5.21529e-17          -1.86827e-16
        cds           3.12584e-14           3.12705e-14           2.67543e-13
        csg          -3.71146e-14          -3.71189e-14          -3.14928e-13
        csd          -3.13818e-17           -2.1222e-17          -4.00646e-16
        css           4.68263e-14           4.68224e-14           4.01032e-13
        cgb          -9.74582e-15          -9.73873e-15          -1.38055e-13
        cdb          -6.47184e-15          -6.48354e-15          -5.72015e-14
        csb           -9.6803e-15          -9.68227e-15           -8.5704e-14
        cbb            2.5898e-14           2.59045e-14           2.80961e-13
      capbd            5.6641e-15           6.00479e-15           5.08244e-14
      capbs           7.41009e-15           7.41009e-15           7.43526e-14
         qg           6.13309e-14           6.13287e-14           5.80277e-13
         qb          -4.53297e-14           -4.5327e-14           -4.7055e-13
         qd          -6.40719e-15          -6.41079e-15          -4.39124e-14
         qs          -9.59404e-15           -9.5909e-15          -6.58143e-14
       qinv                     0                     0                     0
       qdef                     0                     0                     0
       gcrg                     0                     0                     0
       gtau                     0                     0                     0
    vgsteff             0.0609383             0.0608443             0.0119743
     vdseff             0.0833623             0.0829825             0.0485474
       cgso           7.96536e-15           7.96536e-15           7.99241e-14
       cgdo           7.96536e-15           7.96536e-15           7.99241e-14
       cgbo            2.0049e-19            2.0049e-19           8.01962e-19
       weff           7.91124e-06           7.91124e-06           1.99112e-05
       leff           5.00391e-07           5.00391e-07           5.00391e-07

 BSIM4v5: Berkeley Short Channel IGFET Model-4
     device m.xdut.xm0.msky130_fd m.xdut.xm1.msky130_fd m.xdut.xm2.msky130_fd
      model xdut.xm0:sky130_fd_pr xdut.xm1:sky130_fd_pr xdut.xm2:sky130_fd_pr
          l                 1e-06                 1e-06                 1e-06
          w                 4e-06                 4e-06                 4e-06
          m                     8                     8                     8
         nf                     1                     1                     1
         sa                     0                     0                     0
         sb                     0                     0                     0
         sd                     0                     0                     0
        sca                     0                     0                     0
        scb                     0                     0                     0
        scc                     0                     0                     0
         sc                     0                     0                     0
        min                     0                     0                     0
         ad                     0                     0                     0
         as                     0                     0                     0
         pd                     0                     0                     0
         ps                     0                     0                     0
        nrd                     0                     0                     0
        nrs                     0                     0                     0
        off                     0                     0                     0
       rbdb                    50                    50                    50
       rbsb                    50                    50                    50
       rbpb                    50                    50                    50
       rbps                    50                    50                    50
       rbpd                    50                    50                    50
     delvto                     0                     0                     0
      mulu0                     1                     1                     1
        xgw                     0                     0                     0
      ngcon                     1                     1                     1
   trnqsmod                     0                     0                     0
   acnqsmod                     0                     0                     0
   rbodymod                     1                     1                     1
   rgatemod                     0                     0                     0
     geomod                     0                     0                     0
    rgeomod                     0                     0                     0
       gmbs           0.000111584           0.000111375           0.000111375
         gm           0.000420108           0.000418979           0.000418979
        gds           1.08264e-06           1.18809e-06           1.18809e-06
      vdsat              0.204358              0.204348              0.204348
        vth               1.04141               1.04142               1.04142
         id                 5e-05           4.98638e-05           4.98638e-05
        ibd          -1.00021e-11          -9.04082e-12          -9.04082e-12
        ibs           9.50194e-23           7.67757e-23           7.67757e-23
        gbd                 8e-12                 8e-12                 8e-12
        gbs            1.0269e-11            1.0269e-11            1.0269e-11
       isub           9.21128e-13           2.64722e-13           2.64722e-13
      igidl                     0                     0                     0
      igisl                     0                     0                     0
        igs                     0                     0                     0
        igd                     0                     0                     0
        igb                     0                     0                     0
       igcs                     0                     0                     0
       igcd                     0                     0                     0
        vbs           1.85068e-11           1.49538e-11           1.49538e-11
        vgs               1.24027               1.24027               1.24027
        vds               1.24027                1.1201                1.1201
        cgg           1.65909e-13           1.65919e-13           1.65919e-13
        cgs          -1.53425e-13          -1.53456e-13          -1.53456e-13
        cgd          -6.51447e-18           -1.4156e-17           -1.4156e-17
        cbg          -2.85957e-14          -2.85894e-14          -2.85894e-14
        cbd          -7.88771e-18          -1.19935e-17          -1.19935e-17
        cbs           -2.2652e-14          -2.26607e-14          -2.26607e-14
        cdg          -5.49495e-14          -5.49635e-14          -5.49635e-14
        cdd           1.68922e-17           2.61998e-17           2.61998e-17
        cds           7.04525e-14           7.04734e-14           7.04734e-14
        csg          -8.23636e-14          -8.23665e-14          -8.23665e-14
        csd          -2.49006e-18          -5.02598e-20          -5.02598e-20
        css           1.05625e-13           1.05643e-13           1.05643e-13
        cgb          -1.24772e-14          -1.24492e-14          -1.24492e-14
        cdb          -1.55199e-14          -1.55361e-14          -1.55361e-14
        csb          -2.32586e-14          -2.32769e-14          -2.32769e-14
        cbb           5.12557e-14           5.12622e-14           5.12622e-14
      capbd           4.52748e-15           4.72471e-15           4.72471e-15
      capbs           4.73702e-15           4.73702e-15           4.73702e-15
         qg           1.44364e-13           1.44365e-13           1.44365e-13
         qb          -9.84708e-14          -9.84696e-14          -9.84696e-14
         qd          -1.83634e-14           -1.8366e-14           -1.8366e-14
         qs          -2.75299e-14          -2.75297e-14          -2.75297e-14
       qinv                     0                     0                     0
       qdef                    -0                    -0                    -0
       gcrg                     0                     0                     0
       gtau                     0                     0                     0
    vgsteff              0.201986              0.201975              0.201975
     vdseff              0.202407              0.202146              0.202146
       cgso           2.65073e-15           2.65073e-15           2.65073e-15
       cgdo           2.60701e-15           2.63094e-15           2.63094e-15
       cgbo                     0                     0                     0
       weff           3.94035e-06           3.94035e-06           3.94035e-06
       leff           1.05224e-06           1.05224e-06           1.05224e-06

 BSIM4v5: Berkeley Short Channel IGFET Model-4
     device m.xdut.xm3.msky130_fd m.xdut.xm4.msky130_fd m.xdut.xm8.msky130_fd
      model xdut.xm3:sky130_fd_pr xdut.xm4:sky130_fd_pr xdut.xm8:sky130_fd_pr
          l                 1e-06                 1e-06                 5e-07
          w                 4e-06                 4e-06                 2e-05
          m                     8                    32                     8
         nf                     1                     1                     1
         sa                     0                     0                     0
         sb                     0                     0                     0
         sd                     0                     0                     0
        sca                     0                     0                     0
        scb                     0                     0                     0
        scc                     0                     0                     0
         sc                     0                     0                     0
        min                     0                     0                     0
         ad                     0                     0                     0
         as                     0                     0                     0
         pd                     0                     0                     0
         ps                     0                     0                     0
        nrd                     0                     0                     0
        nrs                     0                     0                     0
        off                     0                     0                     0
       rbdb                    50                    50                    50
       rbsb                    50                    50                    50
       rbpb                    50                    50                    50
       rbps                    50                    50                    50
       rbpd                    50                    50                    50
     delvto                     0                     0                     0
      mulu0                     1                     1                     1
        xgw                     0                     0                     0
      ngcon                     1                     1                     1
   trnqsmod                     0                     0                     0
   acnqsmod                     0                     0                     0
   rbodymod                     1                     1                     1
   rgatemod                     0                     0                     0
     geomod                     0                     0                     0
    rgeomod                     0                     0                     0
       gmbs           0.000111244           1.05074e-05           1.24165e-05
         gm           0.000418293           3.66098e-05           4.46582e-05
        gds           1.25869e-06            0.00171871           2.25047e-07
      vdsat              0.204343              0.204262             0.0468904
        vth               1.04143               1.04153               1.01289
         id           4.97823e-05           7.52015e-06           2.45448e-06
        ibd          -8.50764e-12            -1.754e-13          -1.40872e-11
        ibs           7.00948e-23           1.39543e-24           1.61812e-22
        gbd                 8e-12           4.00279e-11                 8e-12
        gbs            1.0269e-11           4.10759e-11            1.0269e-11
       isub           1.14901e-13           2.52184e-28           3.04042e-12
      igidl                     0                     0           8.51453e-16
      igisl                     0                     0                     0
        igs                     0                     0                     0
        igd                     0                     0                     0
        igb                     0                     0                     0
       igcs                     0                     0                     0
       igcd                     0                     0                     0
        vbs           1.36526e-11           6.83897e-14           3.15152e-11
        vgs               1.24027               1.24027              0.855619
        vds               1.05345            0.00432645                1.7509
        cgg           1.65928e-13           8.41351e-13           2.44867e-13
        cgs          -1.53475e-13          -3.97702e-13          -1.54023e-13
        cgd           -2.0289e-17          -4.35558e-13           3.46101e-16
        cbg          -2.85846e-14          -1.88705e-14          -1.03744e-13
        cbd          -1.52889e-17          -2.34047e-13           6.44604e-17
        cbs          -2.26663e-14           1.12299e-14          -2.79737e-14
        cdg          -5.49742e-14          -4.11087e-13          -5.64568e-14
        cdd           3.36632e-17           4.47219e-13          -1.63018e-16
        cds           7.04866e-14           8.05508e-14           7.28075e-14
        csg           -8.2369e-14          -4.11394e-13          -8.46663e-14
        csd           1.91471e-18           2.22386e-13          -2.47544e-16
        css           1.05654e-13           3.05922e-13           1.09189e-13
        cgb          -1.24329e-14          -8.09045e-15          -9.11905e-14
        cdb          -1.55461e-14          -1.16683e-13          -1.61877e-14
        csb          -2.32873e-14          -1.16914e-13          -2.42755e-14
        cbb           5.12663e-14           2.41688e-13           1.31654e-13
      capbd           4.84201e-15           3.21911e-14           1.94258e-14
      capbs           4.73702e-15           1.89481e-14           2.39009e-14
         qg           1.44366e-13           6.35126e-13           2.33861e-13
         qb          -9.84687e-14          -3.62875e-13          -2.13076e-13
         qd           -1.8368e-14          -1.35638e-13          -8.31503e-15
         qs          -2.75298e-14          -1.36613e-13          -1.24699e-14
       qinv                     0                     0                     0
       qdef                    -0                    -0                    -0
       gcrg                     0                     0                     0
       gtau                     0                     0                     0
    vgsteff              0.201968              0.201868            0.00409452
     vdseff              0.201971            0.00412057             0.0466168
       cgso           2.65073e-15           1.06029e-14           1.33726e-14
       cgdo           2.63821e-15           1.06029e-14           1.23056e-14
       cgbo                     0                     0                     0
       weff           3.94035e-06           3.94035e-06           1.99404e-05
       leff           1.05224e-06           1.05224e-06           5.52243e-07

 BSIM4v5: Berkeley Short Channel IGFET Model-4
     device m.xdut.xm9.msky130_fd m.xdut.xm5.msky130_fd m.xdut.xm6.msky130_fd
      model xdut.xm9:sky130_fd_pr xdut.xm5:sky130_fd_pr xdut.xm6:sky130_fd_pr
          l                 5e-07                 1e-06                 1e-06
          w                 2e-05                 4e-06                 4e-06
          m                     8                     8                     8
         nf                     1                     1                     1
         sa                     0                     0                     0
         sb                     0                     0                     0
         sd                     0                     0                     0
        sca                     0                     0                     0
        scb                     0                     0                     0
        scc                     0                     0                     0
         sc                     0                     0                     0
        min                     0                     0                     0
         ad                     0                     0                     0
         as                     0                     0                     0
         pd                     0                     0                     0
         ps                     0                     0                     0
        nrd                     0                     0                     0
        nrs                     0                     0                     0
        off                     0                     0                     0
       rbdb                    50                    50                    50
       rbsb                    50                    50                    50
       rbpb                    50                    50                    50
       rbps                    50                    50                    50
       rbpd                    50                    50                    50
     delvto                     0                     0                     0
      mulu0                     1                     1                     1
        xgw                     0                     0                     0
      ngcon                     1                     1                     1
   trnqsmod                     0                     0                     0
   acnqsmod                     0                     0                     0
   rbodymod                     1                     1                     1
   rgatemod                     0                     0                     0
     geomod                     0                     0                     0
    rgeomod                     0                     0                     0
       gmbs           2.52532e-05           0.000142567           0.000141949
         gm            9.1458e-05           0.000540981           0.000537653
        gds           4.57935e-07           1.63597e-06           2.04874e-06
      vdsat             0.0500923              0.251941               0.25192
        vth                1.0129                1.0414               1.04143
         id           5.06563e-06           7.94264e-05            7.8952e-05
        ibd          -1.40713e-11          -1.04903e-11          -8.40907e-12
        ibs           2.11602e-22           1.10798e-22           6.87039e-23
        gbd                 8e-12                 8e-12                 8e-12
        gbs            1.0269e-11            1.0269e-11            1.0269e-11
       isub            6.1517e-12           1.66035e-12           7.76583e-14
      igidl           3.14555e-16                     0                     0
      igisl                     0                     0                     0
        igs                     0                     0                     0
        igd                     0                     0                     0
        igb                     0                     0                     0
       igcs                     0                     0                     0
       igcd                     0                     0                     0
        vbs           4.12121e-11           2.15798e-11           1.33817e-11
        vgs              0.895674               1.30128               1.30128
        vds               1.74891               1.30128               1.04113
        cgg           2.71508e-13           1.71326e-13           1.71358e-13
        cgs          -1.89942e-13          -1.60733e-13          -1.60806e-13
        cgd           4.27497e-16          -7.81049e-18          -3.20337e-17
        cbg          -9.86861e-14          -2.81003e-14          -2.80821e-14
        cbd           7.49679e-17          -8.84389e-18          -2.18593e-17
        cbs           -3.2475e-14          -2.26521e-14          -2.26732e-14
        cdg          -6.91383e-14          -5.73154e-14          -5.73561e-14
        cdd          -1.99383e-16           1.89205e-17           4.84063e-17
        cds           8.89776e-14           7.33754e-14           7.34262e-14
        csg          -1.03684e-13          -8.59105e-14          -8.59201e-14
        csd          -3.03082e-16          -2.26615e-18           5.48666e-18
        css           1.33439e-13           1.10009e-13           1.10053e-13
        cgb          -8.19941e-14          -1.05859e-14          -1.05201e-14
        cdb          -1.96398e-14           -1.6079e-14          -1.61185e-14
        csb          -2.94522e-14          -2.40964e-14          -2.41386e-14
        cbb           1.31086e-13           5.07612e-14           5.07772e-14
      capbd           1.94371e-14           4.43374e-15           4.86436e-15
      capbs           2.39009e-14           4.73702e-15           4.73702e-15
         qg           2.44194e-13           1.54661e-13           1.54665e-13
         qb          -2.17129e-13            -1.002e-13          -1.00196e-13
         qd          -1.08272e-14          -2.17914e-14          -2.17995e-14
         qs          -1.62372e-14          -3.26698e-14            -3.267e-14
       qinv                     0                     0                     0
       qdef                    -0                    -0                    -0
       gcrg                     0                     0                     0
       gtau                     0                     0                     0
    vgsteff            0.00792427              0.261123              0.261097
     vdseff             0.0497992              0.249568              0.248781
       cgso           1.33729e-14           2.65075e-15           2.65075e-15
       cgdo           1.23212e-14           2.60701e-15           2.64302e-15
       cgbo                     0                     0                     0
       weff           1.99404e-05           3.94035e-06           3.94035e-06
       leff           5.52243e-07           1.05224e-06           1.05224e-06

 BSIM4v5: Berkeley Short Channel IGFET Model-4
     device m.xdut.xm10.msky130_f m.xdut.xm7.msky130_fd m.xdut.xm11.msky130_f
      model xdut.xm10:sky130_fd_p xdut.xm7:sky130_fd_pr xdut.xm11:sky130_fd_p
          l                 5e-07                 1e-06                 5e-07
          w               1.6e-05                 4e-06                 1e-05
          m                     8                     8                    16
         nf                     1                     1                     1
         sa                     0                     0                     0
         sb                     0                     0                     0
         sd                     0                     0                     0
        sca                     0                     0                     0
        scb                     0                     0                     0
        scc                     0                     0                     0
         sc                     0                     0                     0
        min                     0                     0                     0
         ad                     0                     0                     0
         as                     0                     0                     0
         pd                     0                     0                     0
         ps                     0                     0                     0
        nrd                     0                     0                     0
        nrs                     0                     0                     0
        off                     0                     0                     0
       rbdb                    50                    50                    50
       rbsb                    50                    50                    50
       rbpb                    50                    50                    50
       rbps                    50                    50                    50
       rbpd                    50                    50                    50
     delvto                     0                     0                     0
      mulu0                     1                     1                     1
        xgw                     0                     0                     0
      ngcon                     1                     1                     1
   trnqsmod                     0                     0                     0
   acnqsmod                     0                     0                     0
   rbodymod                     1                     1                     1
   rgatemod                     0                     0                     0
     geomod                     0                     0                     0
    rgeomod                     0                     0                     0
       gmbs           0.000221066           0.000111556             0.0002774
         gm           0.000827011           0.000419955            0.00103929
        gds           4.73101e-06           1.09619e-06           6.61687e-06
      vdsat             0.0908794              0.204356             0.0916203
        vth               1.01406               1.04141               1.01264
         id            5.0909e-05           4.99814e-05           6.41887e-05
        ibd          -8.93681e-12          -9.86547e-12          -1.39191e-11
        ibs           8.62088e-23           9.17336e-23           1.12367e-22
        gbd                 8e-12                 8e-12               1.6e-11
        gbs            1.0269e-11            1.0269e-11            2.0538e-11
       isub           9.04719e-13           7.84686e-13           4.40483e-14
      igidl                     0                     0                     0
      igisl                     0                     0                     0
        igs                     0                     0                     0
        igd                     0                     0                     0
        igb                     0                     0                     0
       igcs                     0                     0                     0
       igcd                     0                     0                     0
        vbs           1.67908e-11            1.7867e-11            1.0943e-11
        vgs               1.04113               1.24027               1.04113
        vds                1.1071               1.22318              0.859946
        cgg           2.95532e-13            1.6591e-13           3.69679e-13
        cgs          -2.55552e-13          -1.53429e-13              -3.2e-13
        cgd           5.60738e-16          -7.39971e-18           6.70348e-16
        cbg           -6.7717e-14           -2.8595e-14          -8.43586e-14
        cbd           7.37605e-17          -8.36335e-18           7.25613e-17
        cbs          -3.58688e-14          -2.26532e-14          -4.48373e-14
        cdg          -9.11643e-14          -5.49512e-14          -1.14213e-13
        cdd          -2.40788e-16            1.7971e-17          -2.60728e-16
        cds           1.16605e-13           7.04553e-14            1.4601e-13
        csg          -1.36651e-13          -8.23639e-14          -1.71107e-13
        csd          -3.93711e-16          -2.20796e-18           -4.8218e-16
        css           1.74815e-13           1.05627e-13           2.18828e-13
        cgb          -4.05415e-14          -1.24733e-14          -5.03491e-14
        cdb          -2.52002e-14          -1.55221e-14          -3.15361e-14
        csb          -3.77703e-14          -2.32611e-14          -4.72382e-14
        cbb           1.03512e-13           5.12565e-14           1.29123e-13
      capbd           1.91507e-14           4.55447e-15           2.62769e-14
      capbs           1.91099e-14           4.73702e-15           2.38469e-14
         qg           2.32559e-13           1.44364e-13           2.90816e-13
         qb          -1.84283e-13          -9.84706e-14          -2.30149e-13
         qd          -1.93176e-14          -1.83637e-14          -2.42814e-14
         qs          -2.89591e-14          -2.75298e-14          -3.63849e-14
       qinv                     0                     0                     0
       qdef                    -0                    -0                    -0
       gcrg                     0                     0                     0
       gtau                     0                     0                     0
    vgsteff              0.056905              0.201984             0.0577822
     vdseff             0.0899946              0.202374             0.0904449
       cgso           1.06929e-14           2.65073e-15           1.33435e-14
       cgdo           1.04396e-14           2.61136e-15           1.32787e-14
       cgbo                     0                     0                     0
       weff           1.59404e-05           3.94035e-06           9.94035e-06
       leff           5.52243e-07           1.05224e-06           5.52243e-07

