1.0000000000E+00  1.7997867636E+02
1.0471285500E+00  1.7997767140E+02
1.0964782000E+00  1.7997661909E+02
1.1481536200E+00  1.7997551718E+02
1.2022644300E+00  1.7997436334E+02
1.2589254100E+00  1.7997315512E+02
1.3182567400E+00  1.7997188996E+02
1.3803842600E+00  1.7997056518E+02
1.4454397700E+00  1.7996917796E+02
1.5135612500E+00  1.7996772536E+02
1.5848931900E+00  1.7996620431E+02
1.6595869100E+00  1.7996461156E+02
1.7378008300E+00  1.7996294376E+02
1.8197008600E+00  1.7996119735E+02
1.9054607200E+00  1.7995936864E+02
1.9952623100E+00  1.7995745374E+02
2.0892961300E+00  1.7995544860E+02
2.1877616200E+00  1.7995334896E+02
2.2908676500E+00  1.7995115037E+02
2.3988329200E+00  1.7994884815E+02
2.5118864300E+00  1.7994643744E+02
2.6302679900E+00  1.7994391312E+02
2.7542287000E+00  1.7994126983E+02
2.8840315000E+00  1.7993850196E+02
3.0199517200E+00  1.7993560365E+02
3.1622776600E+00  1.7993256875E+02
3.3113112100E+00  1.7992939081E+02
3.4673685000E+00  1.7992606311E+02
3.6307805500E+00  1.7992257858E+02
3.8018939600E+00  1.7991892982E+02
3.9810717100E+00  1.7991510911E+02
4.1686938300E+00  1.7991110833E+02
4.3651583200E+00  1.7990691900E+02
4.5708819000E+00  1.7990253224E+02
4.7863009200E+00  1.7989793873E+02
5.0118723400E+00  1.7989312874E+02
5.2480746000E+00  1.7988809207E+02
5.4954087400E+00  1.7988281802E+02
5.7543993700E+00  1.7987729542E+02
6.0255958600E+00  1.7987151255E+02
6.3095734400E+00  1.7986545715E+02
6.6069344800E+00  1.7985911636E+02
6.9183097100E+00  1.7985247675E+02
7.2443596000E+00  1.7984552423E+02
7.5857757500E+00  1.7983824405E+02
7.9432823500E+00  1.7983062077E+02
8.3176377100E+00  1.7982263822E+02
8.7096359000E+00  1.7981427947E+02
9.1201083900E+00  1.7980552680E+02
9.5499258600E+00  1.7979636164E+02
1.0000000000E+01  1.7978676454E+02
1.0471285500E+01  1.7977671516E+02
1.0964782000E+01  1.7976619219E+02
1.1481536200E+01  1.7975517330E+02
1.2022644300E+01  1.7974363512E+02
1.2589254100E+01  1.7973155319E+02
1.3182567400E+01  1.7971890188E+02
1.3803842600E+01  1.7970565436E+02
1.4454397700E+01  1.7969178254E+02
1.5135612500E+01  1.7967725700E+02
1.5848931900E+01  1.7966204693E+02
1.6595869100E+01  1.7964612009E+02
1.7378008300E+01  1.7962944270E+02
1.8197008600E+01  1.7961197939E+02
1.9054607200E+01  1.7959369314E+02
1.9952623100E+01  1.7957454518E+02
2.0892961300E+01  1.7955449490E+02
2.1877616200E+01  1.7953349980E+02
2.2908676500E+01  1.7951151536E+02
2.3988329200E+01  1.7948849498E+02
2.5118864300E+01  1.7946438987E+02
2.6302679900E+01  1.7943914891E+02
2.7542287000E+01  1.7941271862E+02
2.8840315000E+01  1.7938504298E+02
3.0199517200E+01  1.7935606333E+02
3.1622776600E+01  1.7932571827E+02
3.3113112100E+01  1.7929394349E+02
3.4673685000E+01  1.7926067168E+02
3.6307805500E+01  1.7922583235E+02
3.8018939600E+01  1.7918935171E+02
3.9810717100E+01  1.7915115249E+02
4.1686938300E+01  1.7911115380E+02
4.3651583200E+01  1.7906927097E+02
4.5708819000E+01  1.7902541532E+02
4.7863009200E+01  1.7897949405E+02
5.0118723400E+01  1.7893140997E+02
5.2480746000E+01  1.7888106138E+02
5.4954087400E+01  1.7882834178E+02
5.7543993700E+01  1.7877313971E+02
6.0255958600E+01  1.7871533849E+02
6.3095734400E+01  1.7865481598E+02
6.6069344800E+01  1.7859144435E+02
6.9183097100E+01  1.7852508980E+02
7.2443596000E+01  1.7845561229E+02
7.5857757500E+01  1.7838286528E+02
7.9432823500E+01  1.7830669540E+02
8.3176377100E+01  1.7822694216E+02
8.7096359000E+01  1.7814343762E+02
9.1201083900E+01  1.7805600609E+02
9.5499258600E+01  1.7796446374E+02
1.0000000000E+02  1.7786861827E+02
1.0471285500E+02  1.7776826852E+02
1.0964782000E+02  1.7766320411E+02
1.1481536200E+02  1.7755320503E+02
1.2022644300E+02  1.7743804118E+02
1.2589254100E+02  1.7731747200E+02
1.3182567400E+02  1.7719124604E+02
1.3803842600E+02  1.7705910049E+02
1.4454397700E+02  1.7692076063E+02
1.5135612500E+02  1.7677593951E+02
1.5848931900E+02  1.7662433736E+02
1.6595869100E+02  1.7646564110E+02
1.7378008300E+02  1.7629952387E+02
1.8197008600E+02  1.7612564451E+02
1.9054607200E+02  1.7594364701E+02
1.9952623100E+02  1.7575316006E+02
2.0892961300E+02  1.7555379643E+02
2.1877616200E+02  1.7534515263E+02
2.2908676500E+02  1.7512680821E+02
2.3988329200E+02  1.7489832546E+02
2.5118864300E+02  1.7465924883E+02
2.6302679900E+02  1.7440910456E+02
2.7542287000E+02  1.7414740022E+02
2.8840315000E+02  1.7387362446E+02
3.0199517200E+02  1.7358724659E+02
3.1622776600E+02  1.7328771651E+02
3.3113112100E+02  1.7297446441E+02
3.4673685000E+02  1.7264690084E+02
3.6307805500E+02  1.7230441671E+02
3.8018939600E+02  1.7194638362E+02
3.9810717100E+02  1.7157215403E+02
4.1686938300E+02  1.7118106208E+02
4.3651583200E+02  1.7077242405E+02
4.5708819000E+02  1.7034553966E+02
4.7863009200E+02  1.6989969319E+02
5.0118723400E+02  1.6943415508E+02
5.2480746000E+02  1.6894818401E+02
5.4954087400E+02  1.6844102904E+02
5.7543993700E+02  1.6791193262E+02
6.0255958600E+02  1.6736013367E+02
6.3095734400E+02  1.6678487152E+02
6.6069344800E+02  1.6618539018E+02
6.9183097100E+02  1.6556094345E+02
7.2443596000E+02  1.6491080052E+02
7.5857757500E+02  1.6423425242E+02
7.9432823500E+02  1.6353061908E+02
8.3176377100E+02  1.6279925734E+02
8.7096359000E+02  1.6203956952E+02
9.1201083900E+02  1.6125101299E+02
9.5499258600E+02  1.6043311026E+02
1.0000000000E+03  1.5958545998E+02
1.0471285500E+03  1.5870774840E+02
1.0964782000E+03  1.5779976150E+02
1.1481536200E+03  1.5686139739E+02
1.2022644300E+03  1.5589267852E+02
1.2589254100E+03  1.5489376457E+02
1.3182567400E+03  1.5386496466E+02
1.3803842600E+03  1.5280674880E+02
1.4454397700E+03  1.5171975781E+02
1.5135612500E+03  1.5060481350E+02
1.5848931900E+03  1.4946292540E+02
1.6595869100E+03  1.4829529569E+02
1.7378008300E+03  1.4710332267E+02
1.8197008600E+03  1.4588859955E+02
1.9054607200E+03  1.4465291145E+02
1.9952623100E+03  1.4339822828E+02
2.0892961300E+03  1.4212669370E+02
2.1877616200E+03  1.4084061181E+02
2.2908676500E+03  1.3954242844E+02
2.3988329200E+03  1.3823471079E+02
2.5118864300E+03  1.3692012342E+02
2.6302679900E+03  1.3560140171E+02
2.7542287000E+03  1.3428132414E+02
2.8840315000E+03  1.3296268291E+02
3.0199517200E+03  1.3164825454E+02
3.1622776600E+03  1.3034077077E+02
3.3113112100E+03  1.2904289052E+02
3.4673685000E+03  1.2775717365E+02
3.6307805500E+03  1.2648605742E+02
3.8018939600E+03  1.2523183576E+02
3.9810717100E+03  1.2399664125E+02
4.1686938300E+03  1.2278243181E+02
4.3651583200E+03  1.2159097955E+02
4.5708819000E+03  1.2042386460E+02
4.7863009200E+03  1.1928247149E+02
5.0118723400E+03  1.1816798882E+02
5.2480746000E+03  1.1708141246E+02
5.4954087400E+03  1.1602355040E+02
5.7543993700E+03  1.1499503063E+02
6.0255958600E+03  1.1399631002E+02
6.3095734400E+03  1.1302768519E+02
6.6069344800E+03  1.1208930381E+02
6.9183097100E+03  1.1118117703E+02
7.2443596000E+03  1.1030319180E+02
7.5857757500E+03  1.0945512349E+02
7.9432823500E+03  1.0863664824E+02
8.3176377100E+03  1.0784735504E+02
8.7096359000E+03  1.0708675704E+02
9.1201083900E+03  1.0635430260E+02
9.5499258600E+03  1.0564938528E+02
1.0000000000E+04  1.0497135337E+02
1.0471285500E+04  1.0431951838E+02
1.0964782000E+04  1.0369316305E+02
1.1481536200E+04  1.0309154836E+02
1.2022644300E+04  1.0251391966E+02
1.2589254100E+04  1.0195951254E+02
1.3182567400E+04  1.0142755783E+02
1.3803842600E+04  1.0091728581E+02
1.4454397700E+04  1.0042792973E+02
1.5135612500E+04  9.9958729518E+01
1.5848931900E+04  9.9508934193E+01
1.6595869100E+04  9.9077804108E+01
1.7378008300E+04  9.8664613168E+01
1.8197008600E+04  9.8268650065E+01
1.9054607200E+04  9.7889219705E+01
1.9952623100E+04  9.7525644157E+01
2.0892961300E+04  9.7177263243E+01
2.1877616200E+04  9.6843435306E+01
2.2908676500E+04  9.6523537283E+01
2.3988329200E+04  9.6216965038E+01
2.5118864300E+04  9.5923133359E+01
2.6302679900E+04  9.5641475815E+01
2.7542287000E+04  9.5371444650E+01
2.8840315000E+04  9.5112510473E+01
3.0199517200E+04  9.4864161934E+01
3.1622776600E+04  9.4625905341E+01
3.3113112100E+04  9.4397264197E+01
3.4673685000E+04  9.4177778706E+01
3.6307805500E+04  9.3967005301E+01
3.8018939600E+04  9.3764516111E+01
3.9810717100E+04  9.3569898337E+01
4.1686938300E+04  9.3382753800E+01
4.3651583200E+04  9.3202698248E+01
4.5708819000E+04  9.3029360874E+01
4.7863009200E+04  9.2862383707E+01
5.0118723400E+04  9.2701420996E+01
5.2480746000E+04  9.2546138707E+01
5.4954087400E+04  9.2396213879E+01
5.7543993700E+04  9.2251334123E+01
6.0255958600E+04  9.2111197017E+01
6.3095734400E+04  9.1975509595E+01
6.6069344800E+04  9.1843987772E+01
6.9183097100E+04  9.1716355844E+01
7.2443596000E+04  9.1592345944E+01
7.5857757500E+04  9.1471697530E+01
7.9432823500E+04  9.1354156889E+01
8.3176377100E+04  9.1239476637E+01
8.7096359000E+04  9.1127415223E+01
9.1201083900E+04  9.1017736463E+01
9.5499258600E+04  9.0910209052E+01
1.0000000000E+05  9.0804606115E+01
1.0471285500E+05  9.0700704733E+01
1.0964782000E+05  9.0598285507E+01
1.1481536200E+05  9.0497132114E+01
1.2022644300E+05  9.0397030819E+01
1.2589254100E+05  9.0297770089E+01
1.3182567400E+05  9.0199140160E+01
1.3803842600E+05  9.0100932594E+01
1.4454397700E+05  9.0002939802E+01
1.5135612500E+05  8.9904954713E+01
1.5848931900E+05  8.9806770290E+01
1.6595869100E+05  8.9708179087E+01
1.7378008300E+05  8.9608972896E+01
1.8197008600E+05  8.9508942250E+01
1.9054607200E+05  8.9407876040E+01
1.9952623100E+05  8.9305561083E+01
2.0892961300E+05  8.9201781655E+01
2.1877616200E+05  8.9096319128E+01
2.2908676500E+05  8.8988951464E+01
2.3988329200E+05  8.8879452819E+01
2.5118864300E+05  8.8767593098E+01
2.6302679900E+05  8.8653137475E+01
2.7542287000E+05  8.8535845979E+01
2.8840315000E+05  8.8415473015E+01
3.0199517200E+05  8.8291766916E+01
3.1622776600E+05  8.8164469475E+01
3.3113112100E+05  8.8033315476E+01
3.4673685000E+05  8.7898032207E+01
3.6307805500E+05  8.7758339010E+01
3.8018939600E+05  8.7613946807E+01
3.9810717100E+05  8.7464557571E+01
4.1686938300E+05  8.7309863935E+01
4.3651583200E+05  8.7149548615E+01
4.5708819000E+05  8.6983284028E+01
4.7863009200E+05  8.6810731798E+01
5.0118723400E+05  8.6631542264E+01
5.2480746000E+05  8.6445354120E+01
5.4954087400E+05  8.6251793913E+01
5.7543993700E+05  8.6050475716E+01
6.0255958600E+05  8.5841000702E+01
6.3095734400E+05  8.5622956863E+01
6.6069344800E+05  8.5395918677E+01
6.9183097100E+05  8.5159446918E+01
7.2443596000E+05  8.4913088452E+01
7.5857757500E+05  8.4656376152E+01
7.9432823500E+05  8.4388828893E+01
8.3176377100E+05  8.4109951657E+01
8.7096359000E+05  8.3819235720E+01
9.1201083900E+05  8.3516159049E+01
9.5499258600E+05  8.3200186776E+01
1.0000000000E+06  8.2870771933E+01
1.0471285500E+06  8.2527356321E+01
1.0964782000E+06  8.2169371705E+01
1.1481536200E+06  8.1796241231E+01
1.2022644300E+06  8.1407380977E+01
1.2589254100E+06  8.1002202155E+01
1.3182567400E+06  8.0580113544E+01
1.3803842600E+06  8.0140524264E+01
1.4454397700E+06  7.9682846803E+01
1.5135612500E+06  7.9206501169E+01
1.5848931900E+06  7.8710918879E+01
1.6595869100E+06  7.8195547663E+01
1.7378008300E+06  7.7659857186E+01
1.8197008600E+06  7.7103344642E+01
1.9054607200E+06  7.6525541541E+01
1.9952623100E+06  7.5926020868E+01
2.0892961300E+06  7.5304404606E+01
2.1877616200E+06  7.4660372460E+01
2.2908676500E+06  7.3993670183E+01
2.3988329200E+06  7.3304119028E+01
2.5118864300E+06  7.2591625129E+01
2.6302679900E+06  7.1856188881E+01
2.7542287000E+06  7.1097914557E+01
2.8840315000E+06  7.0317019311E+01
3.0199517200E+06  6.9513841716E+01
3.1622776600E+06  6.8688849350E+01
3.3113112100E+06  6.7842645037E+01
3.4673685000E+06  6.6975971414E+01
3.6307805500E+06  6.6089713635E+01
3.8018939600E+06  6.5184899566E+01
3.9810717100E+06  6.4262696770E+01
4.1686938300E+06  6.3324407228E+01
4.3651583200E+06  6.2371457540E+01
4.5708819000E+06  6.1405386622E+01
4.7863009200E+06  6.0427829147E+01
5.0118723400E+06  5.9440495344E+01
5.2480746000E+06  5.8445148173E+01
5.4954087400E+06  5.7443576697E+01
5.7543993700E+06  5.6437567986E+01
6.0255958600E+06  5.5428876732E+01
6.3095734400E+06  5.4419194753E+01
6.6069344800E+06  5.3410120322E+01
6.9183097100E+06  5.2403129340E+01
7.2443596000E+06  5.1399548660E+01
7.5857757500E+06  5.0400533212E+01
7.9432823500E+06  4.9407047731E+01
8.3176377100E+06  4.8419853965E+01
8.7096359000E+06  4.7439503989E+01
9.1201083900E+06  4.6466340350E+01
9.5499258600E+06  4.5500502835E+01
1.0000000000E+07  4.4541942201E+01
1.0471285500E+07  4.3590440027E+01
1.0964782000E+07  4.2645634518E+01
1.1481536200E+07  4.1707050900E+01
1.2022644300E+07  4.0774134988E+01
1.2589254100E+07  3.9846289833E+01
1.3182567400E+07  3.8922912766E+01
1.3803842600E+07  3.8003431644E+01
1.4454397700E+07  3.7087338644E+01
1.5135612500E+07  3.6174221976E+01
1.5848931900E+07  3.5263791591E+01
1.6595869100E+07  3.4355899849E+01
1.7378008300E+07  3.3450556837E+01
1.8197008600E+07  3.2547937956E+01
1.9054607200E+07  3.1648386075E+01
1.9952623100E+07  3.0752407060E+01
2.0892961300E+07  2.9860659312E+01
2.1877616200E+07  2.8973939336E+01
2.2908676500E+07  2.8093162011E+01
2.3988329200E+07  2.7219338900E+01
2.5118864300E+07  2.6353554140E+01
2.6302679900E+07  2.5496939307E+01
2.7542287000E+07  2.4650648788E+01
2.8840315000E+07  2.3815835722E+01
3.0199517200E+07  2.2993629824E+01
3.1622776600E+07  2.2185117412E+01
3.3113112100E+07  2.1391324027E+01
3.4673685000E+07  2.0613199972E+01
3.6307805500E+07  1.9851609013E+01
3.8018939600E+07  1.9107319994E+01
3.9810717100E+07  1.8381000965E+01
4.1686938300E+07  1.7673216661E+01
4.3651583200E+07  1.6984427441E+01
4.5708819000E+07  1.6314991090E+01
4.7863009200E+07  1.5665165858E+01
5.0118723400E+07  1.5035114825E+01
5.2480746000E+07  1.4424911806E+01
5.4954087400E+07  1.3834547419E+01
5.7543993700E+07  1.3263936231E+01
6.0255958600E+07  1.2712923733E+01
6.3095734400E+07  1.2181293760E+01
6.6069344800E+07  1.1668775556E+01
6.9183097100E+07  1.1175050876E+01
7.2443596000E+07  1.0699760606E+01
7.5857757500E+07  1.0242511109E+01
7.9432823500E+07  9.8028801373E+00
8.3176377100E+07  9.3804222848E+00
8.7096359000E+07  8.9746739393E+00
9.1201083900E+07  8.5851578476E+00
9.5499258600E+07  8.2113871259E+00
1.0000000000E+08  7.8528689192E+00
1.0471285500E+08  7.5091075483E+00
1.0964782000E+08  7.1796073664E+00
1.1481536200E+08  6.8638751835E+00
1.2022644300E+08  6.5614222300E+00
1.2589254100E+08  6.2717660906E+00
1.3182567400E+08  5.9944322072E+00
1.3803842600E+08  5.7289550898E+00
1.4454397700E+08  5.4748792127E+00
1.5135612500E+08  5.2317600905E+00
1.5848931900E+08  4.9991647583E+00
1.6595869100E+08  4.7766722349E+00
1.7378008300E+08  4.5638740350E+00
1.8197008600E+08  4.3603742383E+00
1.9054607200E+08  4.1657897172E+00
1.9952623100E+08  3.9797501690E+00
2.0892961300E+08  3.8018980164E+00
2.1877616200E+08  3.6318884415E+00
2.2908676500E+08  3.4693891065E+00
2.3988329200E+08  3.3140800432E+00
2.5118864300E+08  3.1656534056E+00
2.6302679900E+08  3.0238131809E+00
2.7542287000E+08  2.8882749452E+00
2.8840315000E+08  2.7587655411E+00
3.0199517200E+08  2.6350227721E+00
3.1622776600E+08  2.5167950806E+00
3.3113112100E+08  2.4038412092E+00
3.4673685000E+08  2.2959298605E+00
3.6307805500E+08  2.1928393777E+00
3.8018939600E+08  2.0943574140E+00
3.9810717100E+08  2.0002805627E+00
4.1686938300E+08  1.9104140858E+00
4.3651583200E+08  1.8245715306E+00
4.5708819000E+08  1.7425744615E+00
4.7863009200E+08  1.6642521336E+00
5.0118723400E+08  1.5894411723E+00
5.2480746000E+08  1.5179853144E+00
5.4954087400E+08  1.4497350867E+00
5.7543993700E+08  1.3845475579E+00
6.0255958600E+08  1.3222860481E+00
6.3095734400E+08  1.2628198857E+00
6.6069344800E+08  1.2060241431E+00
6.9183097100E+08  1.1517794070E+00
7.2443596000E+08  1.0999715358E+00
7.5857757500E+08  1.0504914385E+00
7.9432823500E+08  1.0032348589E+00
8.3176377100E+08  9.5810216865E-01
8.7096359000E+08  9.1499816325E-01
9.1201083900E+08  8.7383187585E-01
9.5499258600E+08  8.3451638784E-01
1.0000000000E+09  7.9696865686E-01
