 1.00000000e+00  7.47415282e+01 
 1.04712855e+00  7.51501943e+01 
 1.09647820e+00  7.55583632e+01 
 1.14815362e+00  7.59661013e+01 
 1.20226443e+00  7.63734722e+01 
 1.25892541e+00  7.67805364e+01 
 1.31825674e+00  7.71873526e+01 
 1.38038426e+00  7.75939773e+01 
 1.44543977e+00  7.80004659e+01 
 1.51356125e+00  7.84068725e+01 
 1.58489319e+00  7.88132512e+01 
 1.65958691e+00  7.92196556e+01 
 1.73780083e+00  7.96261400e+01 
 1.81970086e+00  8.00327593e+01 
 1.90546072e+00  8.04395699e+01 
 1.99526231e+00  8.08466298e+01 
 2.08929613e+00  8.12539995e+01 
 2.18776162e+00  8.16617422e+01 
 2.29086765e+00  8.20699245e+01 
 2.39883292e+00  8.24786170e+01 
 2.51188643e+00  8.28878949e+01 
 2.63026799e+00  8.32978387e+01 
 2.75422870e+00  8.37085350e+01 
 2.88403150e+00  8.41200772e+01 
 3.01995172e+00  8.45325664e+01 
 3.16227766e+00  8.49461125e+01 
 3.31131121e+00  8.53608352e+01 
 3.46736850e+00  8.57768652e+01 
 3.63078055e+00  8.61943453e+01 
 3.80189396e+00  8.66134322e+01 
 3.98107171e+00  8.70342979e+01 
 4.16869383e+00  8.74571317e+01 
 4.36515832e+00  8.78821418e+01 
 4.57088190e+00  8.83095583e+01 
 4.78630092e+00  8.87396353e+01 
 5.01187234e+00  8.91726539e+01 
 5.24807460e+00  8.96089258e+01 
 5.49540874e+00  9.00487966e+01 
 5.75439937e+00  9.04926511e+01 
 6.02559586e+00  9.09409172e+01 
 6.30957344e+00  9.13940727e+01 
 6.60693448e+00  9.18526513e+01 
 6.91830971e+00  9.23172510e+01 
 7.24435960e+00  9.27885428e+01 
 7.58577575e+00  9.32672817e+01 
 7.94328235e+00  9.37543192e+01 
 8.31763771e+00  9.42506185e+01 
 8.70963590e+00  9.47572723e+01 
 9.12010839e+00  9.52755241e+01 
 9.54992586e+00  9.58067945e+01 
 1.00000000e+01  9.63527119e+01 
 1.04712855e+01  9.69151512e+01 
 1.09647820e+01  9.74962798e+01 
 1.14815362e+01  9.80986156e+01 
 1.20226443e+01  9.87250967e+01 
 1.25892541e+01  9.93791692e+01 
 1.31825674e+01  1.00064893e+02 
 1.38038426e+01  1.00787073e+02 
 1.44543977e+01  1.01551408e+02 
 1.51356125e+01  1.02364666e+02 
 1.58489319e+01  1.03234844e+02 
 1.65958691e+01  1.04171255e+02 
 1.73780083e+01  1.05184357e+02 
 1.81970086e+01  1.06284864e+02 
 1.90546072e+01  1.07481010e+02 
 1.99526231e+01  1.08771242e+02 
 2.08929613e+01  1.10126275e+02 
 2.18776162e+01  1.11450660e+02 
 2.29086765e+01  1.12526489e+02 
 2.39883292e+01  1.13021873e+02 
 2.51188643e+01  1.12718372e+02 
 2.63026799e+01  1.11755399e+02 
 2.75422870e+01  1.10467033e+02 
 2.88403150e+01  1.09106932e+02 
 3.01995172e+01  1.07796016e+02 
 3.16227766e+01  1.06575523e+02 
 3.31131121e+01  1.05451656e+02 
 3.46736850e+01  1.04417667e+02 
 3.63078055e+01  1.03463093e+02 
 3.80189396e+01  1.02577285e+02 
 3.98107171e+01  1.01750609e+02 
 4.16869383e+01  1.00974741e+02 
 4.36515832e+01  1.00242620e+02 
 4.57088190e+01  9.95482958e+01 
 4.78630092e+01  9.88867553e+01 
 5.01187234e+01  9.82537656e+01 
 5.24807460e+01  9.76457381e+01 
 5.49540874e+01  9.70596169e+01 
 5.75439937e+01  9.64927865e+01 
 6.02559586e+01  9.59429983e+01 
 6.30957344e+01  9.54083095e+01 
 6.60693448e+01  9.48870345e+01 
 6.91830971e+01  9.43777048e+01 
 7.24435960e+01  9.38790360e+01 
 7.58577575e+01  9.33899008e+01 
 7.94328235e+01  9.29093064e+01 
 8.31763771e+01  9.24363760e+01 
 8.70963590e+01  9.19703330e+01 
 9.12010839e+01  9.15104878e+01 
 9.54992586e+01  9.10562267e+01 
 1.00000000e+02  9.06070023e+01 
 1.04712855e+02  9.01623255e+01 
 1.09647820e+02  8.97217582e+01 
 1.14815362e+02  8.92849078e+01 
 1.20226443e+02  8.88514216e+01 
 1.25892541e+02  8.84209826e+01 
 1.31825674e+02  8.79933052e+01 
 1.38038426e+02  8.75681321e+01 
 1.44543977e+02  8.71452310e+01 
 1.51356125e+02  8.67243923e+01 
 1.58489319e+02  8.63054263e+01 
 1.65958691e+02  8.58881616e+01 
 1.73780083e+02  8.54724430e+01 
 1.81970086e+02  8.50581298e+01 
 1.90546072e+02  8.46450945e+01 
 1.99526231e+02  8.42332216e+01 
 2.08929613e+02  8.38224061e+01 
 2.18776162e+02  8.34125529e+01 
 2.29086765e+02  8.30035754e+01 
 2.39883292e+02  8.25953952e+01 
 2.51188643e+02  8.21879408e+01 
 2.63026799e+02  8.17811474e+01 
 2.75422870e+02  8.13749559e+01 
 2.88403150e+02  8.09693126e+01 
 3.01995172e+02  8.05641688e+01 
 3.16227766e+02  8.01594800e+01 
 3.31131121e+02  7.97552058e+01 
 3.46736850e+02  7.93513093e+01 
 3.63078055e+02  7.89477570e+01 
 3.80189396e+02  7.85445184e+01 
 3.98107171e+02  7.81415658e+01 
 4.16869383e+02  7.77388737e+01 
 4.36515832e+02  7.73364192e+01 
 4.57088190e+02  7.69341812e+01 
 4.78630092e+02  7.65321405e+01 
 5.01187234e+02  7.61302798e+01 
 5.24807460e+02  7.57285832e+01 
 5.49540874e+02  7.53270361e+01 
 5.75439937e+02  7.49256253e+01 
 6.02559586e+02  7.45243388e+01 
 6.30957344e+02  7.41231657e+01 
 6.60693448e+02  7.37220960e+01 
 6.91830971e+02  7.33211204e+01 
 7.24435960e+02  7.29202308e+01 
 7.58577575e+02  7.25194196e+01 
 7.94328235e+02  7.21186797e+01 
 8.31763771e+02  7.17180051e+01 
 8.70963590e+02  7.13173898e+01 
 9.12010839e+02  7.09168287e+01 
 9.54992586e+02  7.05163170e+01 
 1.00000000e+03  7.01158503e+01 
 1.04712855e+03  6.97154248e+01 
 1.09647820e+03  6.93150367e+01 
 1.14815362e+03  6.89146827e+01 
 1.20226443e+03  6.85143599e+01 
 1.25892541e+03  6.81140656e+01 
 1.31825674e+03  6.77137971e+01 
 1.38038426e+03  6.73135522e+01 
 1.44543977e+03  6.69133290e+01 
 1.51356125e+03  6.65131253e+01 
 1.58489319e+03  6.61129396e+01 
 1.65958691e+03  6.57127702e+01 
 1.73780083e+03  6.53126158e+01 
 1.81970086e+03  6.49124749e+01 
 1.90546072e+03  6.45123464e+01 
 1.99526231e+03  6.41122292e+01 
 2.08929613e+03  6.37121224e+01 
 2.18776162e+03  6.33120249e+01 
 2.29086765e+03  6.29119360e+01 
 2.39883292e+03  6.25118550e+01 
 2.51188643e+03  6.21117811e+01 
 2.63026799e+03  6.17117136e+01 
 2.75422870e+03  6.13116522e+01 
 2.88403150e+03  6.09115961e+01 
 3.01995172e+03  6.05115449e+01 
 3.16227766e+03  6.01114983e+01 
 3.31131121e+03  5.97114558e+01 
 3.46736850e+03  5.93114170e+01 
 3.63078055e+03  5.89113816e+01 
 3.80189396e+03  5.85113493e+01 
 3.98107171e+03  5.81113199e+01 
 4.16869383e+03  5.77112931e+01 
 4.36515832e+03  5.73112686e+01 
 4.57088190e+03  5.69112463e+01 
 4.78630092e+03  5.65112259e+01 
 5.01187234e+03  5.61112073e+01 
 5.24807460e+03  5.57111904e+01 
 5.49540874e+03  5.53111750e+01 
 5.75439937e+03  5.49111609e+01 
 6.02559586e+03  5.45111481e+01 
 6.30957344e+03  5.41111363e+01 
 6.60693448e+03  5.37111257e+01 
 6.91830971e+03  5.33111159e+01 
 7.24435960e+03  5.29111071e+01 
 7.58577575e+03  5.25110990e+01 
 7.94328235e+03  5.21110916e+01 
 8.31763771e+03  5.17110848e+01 
 8.70963590e+03  5.13110787e+01 
 9.12010839e+03  5.09110731e+01 
 9.54992586e+03  5.05110680e+01 
 1.00000000e+04  5.01110634e+01 
 1.04712855e+04  4.97110591e+01 
 1.09647820e+04  4.93110553e+01 
 1.14815362e+04  4.89110518e+01 
 1.20226443e+04  4.85110486e+01 
 1.25892541e+04  4.81110456e+01 
 1.31825674e+04  4.77110430e+01 
 1.38038426e+04  4.73110406e+01 
 1.44543977e+04  4.69110384e+01 
 1.51356125e+04  4.65110364e+01 
 1.58489319e+04  4.61110346e+01 
 1.65958691e+04  4.57110329e+01 
 1.73780083e+04  4.53110314e+01 
 1.81970086e+04  4.49110301e+01 
 1.90546072e+04  4.45110289e+01 
 1.99526231e+04  4.41110278e+01 
 2.08929613e+04  4.37110268e+01 
 2.18776162e+04  4.33110259e+01 
 2.29086765e+04  4.29110251e+01 
 2.39883292e+04  4.25110244e+01 
 2.51188643e+04  4.21110237e+01 
 2.63026799e+04  4.17110232e+01 
 2.75422870e+04  4.13110227e+01 
 2.88403150e+04  4.09110223e+01 
 3.01995172e+04  4.05110219e+01 
 3.16227766e+04  4.01110216e+01 
 3.31131121e+04  3.97110214e+01 
 3.46736850e+04  3.93110212e+01 
 3.63078055e+04  3.89110211e+01 
 3.80189396e+04  3.85110210e+01 
 3.98107171e+04  3.81110210e+01 
 4.16869383e+04  3.77110210e+01 
 4.36515832e+04  3.73110211e+01 
 4.57088190e+04  3.69110212e+01 
 4.78630092e+04  3.65110214e+01 
 5.01187234e+04  3.61110216e+01 
 5.24807460e+04  3.57110219e+01 
 5.49540874e+04  3.53110223e+01 
 5.75439937e+04  3.49110227e+01 
 6.02559586e+04  3.45110232e+01 
 6.30957344e+04  3.41110238e+01 
 6.60693448e+04  3.37110244e+01 
 6.91830971e+04  3.33110252e+01 
 7.24435960e+04  3.29110260e+01 
 7.58577575e+04  3.25110269e+01 
 7.94328235e+04  3.21110279e+01 
 8.31763771e+04  3.17110290e+01 
 8.70963590e+04  3.13110302e+01 
 9.12010839e+04  3.09110316e+01 
 9.54992586e+04  3.05110331e+01 
 1.00000000e+05  3.01110348e+01 
 1.04712855e+05  2.97110366e+01 
 1.09647820e+05  2.93110386e+01 
 1.14815362e+05  2.89110408e+01 
 1.20226443e+05  2.85110433e+01 
 1.25892541e+05  2.81110460e+01 
 1.31825674e+05  2.77110489e+01 
 1.38038426e+05  2.73110522e+01 
 1.44543977e+05  2.69110557e+01 
 1.51356125e+05  2.65110596e+01 
 1.58489319e+05  2.61110639e+01 
 1.65958691e+05  2.57110686e+01 
 1.73780083e+05  2.53110737e+01 
 1.81970086e+05  2.49110794e+01 
 1.90546072e+05  2.45110856e+01 
 1.99526231e+05  2.41110924e+01 
 2.08929613e+05  2.37110999e+01 
 2.18776162e+05  2.33111080e+01 
 2.29086765e+05  2.29111170e+01 
 2.39883292e+05  2.25111269e+01 
 2.51188643e+05  2.21111377e+01 
 2.63026799e+05  2.17111495e+01 
 2.75422870e+05  2.13111625e+01 
 2.88403150e+05  2.09111767e+01 
 3.01995172e+05  2.05111923e+01 
 3.16227766e+05  2.01112094e+01 
 3.31131121e+05  1.97112282e+01 
 3.46736850e+05  1.93112488e+01 
 3.63078055e+05  1.89112713e+01 
 3.80189396e+05  1.85112961e+01 
 3.98107171e+05  1.81113232e+01 
 4.16869383e+05  1.77113529e+01 
 4.36515832e+05  1.73113855e+01 
 4.57088190e+05  1.69114213e+01 
 4.78630092e+05  1.65114605e+01 
 5.01187234e+05  1.61115035e+01 
 5.24807460e+05  1.57115506e+01 
 5.49540874e+05  1.53116023e+01 
 5.75439937e+05  1.49116590e+01 
 6.02559586e+05  1.45117212e+01 
 6.30957344e+05  1.41117893e+01 
 6.60693448e+05  1.37118640e+01 
 6.91830971e+05  1.33119460e+01 
 7.24435960e+05  1.29120358e+01 
 7.58577575e+05  1.25121343e+01 
 7.94328235e+05  1.21122423e+01 
 8.31763771e+05  1.17123607e+01 
 8.70963590e+05  1.13124906e+01 
 9.12010839e+05  1.09126330e+01 
 9.54992586e+05  1.05127891e+01 
 1.00000000e+06  1.01129603e+01 
 1.04712855e+06  9.71314799e+00 
 1.09647820e+06  9.31335381e+00 
 1.14815362e+06  8.91357949e+00 
 1.20226443e+06  8.51382695e+00 
 1.25892541e+06  8.11409829e+00 
 1.31825674e+06  7.71439581e+00 
 1.38038426e+06  7.31472205e+00 
 1.44543977e+06  6.91507977e+00 
 1.51356125e+06  6.51547201e+00 
 1.58489319e+06  6.11590211e+00 
 1.65958691e+06  5.71637372e+00 
 1.73780083e+06  5.31689085e+00 
 1.81970086e+06  4.91745789e+00 
 1.90546072e+06  4.51807967e+00 
 1.99526231e+06  4.11876147e+00 
 2.08929613e+06  3.71950909e+00 
 2.18776162e+06  3.32032889e+00 
 2.29086765e+06  2.92122784e+00 
 2.39883292e+06  2.52221359e+00 
 2.51188643e+06  2.12329452e+00 
 2.63026799e+06  1.72447985e+00 
 2.75422870e+06  1.32577965e+00 
 2.88403150e+06  9.27205001e-01 
 3.01995172e+06  5.28768045e-01 
 3.16227766e+06  1.30482100e-01 
 3.31131121e+06 -2.67638221e-01 
 3.46736850e+06 -6.65576888e-01 
 3.63078055e+06 -1.06331631e+00 
 3.80189396e+06 -1.46083720e+00 
 3.98107171e+06 -1.85811837e+00 
 4.16869383e+06 -2.25513659e+00 
 4.36515832e+06 -2.65186636e+00 
 4.57088190e+06 -3.04827970e+00 
 4.78630092e+06 -3.44434589e+00 
 5.01187234e+06 -3.84003121e+00 
 5.24807460e+06 -4.23529863e+00 
 5.49540874e+06 -4.63010752e+00 
 5.75439937e+06 -5.02441325e+00 
 6.02559586e+06 -5.41816677e+00 
 6.30957344e+06 -5.81131426e+00 
 6.60693448e+06 -6.20379654e+00 
 6.91830971e+06 -6.59554861e+00 
 7.24435960e+06 -6.98649900e+00 
 7.58577575e+06 -7.37656917e+00 
 7.94328235e+06 -7.76567274e+00 
 8.31763771e+06 -8.15371468e+00 
 8.70963590e+06 -8.54059044e+00 
 9.12010839e+06 -8.92618496e+00 
 9.54992586e+06 -9.31037152e+00 
 1.00000000e+07 -9.69301055e+00 
 1.04712855e+07 -1.00739482e+01 
 1.09647820e+07 -1.04530149e+01 
 1.14815362e+07 -1.08300236e+01 
 1.20226443e+07 -1.12047676e+01 
 1.25892541e+07 -1.15770189e+01 
 1.31825674e+07 -1.19465251e+01 
 1.38038426e+07 -1.23130072e+01 
 1.44543977e+07 -1.26761562e+01 
 1.51356125e+07 -1.30356295e+01 
 1.58489319e+07 -1.33910470e+01 
 1.65958691e+07 -1.37419862e+01 
 1.73780083e+07 -1.40879772e+01 
 1.81970086e+07 -1.44284964e+01 
 1.90546072e+07 -1.47629591e+01 
 1.99526231e+07 -1.50907118e+01 
 2.08929613e+07 -1.54110218e+01 
 2.18776162e+07 -1.57230664e+01 
 2.29086765e+07 -1.60259191e+01 
 2.39883292e+07 -1.63185333e+01 
 2.51188643e+07 -1.65997234e+01 
 2.63026799e+07 -1.68681409e+01 
 2.75422870e+07 -1.71222461e+01 
 2.88403150e+07 -1.73602726e+01 
 3.01995172e+07 -1.75801840e+01 
 3.16227766e+07 -1.77796178e+01 
 3.31131121e+07 -1.79558159e+01 
 3.46736850e+07 -1.81055333e+01 
 3.63078055e+07 -1.82249192e+01 
 3.80189396e+07 -1.83093589e+01 
 3.98107171e+07 -1.83532584e+01 
 4.16869383e+07 -1.83497477e+01 
 4.36515832e+07 -1.82902595e+01 
 4.57088190e+07 -1.81639168e+01 
 4.78630092e+07 -1.79566157e+01 
 5.01187234e+07 -1.76495994e+01 
 5.24807460e+07 -1.72171502e+01 
 5.49540874e+07 -1.66226577e+01 
 5.75439937e+07 -1.58115046e+01 
 6.02559586e+07 -1.46972057e+01 
 6.30957344e+07 -1.31319420e+01 
 6.60693448e+07 -1.08385986e+01 
 6.91830971e+07 -7.27633654e+00 
 7.24435960e+07 -2.68297248e+00 
 7.58577575e+07 -5.96945277e+00 
 7.94328235e+07 -1.16771195e+01 
 8.31763771e+07 -1.58211038e+01 
 8.70963590e+07 -1.90154561e+01 
 9.12010839e+07 -2.16443352e+01 
 9.54992586e+07 -2.39041570e+01 
 1.00000000e+08 -2.59045399e+01 
 1.04712855e+08 -2.77120044e+01 
 1.09647820e+08 -2.93696635e+01 
 1.14815362e+08 -3.09069309e+01 
 1.20226443e+08 -3.23447123e+01 
 1.25892541e+08 -3.36983723e+01 
 1.31825674e+08 -3.49795271e+01 
 1.38038426e+08 -3.61971778e+01 
 1.44543977e+08 -3.73584552e+01 
 1.51356125e+08 -3.84691254e+01 
 1.58489319e+08 -3.95339414e+01 
 1.65958691e+08 -4.05568949e+01 
 1.73780083e+08 -4.15413976e+01 
 1.81970086e+08 -4.24904163e+01 
 1.90546072e+08 -4.34065726e+01 
 1.99526231e+08 -4.42922176e+01 
 2.08929613e+08 -4.51494892e+01 
 2.18776162e+08 -4.59803544e+01 
 2.29086765e+08 -4.67866420e+01 
 2.39883292e+08 -4.75700669e+01 
 2.51188643e+08 -4.83322486e+01 
 2.63026799e+08 -4.90747254e+01 
 2.75422870e+08 -4.97989644e+01 
 2.88403150e+08 -5.05063700e+01 
 3.01995172e+08 -5.11982894e+01 
 3.16227766e+08 -5.18760174e+01 
 3.31131121e+08 -5.25407998e+01 
 3.46736850e+08 -5.31938364e+01 
 3.63078055e+08 -5.38362827e+01 
 3.80189396e+08 -5.44692520e+01 
 3.98107171e+08 -5.50938155e+01 
 4.16869383e+08 -5.57110041e+01 
 4.36515832e+08 -5.63218072e+01 
 4.57088190e+08 -5.69271733e+01 
 4.78630092e+08 -5.75280086e+01 
 5.01187234e+08 -5.81251752e+01 
 5.24807460e+08 -5.87194900e+01 
 5.49540874e+08 -5.93117213e+01 
 5.75439937e+08 -5.99025865e+01 
 6.02559586e+08 -6.04927486e+01 
 6.30957344e+08 -6.10828130e+01 
 6.60693448e+08 -6.16733234e+01 
 6.91830971e+08 -6.22647585e+01 
 7.24435960e+08 -6.28575285e+01 
 7.58577575e+08 -6.34519713e+01 
 7.94328235e+08 -6.40483500e+01 
 8.31763771e+08 -6.46468501e+01 
 8.70963590e+08 -6.52475776e+01 
 9.12010839e+08 -6.58505576e+01 
 9.54992586e+08 -6.64557338e+01 
 1.00000000e+09 -6.70629685e+01 
