 1.00000000e+00 -8.27597693e+01 
 1.04712855e+00 -8.31464236e+01 
 1.09647820e+00 -8.35193051e+01 
 1.14815362e+00 -8.38791142e+01 
 1.20226443e+00 -8.42265360e+01 
 1.25892541e+00 -8.45622401e+01 
 1.31825674e+00 -8.48868809e+01 
 1.38038426e+00 -8.52010982e+01 
 1.44543977e+00 -8.55055173e+01 
 1.51356125e+00 -8.58007501e+01 
 1.58489319e+00 -8.60873952e+01 
 1.65958691e+00 -8.63660392e+01 
 1.73780083e+00 -8.66372573e+01 
 1.81970086e+00 -8.69016142e+01 
 1.90546072e+00 -8.71596655e+01 
 1.99526231e+00 -8.74119583e+01 
 2.08929613e+00 -8.76590326e+01 
 2.18776162e+00 -8.79014227e+01 
 2.29086765e+00 -8.81396586e+01 
 2.39883292e+00 -8.83742669e+01 
 2.51188643e+00 -8.86057732e+01 
 2.63026799e+00 -8.88347031e+01 
 2.75422870e+00 -8.90615847e+01 
 2.88403150e+00 -8.92869499e+01 
 3.01995172e+00 -8.95113373e+01 
 3.16227766e+00 -8.97352941e+01 
 3.31131121e+00 -8.99593793e+01 
 3.46736850e+00 -9.01841664e+01 
 3.63078055e+00 -9.04102468e+01 
 3.80189396e+00 -9.06382338e+01 
 3.98107171e+00 -9.08687669e+01 
 4.16869383e+00 -9.11025166e+01 
 4.36515832e+00 -9.13401906e+01 
 4.57088190e+00 -9.15825395e+01 
 4.78630092e+00 -9.18303654e+01 
 5.01187234e+00 -9.20845301e+01 
 5.24807460e+00 -9.23459660e+01 
 5.49540874e+00 -9.26156880e+01 
 5.75439937e+00 -9.28948084e+01 
 6.02559586e+00 -9.31845541e+01 
 6.30957344e+00 -9.34862878e+01 
 6.60693448e+00 -9.38015327e+01 
 6.91830971e+00 -9.41320033e+01 
 7.24435960e+00 -9.44796427e+01 
 7.58577575e+00 -9.48466687e+01 
 7.94328235e+00 -9.52356303e+01 
 8.31763771e+00 -9.56494791e+01 
 8.70963590e+00 -9.60916587e+01 
 9.12010839e+00 -9.65662185e+01 
 9.54992586e+00 -9.70779593e+01 
 1.00000000e+01 -9.76326224e+01 
 1.04712855e+01 -9.82371372e+01 
 1.09647820e+01 -9.88999491e+01 
 1.14815362e+01 -9.96314606e+01 
 1.20226443e+01 -1.00444631e+02 
 1.25892541e+01 -1.01355805e+02 
 1.31825674e+01 -1.02385880e+02 
 1.38038426e+01 -1.03561972e+02 
 1.44543977e+01 -1.04919844e+02 
 1.51356125e+01 -1.06507515e+02 
 1.58489319e+01 -1.08390742e+02 
 1.65958691e+01 -1.10661493e+02 
 1.73780083e+01 -1.13451288e+02 
 1.81970086e+01 -1.16952353e+02 
 1.90546072e+01 -1.21450641e+02 
 1.99526231e+01 -1.27373482e+02 
 2.08929613e+01 -1.35339841e+02 
 2.18776162e+01 -1.46135534e+02 
 2.29086765e+01 -1.60359243e+02 
 2.39883292e+01 -1.77436241e+02 
 2.51188643e+01  1.65099113e+02 
 2.63026799e+01  1.50034738e+02 
 2.75422870e+01  1.38415659e+02 
 2.88403150e+01  1.29821978e+02 
 3.01995172e+01  1.23459670e+02 
 3.16227766e+01  1.18659002e+02 
 3.31131121e+01  1.14948649e+02 
 3.46736850e+01  1.12012266e+02 
 3.63078055e+01  1.09637832e+02 
 3.80189396e+01  1.07681016e+02 
 3.98107171e+01  1.06041469e+02 
 4.16869383e+01  1.04647846e+02 
 4.36515832e+01  1.03448327e+02 
 4.57088190e+01  1.02404517e+02 
 4.78630092e+01  1.01487439e+02 
 5.01187234e+01  1.00674867e+02 
 5.24807460e+01  9.99494896e+01 
 5.49540874e+01  9.92976420e+01 
 5.75439937e+01  9.87084025e+01 
 6.02559586e+01  9.81729435e+01 
 6.30957344e+01  9.76840560e+01 
 6.60693448e+01  9.72357968e+01 
 6.91830971e+01  9.68232237e+01 
 7.24435960e+01  9.64421931e+01 
 7.58577575e+01  9.60892051e+01 
 7.94328235e+01  9.57612828e+01 
 8.31763771e+01  9.54558774e+01 
 8.70963590e+01  9.51707930e+01 
 9.12010839e+01  9.49041270e+01 
 9.54992586e+01  9.46542218e+01 
 1.00000000e+02  9.44196257e+01 
 1.04712855e+02  9.41990608e+01 
 1.09647820e+02  9.39913972e+01 
 1.14815362e+02  9.37956314e+01 
 1.20226443e+02  9.36108680e+01 
 1.25892541e+02  9.34363052e+01 
 1.31825674e+02  9.32712220e+01 
 1.38038426e+02  9.31149675e+01 
 1.44543977e+02  9.29669525e+01 
 1.51356125e+02  9.28266414e+01 
 1.58489319e+02  9.26935457e+01 
 1.65958691e+02  9.25672189e+01 
 1.73780083e+02  9.24472516e+01 
 1.81970086e+02  9.23332670e+01 
 1.90546072e+02  9.22249178e+01 
 1.99526231e+02  9.21218830e+01 
 2.08929613e+02  9.20238653e+01 
 2.18776162e+02  9.19305883e+01 
 2.29086765e+02  9.18417952e+01 
 2.39883292e+02  9.17572464e+01 
 2.51188643e+02  9.16767181e+01 
 2.63026799e+02  9.16000012e+01 
 2.75422870e+02  9.15268994e+01 
 2.88403150e+02  9.14572288e+01 
 3.01995172e+02  9.13908164e+01 
 3.16227766e+02  9.13274995e+01 
 3.31131121e+02  9.12671248e+01 
 3.46736850e+02  9.12095479e+01 
 3.63078055e+02  9.11546322e+01 
 3.80189396e+02  9.11022488e+01 
 3.98107171e+02  9.10522759e+01 
 4.16869383e+02  9.10045980e+01 
 4.36515832e+02  9.09591057e+01 
 4.57088190e+02  9.09156956e+01 
 4.78630092e+02  9.08742692e+01 
 5.01187234e+02  9.08347335e+01 
 5.24807460e+02  9.07969997e+01 
 5.49540874e+02  9.07609839e+01 
 5.75439937e+02  9.07266061e+01 
 6.02559586e+02  9.06937902e+01 
 6.30957344e+02  9.06624640e+01 
 6.60693448e+02  9.06325587e+01 
 6.91830971e+02  9.06040088e+01 
 7.24435960e+02  9.05767521e+01 
 7.58577575e+02  9.05507290e+01 
 7.94328235e+02  9.05258832e+01 
 8.31763771e+02  9.05021608e+01 
 8.70963590e+02  9.04795103e+01 
 9.12010839e+02  9.04578829e+01 
 9.54992586e+02  9.04372319e+01 
 1.00000000e+03  9.04175129e+01 
 1.04712855e+03  9.03986834e+01 
 1.09647820e+03  9.03807030e+01 
 1.14815362e+03  9.03635331e+01 
 1.20226443e+03  9.03471369e+01 
 1.25892541e+03  9.03314793e+01 
 1.31825674e+03  9.03165268e+01 
 1.38038426e+03  9.03022474e+01 
 1.44543977e+03  9.02886106e+01 
 1.51356125e+03  9.02755873e+01 
 1.58489319e+03  9.02631497e+01 
 1.65958691e+03  9.02512713e+01 
 1.73780083e+03  9.02399267e+01 
 1.81970086e+03  9.02290917e+01 
 1.90546072e+03  9.02187434e+01 
 1.99526231e+03  9.02088596e+01 
 2.08929613e+03  9.01994193e+01 
 2.18776162e+03  9.01904024e+01 
 2.29086765e+03  9.01817898e+01 
 2.39883292e+03  9.01735631e+01 
 2.51188643e+03  9.01657049e+01 
 2.63026799e+03  9.01581984e+01 
 2.75422870e+03  9.01510276e+01 
 2.88403150e+03  9.01441774e+01 
 3.01995172e+03  9.01376332e+01 
 3.16227766e+03  9.01313811e+01 
 3.31131121e+03  9.01254077e+01 
 3.46736850e+03  9.01197005e+01 
 3.63078055e+03  9.01142473e+01 
 3.80189396e+03  9.01090365e+01 
 3.98107171e+03  9.01040570e+01 
 4.16869383e+03  9.00992983e+01 
 4.36515832e+03  9.00947503e+01 
 4.57088190e+03  9.00904034e+01 
 4.78630092e+03  9.00862482e+01 
 5.01187234e+03  9.00822760e+01 
 5.24807460e+03  9.00784783e+01 
 5.49540874e+03  9.00748472e+01 
 5.75439937e+03  9.00713748e+01 
 6.02559586e+03  9.00680539e+01 
 6.30957344e+03  9.00648773e+01 
 6.60693448e+03  9.00618383e+01 
 6.91830971e+03  9.00589305e+01 
 7.24435960e+03  9.00561478e+01 
 7.58577575e+03  9.00534841e+01 
 7.94328235e+03  9.00509339e+01 
 8.31763771e+03  9.00484918e+01 
 8.70963590e+03  9.00461525e+01 
 9.12010839e+03  9.00439111e+01 
 9.54992586e+03  9.00417628e+01 
 1.00000000e+04  9.00397032e+01 
 1.04712855e+04  9.00377277e+01 
 1.09647820e+04  9.00358323e+01 
 1.14815362e+04  9.00340129e+01 
 1.20226443e+04  9.00322657e+01 
 1.25892541e+04  9.00305869e+01 
 1.31825674e+04  9.00289730e+01 
 1.38038426e+04  9.00274205e+01 
 1.44543977e+04  9.00259262e+01 
 1.51356125e+04  9.00244869e+01 
 1.58489319e+04  9.00230995e+01 
 1.65958691e+04  9.00217611e+01 
 1.73780083e+04  9.00204689e+01 
 1.81970086e+04  9.00192201e+01 
 1.90546072e+04  9.00180121e+01 
 1.99526231e+04  9.00168423e+01 
 2.08929613e+04  9.00157082e+01 
 2.18776162e+04  9.00146074e+01 
 2.29086765e+04  9.00135377e+01 
 2.39883292e+04  9.00124966e+01 
 2.51188643e+04  9.00114820e+01 
 2.63026799e+04  9.00104918e+01 
 2.75422870e+04  9.00095238e+01 
 2.88403150e+04  9.00085761e+01 
 3.01995172e+04  9.00076465e+01 
 3.16227766e+04  9.00067332e+01 
 3.31131121e+04  9.00058341e+01 
 3.46736850e+04  9.00049474e+01 
 3.63078055e+04  9.00040713e+01 
 3.80189396e+04  9.00032037e+01 
 3.98107171e+04  9.00023429e+01 
 4.16869383e+04  9.00014871e+01 
 4.36515832e+04  9.00006345e+01 
 4.57088190e+04  8.99997832e+01 
 4.78630092e+04  8.99989315e+01 
 5.01187234e+04  8.99980775e+01 
 5.24807460e+04  8.99972194e+01 
 5.49540874e+04  8.99963554e+01 
 5.75439937e+04  8.99954836e+01 
 6.02559586e+04  8.99946023e+01 
 6.30957344e+04  8.99937096e+01 
 6.60693448e+04  8.99928035e+01 
 6.91830971e+04  8.99918821e+01 
 7.24435960e+04  8.99909436e+01 
 7.58577575e+04  8.99899858e+01 
 7.94328235e+04  8.99890067e+01 
 8.31763771e+04  8.99880044e+01 
 8.70963590e+04  8.99869766e+01 
 9.12010839e+04  8.99859212e+01 
 9.54992586e+04  8.99848359e+01 
 1.00000000e+05  8.99837185e+01 
 1.04712855e+05  8.99825665e+01 
 1.09647820e+05  8.99813775e+01 
 1.14815362e+05  8.99801491e+01 
 1.20226443e+05  8.99788785e+01 
 1.25892541e+05  8.99775631e+01 
 1.31825674e+05  8.99762002e+01 
 1.38038426e+05  8.99747867e+01 
 1.44543977e+05  8.99733198e+01 
 1.51356125e+05  8.99717963e+01 
 1.58489319e+05  8.99702129e+01 
 1.65958691e+05  8.99685664e+01 
 1.73780083e+05  8.99668532e+01 
 1.81970086e+05  8.99650697e+01 
 1.90546072e+05  8.99632121e+01 
 1.99526231e+05  8.99612765e+01 
 2.08929613e+05  8.99592587e+01 
 2.18776162e+05  8.99571545e+01 
 2.29086765e+05  8.99549594e+01 
 2.39883292e+05  8.99526688e+01 
 2.51188643e+05  8.99502778e+01 
 2.63026799e+05  8.99477813e+01 
 2.75422870e+05  8.99451740e+01 
 2.88403150e+05  8.99424505e+01 
 3.01995172e+05  8.99396049e+01 
 3.16227766e+05  8.99366312e+01 
 3.31131121e+05  8.99335230e+01 
 3.46736850e+05  8.99302739e+01 
 3.63078055e+05  8.99268768e+01 
 3.80189396e+05  8.99233246e+01 
 3.98107171e+05  8.99196098e+01 
 4.16869383e+05  8.99157245e+01 
 4.36515832e+05  8.99116603e+01 
 4.57088190e+05  8.99074088e+01 
 4.78630092e+05  8.99029609e+01 
 5.01187234e+05  8.98983072e+01 
 5.24807460e+05  8.98934377e+01 
 5.49540874e+05  8.98883421e+01 
 5.75439937e+05  8.98830097e+01 
 6.02559586e+05  8.98774292e+01 
 6.30957344e+05  8.98715886e+01 
 6.60693448e+05  8.98654755e+01 
 6.91830971e+05  8.98590771e+01 
 7.24435960e+05  8.98523798e+01 
 7.58577575e+05  8.98453693e+01 
 7.94328235e+05  8.98380307e+01 
 8.31763771e+05  8.98303485e+01 
 8.70963590e+05  8.98223063e+01 
 9.12010839e+05  8.98138872e+01 
 9.54992586e+05  8.98050732e+01 
 1.00000000e+06  8.97958456e+01 
 1.04712855e+06  8.97861848e+01 
 1.09647820e+06  8.97760704e+01 
 1.14815362e+06  8.97654808e+01 
 1.20226443e+06  8.97543935e+01 
 1.25892541e+06  8.97427850e+01 
 1.31825674e+06  8.97306307e+01 
 1.38038426e+06  8.97179047e+01 
 1.44543977e+06  8.97045800e+01 
 1.51356125e+06  8.96906282e+01 
 1.58489319e+06  8.96760198e+01 
 1.65958691e+06  8.96607236e+01 
 1.73780083e+06  8.96447071e+01 
 1.81970086e+06  8.96279364e+01 
 1.90546072e+06  8.96103756e+01 
 1.99526231e+06  8.95919874e+01 
 2.08929613e+06  8.95727327e+01 
 2.18776162e+06  8.95525704e+01 
 2.29086765e+06  8.95314577e+01 
 2.39883292e+06  8.95093496e+01 
 2.51188643e+06  8.94861988e+01 
 2.63026799e+06  8.94619560e+01 
 2.75422870e+06  8.94365695e+01 
 2.88403150e+06  8.94099850e+01 
 3.01995172e+06  8.93821458e+01 
 3.16227766e+06  8.93529923e+01 
 3.31131121e+06  8.93224621e+01 
 3.46736850e+06  8.92904898e+01 
 3.63078055e+06  8.92570069e+01 
 3.80189396e+06  8.92219415e+01 
 3.98107171e+06  8.91852182e+01 
 4.16869383e+06  8.91467580e+01 
 4.36515832e+06  8.91064781e+01 
 4.57088190e+06  8.90642915e+01 
 4.78630092e+06  8.90201070e+01 
 5.01187234e+06  8.89738290e+01 
 5.24807460e+06  8.89253571e+01 
 5.49540874e+06  8.88745858e+01 
 5.75439937e+06  8.88214044e+01 
 6.02559586e+06  8.87656968e+01 
 6.30957344e+06  8.87073406e+01 
 6.60693448e+06  8.86462077e+01 
 6.91830971e+06  8.85821629e+01 
 7.24435960e+06  8.85150644e+01 
 7.58577575e+06  8.84447629e+01 
 7.94328235e+06  8.83711010e+01 
 8.31763771e+06  8.82939131e+01 
 8.70963590e+06  8.82130245e+01 
 9.12010839e+06  8.81282513e+01 
 9.54992586e+06  8.80393989e+01 
 1.00000000e+07  8.79462621e+01 
 1.04712855e+07  8.78486236e+01 
 1.09647820e+07  8.77462537e+01 
 1.14815362e+07  8.76389088e+01 
 1.20226443e+07  8.75263304e+01 
 1.25892541e+07  8.74082440e+01 
 1.31825674e+07  8.72843572e+01 
 1.38038426e+07  8.71543585e+01 
 1.44543977e+07  8.70179149e+01 
 1.51356125e+07  8.68746701e+01 
 1.58489319e+07  8.67242414e+01 
 1.65958691e+07  8.65662171e+01 
 1.73780083e+07  8.64001527e+01 
 1.81970086e+07  8.62255666e+01 
 1.90546072e+07  8.60419348e+01 
 1.99526231e+07  8.58486854e+01 
 2.08929613e+07  8.56451903e+01 
 2.18776162e+07  8.54307565e+01 
 2.29086765e+07  8.52046150e+01 
 2.39883292e+07  8.49659063e+01 
 2.51188643e+07  8.47136628e+01 
 2.63026799e+07  8.44467867e+01 
 2.75422870e+07  8.41640209e+01 
 2.88403150e+07  8.38639120e+01 
 3.01995172e+07  8.35447609e+01 
 3.16227766e+07  8.32045581e+01 
 3.31131121e+07  8.28408956e+01 
 3.46736850e+07  8.24508463e+01 
 3.63078055e+07  8.20307967e+01 
 3.80189396e+07  8.15762078e+01 
 3.98107171e+07  8.10812691e+01 
 4.16869383e+07  8.05383828e+01 
 4.36515832e+07  7.99373744e+01 
 4.57088190e+07  7.92642455e+01 
 4.78630092e+07  7.84991237e+01 
 5.01187234e+07  7.76127418e+01 
 5.24807460e+07  7.65600513e+01 
 5.49540874e+07  7.52678406e+01 
 5.75439937e+07  7.36086325e+01 
 6.02559586e+07  7.13393478e+01 
 6.30957344e+07  6.79344844e+01 
 6.60693448e+07  6.20285752e+01 
 6.91830971e+07  4.89109694e+01 
 7.24435960e+07  7.45863923e+00 
 7.58577575e+07 -5.58166637e+01 
 7.94328235e+07 -7.78607294e+01 
 8.31763771e+07 -8.62436612e+01 
 8.70963590e+07 -9.06663614e+01 
 9.12010839e+07 -9.34987666e+01 
 9.54992586e+07 -9.55490280e+01 
 1.00000000e+08 -9.71625035e+01 
 1.04712855e+08 -9.85105505e+01 
 1.09647820e+08 -9.96876146e+01 
 1.14815362e+08 -1.00749977e+02 
 1.20226443e+08 -1.01733269e+02 
 1.25892541e+08 -1.02661182e+02 
 1.31825674e+08 -1.03550127e+02 
 1.38038426e+08 -1.04411885e+02 
 1.44543977e+08 -1.05255194e+02 
 1.51356125e+08 -1.06086731e+02 
 1.58489319e+08 -1.06911754e+02 
 1.65958691e+08 -1.07734520e+02 
 1.73780083e+08 -1.08558574e+02 
 1.81970086e+08 -1.09386948e+02 
 1.90546072e+08 -1.10222302e+02 
 1.99526231e+08 -1.11067026e+02 
 2.08929613e+08 -1.11923309e+02 
 2.18776162e+08 -1.12793193e+02 
 2.29086765e+08 -1.13678613e+02 
 2.39883292e+08 -1.14581420e+02 
 2.51188643e+08 -1.15503401e+02 
 2.63026799e+08 -1.16446297e+02 
 2.75422870e+08 -1.17411803e+02 
 2.88403150e+08 -1.18401579e+02 
 3.01995172e+08 -1.19417246e+02 
 3.16227766e+08 -1.20460384e+02 
 3.31131121e+08 -1.21532528e+02 
 3.46736850e+08 -1.22635158e+02 
 3.63078055e+08 -1.23769687e+02 
 3.80189396e+08 -1.24937452e+02 
 3.98107171e+08 -1.26139691e+02 
 4.16869383e+08 -1.27377536e+02 
 4.36515832e+08 -1.28651987e+02 
 4.57088190e+08 -1.29963897e+02 
 4.78630092e+08 -1.31313958e+02 
 5.01187234e+08 -1.32702676e+02 
 5.24807460e+08 -1.34130367e+02 
 5.49540874e+08 -1.35597135e+02 
 5.75439937e+08 -1.37102869e+02 
 6.02559586e+08 -1.38647236e+02 
 6.30957344e+08 -1.40229679e+02 
 6.60693448e+08 -1.41849424e+02 
 6.91830971e+08 -1.43505483e+02 
 7.24435960e+08 -1.45196671e+02 
 7.58577575e+08 -1.46921620e+02 
 7.94328235e+08 -1.48678803e+02 
 8.31763771e+08 -1.50466553e+02 
 8.70963590e+08 -1.52283096e+02 
 9.12010839e+08 -1.54126572e+02 
 9.54992586e+08 -1.55995073e+02 
 1.00000000e+09 -1.57886665e+02 
