 1.00000000e+00  8.34123648e+01 
 1.04712855e+00  8.37877581e+01 
 1.09647820e+00  8.41511408e+01 
 1.14815362e+00  8.45025089e+01 
 1.20226443e+00  8.48418599e+01 
 1.25892541e+00  8.51691950e+01 
 1.31825674e+00  8.54845216e+01 
 1.38038426e+00  8.57878558e+01 
 1.44543977e+00  8.60792260e+01 
 1.51356125e+00  8.63586754e+01 
 1.58489319e+00  8.66262650e+01 
 1.65958691e+00  8.68820765e+01 
 1.73780083e+00  8.71262143e+01 
 1.81970086e+00  8.73588076e+01 
 1.90546072e+00  8.75800118e+01 
 1.99526231e+00  8.77900095e+01 
 2.08929613e+00  8.79890102e+01 
 2.18776162e+00  8.81772506e+01 
 2.29086765e+00  8.83549932e+01 
 2.39883292e+00  8.85225250e+01 
 2.51188643e+00  8.86801553e+01 
 2.63026799e+00  8.88282136e+01 
 2.75422870e+00  8.89670464e+01 
 2.88403150e+00  8.90970148e+01 
 3.01995172e+00  8.92184909e+01 
 3.16227766e+00  8.93318549e+01 
 3.31131121e+00  8.94374917e+01 
 3.46736850e+00  8.95357884e+01 
 3.63078055e+00  8.96271308e+01 
 3.80189396e+00  8.97119013e+01 
 3.98107171e+00  8.97904762e+01 
 4.16869383e+00  8.98632238e+01 
 4.36515832e+00  8.99305023e+01 
 4.57088190e+00  8.99926586e+01 
 4.78630092e+00  9.00500271e+01 
 5.01187234e+00  9.01029284e+01 
 5.24807460e+00  9.01516688e+01 
 5.49540874e+00  9.01965400e+01 
 5.75439937e+00  9.02378185e+01 
 6.02559586e+00  9.02757659e+01 
 6.30957344e+00  9.03106286e+01 
 6.60693448e+00  9.03426383e+01 
 6.91830971e+00  9.03720124e+01 
 7.24435960e+00  9.03989542e+01 
 7.58577575e+00  9.04236532e+01 
 7.94328235e+00  9.04462865e+01 
 8.31763771e+00  9.04670184e+01 
 8.70963590e+00  9.04860015e+01 
 9.12010839e+00  9.05033773e+01 
 9.54992586e+00  9.05192769e+01 
 1.00000000e+01  9.05338214e+01 
 1.04712855e+01  9.05471226e+01 
 1.09647820e+01  9.05592837e+01 
 1.14815362e+01  9.05703997e+01 
 1.20226443e+01  9.05805581e+01 
 1.25892541e+01  9.05898396e+01 
 1.31825674e+01  9.05983180e+01 
 1.38038426e+01  9.06060614e+01 
 1.44543977e+01  9.06131321e+01 
 1.51356125e+01  9.06195873e+01 
 1.58489319e+01  9.06254797e+01 
 1.65958691e+01  9.06308571e+01 
 1.73780083e+01  9.06357636e+01 
 1.81970086e+01  9.06402396e+01 
 1.90546072e+01  9.06443219e+01 
 1.99526231e+01  9.06480441e+01 
 2.08929613e+01  9.06514372e+01 
 2.18776162e+01  9.06545293e+01 
 2.29086765e+01  9.06573461e+01 
 2.39883292e+01  9.06599109e+01 
 2.51188643e+01  9.06622453e+01 
 2.63026799e+01  9.06643687e+01 
 2.75422870e+01  9.06662989e+01 
 2.88403150e+01  9.06680521e+01 
 3.01995172e+01  9.06696429e+01 
 3.16227766e+01  9.06710847e+01 
 3.31131121e+01  9.06723896e+01 
 3.46736850e+01  9.06735686e+01 
 3.63078055e+01  9.06746316e+01 
 3.80189396e+01  9.06755876e+01 
 3.98107171e+01  9.06764446e+01 
 4.16869383e+01  9.06772099e+01 
 4.36515832e+01  9.06778899e+01 
 4.57088190e+01  9.06784903e+01 
 4.78630092e+01  9.06790162e+01 
 5.01187234e+01  9.06794720e+01 
 5.24807460e+01  9.06798617e+01 
 5.49540874e+01  9.06801884e+01 
 5.75439937e+01  9.06804550e+01 
 6.02559586e+01  9.06806638e+01 
 6.30957344e+01  9.06808163e+01 
 6.60693448e+01  9.06809141e+01 
 6.91830971e+01  9.06809578e+01 
 7.24435960e+01  9.06809479e+01 
 7.58577575e+01  9.06808843e+01 
 7.94328235e+01  9.06807664e+01 
 8.31763771e+01  9.06805933e+01 
 8.70963590e+01  9.06803634e+01 
 9.12010839e+01  9.06800749e+01 
 9.54992586e+01  9.06797253e+01 
 1.00000000e+02  9.06793116e+01 
 1.04712855e+02  9.06788304e+01 
 1.09647820e+02  9.06782776e+01 
 1.14815362e+02  9.06776485e+01 
 1.20226443e+02  9.06769378e+01 
 1.25892541e+02  9.06761396e+01 
 1.31825674e+02  9.06752471e+01 
 1.38038426e+02  9.06742527e+01 
 1.44543977e+02  9.06731482e+01 
 1.51356125e+02  9.06719243e+01 
 1.58489319e+02  9.06705706e+01 
 1.65958691e+02  9.06690757e+01 
 1.73780083e+02  9.06674273e+01 
 1.81970086e+02  9.06656113e+01 
 1.90546072e+02  9.06636128e+01 
 1.99526231e+02  9.06614148e+01 
 2.08929613e+02  9.06589992e+01 
 2.18776162e+02  9.06563457e+01 
 2.29086765e+02  9.06534324e+01 
 2.39883292e+02  9.06502349e+01 
 2.51188643e+02  9.06467270e+01 
 2.63026799e+02  9.06428795e+01 
 2.75422870e+02  9.06386607e+01 
 2.88403150e+02  9.06340360e+01 
 3.01995172e+02  9.06289675e+01 
 3.16227766e+02  9.06234138e+01 
 3.31131121e+02  9.06173297e+01 
 3.46736850e+02  9.06106660e+01 
 3.63078055e+02  9.06033687e+01 
 3.80189396e+02  9.05953795e+01 
 3.98107171e+02  9.05866345e+01 
 4.16869383e+02  9.05770642e+01 
 4.36515832e+02  9.05665933e+01 
 4.57088190e+02  9.05551397e+01 
 4.78630092e+02  9.05426144e+01 
 5.01187234e+02  9.05289209e+01 
 5.24807460e+02  9.05139547e+01 
 5.49540874e+02  9.04976026e+01 
 5.75439937e+02  9.04797426e+01 
 6.02559586e+02  9.04602427e+01 
 6.30957344e+02  9.04389609e+01 
 6.60693448e+02  9.04157445e+01 
 6.91830971e+02  9.03904294e+01 
 7.24435960e+02  9.03628400e+01 
 7.58577575e+02  9.03327885e+01 
 7.94328235e+02  9.03000744e+01 
 8.31763771e+02  9.02644848e+01 
 8.70963590e+02  9.02257935e+01 
 9.12010839e+02  9.01837614e+01 
 9.54992586e+02  9.01381367e+01 
 1.00000000e+03  9.00886547e+01 
 1.04712855e+03  9.00350389e+01 
 1.09647820e+03  8.99770009e+01 
 1.14815362e+03  8.99142424e+01 
 1.20226443e+03  8.98464554e+01 
 1.25892541e+03  8.97733246e+01 
 1.31825674e+03  8.96945286e+01 
 1.38038426e+03  8.96097425e+01 
 1.44543977e+03  8.95186401e+01 
 1.51356125e+03  8.94208969e+01 
 1.58489319e+03  8.93161929e+01 
 1.65958691e+03  8.92042161e+01 
 1.73780083e+03  8.90846659e+01 
 1.81970086e+03  8.89572567e+01 
 1.90546072e+03  8.88217217e+01 
 1.99526231e+03  8.86778162e+01 
 2.08929613e+03  8.85253213e+01 
 2.18776162e+03  8.83640474e+01 
 2.29086765e+03  8.81938366e+01 
 2.39883292e+03  8.80145656e+01 
 2.51188643e+03  8.78261475e+01 
 2.63026799e+03  8.76285336e+01 
 2.75422870e+03  8.74217137e+01 
 2.88403150e+03  8.72057167e+01 
 3.01995172e+03  8.69806098e+01 
 3.16227766e+03  8.67464977e+01 
 3.31131121e+03  8.65035206e+01 
 3.46736850e+03  8.62518520e+01 
 3.63078055e+03  8.59916962e+01 
 3.80189396e+03  8.57232847e+01 
 3.98107171e+03  8.54468735e+01 
 4.16869383e+03  8.51627388e+01 
 4.36515832e+03  8.48711739e+01 
 4.57088190e+03  8.45724854e+01 
 4.78630092e+03  8.42669895e+01 
 5.01187234e+03  8.39550088e+01 
 5.24807460e+03  8.36368691e+01 
 5.49540874e+03  8.33128961e+01 
 5.75439937e+03  8.29834135e+01 
 6.02559586e+03  8.26487400e+01 
 6.30957344e+03  8.23091875e+01 
 6.60693448e+03  8.19650596e+01 
 6.91830971e+03  8.16166499e+01 
 7.24435960e+03  8.12642413e+01 
 7.58577575e+03  8.09081045e+01 
 7.94328235e+03  8.05484983e+01 
 8.31763771e+03  8.01856683e+01 
 8.70963590e+03  7.98198473e+01 
 9.12010839e+03  7.94512553e+01 
 9.54992586e+03  7.90800991e+01 
 1.00000000e+04  7.87065731e+01 
 1.04712855e+04  7.83308591e+01 
 1.09647820e+04  7.79531273e+01 
 1.14815362e+04  7.75735361e+01 
 1.20226443e+04  7.71922332e+01 
 1.25892541e+04  7.68093556e+01 
 1.31825674e+04  7.64250306e+01 
 1.38038426e+04  7.60393757e+01 
 1.44543977e+04  7.56525002e+01 
 1.51356125e+04  7.52645045e+01 
 1.58489319e+04  7.48754815e+01 
 1.65958691e+04  7.44855170e+01 
 1.73780083e+04  7.40946897e+01 
 1.81970086e+04  7.37030722e+01 
 1.90546072e+04  7.33107313e+01 
 1.99526231e+04  7.29177283e+01 
 2.08929613e+04  7.25241195e+01 
 2.18776162e+04  7.21299566e+01 
 2.29086765e+04  7.17352869e+01 
 2.39883292e+04  7.13401540e+01 
 2.51188643e+04  7.09445976e+01 
 2.63026799e+04  7.05486541e+01 
 2.75422870e+04  7.01523571e+01 
 2.88403150e+04  6.97557370e+01 
 3.01995172e+04  6.93588218e+01 
 3.16227766e+04  6.89616372e+01 
 3.31131121e+04  6.85642064e+01 
 3.46736850e+04  6.81665510e+01 
 3.63078055e+04  6.77686903e+01 
 3.80189396e+04  6.73706424e+01 
 3.98107171e+04  6.69724236e+01 
 4.16869383e+04  6.65740487e+01 
 4.36515832e+04  6.61755313e+01 
 4.57088190e+04  6.57768841e+01 
 4.78630092e+04  6.53781182e+01 
 5.01187234e+04  6.49792441e+01 
 5.24807460e+04  6.45802712e+01 
 5.49540874e+04  6.41812083e+01 
 5.75439937e+04  6.37820632e+01 
 6.02559586e+04  6.33828431e+01 
 6.30957344e+04  6.29835546e+01 
 6.60693448e+04  6.25842037e+01 
 6.91830971e+04  6.21847958e+01 
 7.24435960e+04  6.17853361e+01 
 7.58577575e+04  6.13858291e+01 
 7.94328235e+04  6.09862789e+01 
 8.31763771e+04  6.05866893e+01 
 8.70963590e+04  6.01870638e+01 
 9.12010839e+04  5.97874057e+01 
 9.54992586e+04  5.93877177e+01 
 1.00000000e+05  5.89880025e+01 
 1.04712855e+05  5.85882625e+01 
 1.09647820e+05  5.81885000e+01 
 1.14815362e+05  5.77887170e+01 
 1.20226443e+05  5.73889152e+01 
 1.25892541e+05  5.69890964e+01 
 1.31825674e+05  5.65892621e+01 
 1.38038426e+05  5.61894137e+01 
 1.44543977e+05  5.57895525e+01 
 1.51356125e+05  5.53896797e+01 
 1.58489319e+05  5.49897963e+01 
 1.65958691e+05  5.45899033e+01 
 1.73780083e+05  5.41900017e+01 
 1.81970086e+05  5.37900923e+01 
 1.90546072e+05  5.33901759e+01 
 1.99526231e+05  5.29902531e+01 
 2.08929613e+05  5.25903246e+01 
 2.18776162e+05  5.21903910e+01 
 2.29086765e+05  5.17904529e+01 
 2.39883292e+05  5.13905108e+01 
 2.51188643e+05  5.09905653e+01 
 2.63026799e+05  5.05906166e+01 
 2.75422870e+05  5.01906654e+01 
 2.88403150e+05  4.97907120e+01 
 3.01995172e+05  4.93907569e+01 
 3.16227766e+05  4.89908003e+01 
 3.31131121e+05  4.85908426e+01 
 3.46736850e+05  4.81908843e+01 
 3.63078055e+05  4.77909256e+01 
 3.80189396e+05  4.73909670e+01 
 3.98107171e+05  4.69910088e+01 
 4.16869383e+05  4.65910512e+01 
 4.36515832e+05  4.61910948e+01 
 4.57088190e+05  4.57911398e+01 
 4.78630092e+05  4.53911867e+01 
 5.01187234e+05  4.49912358e+01 
 5.24807460e+05  4.45912875e+01 
 5.49540874e+05  4.41913424e+01 
 5.75439937e+05  4.37914008e+01 
 6.02559586e+05  4.33914632e+01 
 6.30957344e+05  4.29915303e+01 
 6.60693448e+05  4.25916025e+01 
 6.91830971e+05  4.21916804e+01 
 7.24435960e+05  4.17917648e+01 
 7.58577575e+05  4.13918564e+01 
 7.94328235e+05  4.09919559e+01 
 8.31763771e+05  4.05920641e+01 
 8.70963590e+05  4.01921820e+01 
 9.12010839e+05  3.97923106e+01 
 9.54992586e+05  3.93924510e+01 
 1.00000000e+06  3.89926044e+01 
 1.04712855e+06  3.85927721e+01 
 1.09647820e+06  3.81929554e+01 
 1.14815362e+06  3.77931560e+01 
 1.20226443e+06  3.73933756e+01 
 1.25892541e+06  3.69936159e+01 
 1.31825674e+06  3.65938792e+01 
 1.38038426e+06  3.61941676e+01 
 1.44543977e+06  3.57944835e+01 
 1.51356125e+06  3.53948296e+01 
 1.58489319e+06  3.49952089e+01 
 1.65958691e+06  3.45956247e+01 
 1.73780083e+06  3.41960803e+01 
 1.81970086e+06  3.37965798e+01 
 1.90546072e+06  3.33971273e+01 
 1.99526231e+06  3.29977275e+01 
 2.08929613e+06  3.25983855e+01 
 2.18776162e+06  3.21991069e+01 
 2.29086765e+06  3.17998979e+01 
 2.39883292e+06  3.14007651e+01 
 2.51188643e+06  3.10017159e+01 
 2.63026799e+06  3.06027585e+01 
 2.75422870e+06  3.02039016e+01 
 2.88403150e+06  2.98051551e+01 
 3.01995172e+06  2.94065296e+01 
 3.16227766e+06  2.90080368e+01 
 3.31131121e+06  2.86096895e+01 
 3.46736850e+06  2.82115019e+01 
 3.63078055e+06  2.78134893e+01 
 3.80189396e+06  2.74156687e+01 
 3.98107171e+06  2.70180588e+01 
 4.16869383e+06  2.66206799e+01 
 4.36515832e+06  2.62235543e+01 
 4.57088190e+06  2.58267068e+01 
 4.78630092e+06  2.54301641e+01 
 5.01187234e+06  2.50339559e+01 
 5.24807460e+06  2.46381147e+01 
 5.49540874e+06  2.42426761e+01 
 5.75439937e+06  2.38476792e+01 
 6.02559586e+06  2.34531670e+01 
 6.30957344e+06  2.30591866e+01 
 6.60693448e+06  2.26657899e+01 
 6.91830971e+06  2.22730338e+01 
 7.24435960e+06  2.18809807e+01 
 7.58577575e+06  2.14896993e+01 
 7.94328235e+06  2.10992652e+01 
 8.31763771e+06  2.07097612e+01 
 8.70963590e+06  2.03212787e+01 
 9.12010839e+06  1.99339180e+01 
 9.54992586e+06  1.95477894e+01 
 1.00000000e+07  1.91630144e+01 
 1.04712855e+07  1.87797267e+01 
 1.09647820e+07  1.83980737e+01 
 1.14815362e+07  1.80182175e+01 
 1.20226443e+07  1.76403370e+01 
 1.25892541e+07  1.72646294e+01 
 1.31825674e+07  1.68913123e+01 
 1.38038426e+07  1.65206259e+01 
 1.44543977e+07  1.61528357e+01 
 1.51356125e+07  1.57882351e+01 
 1.58489319e+07  1.54271487e+01 
 1.65958691e+07  1.50699362e+01 
 1.73780083e+07  1.47169959e+01 
 1.81970086e+07  1.43687702e+01 
 1.90546072e+07  1.40257502e+01 
 1.99526231e+07  1.36884821e+01 
 2.08929613e+07  1.33575744e+01 
 2.18776162e+07  1.30337054e+01 
 2.29086765e+07  1.27176329e+01 
 2.39883292e+07  1.24102049e+01 
 2.51188643e+07  1.21123715e+01 
 2.63026799e+07  1.18251997e+01 
 2.75422870e+07  1.15498901e+01 
 2.88403150e+07  1.12877958e+01 
 3.01995172e+07  1.10404453e+01 
 3.16227766e+07  1.08095679e+01 
 3.31131121e+07  1.05971234e+01 
 3.46736850e+07  1.04053350e+01 
 3.63078055e+07  1.02367245e+01 
 3.80189396e+07  1.00941490e+01 
 3.98107171e+07  9.98083194e+00 
 4.16869383e+07  9.90038009e+00 
 4.36515832e+07  9.85676534e+00 
 4.57088190e+07  9.85423086e+00 
 4.78630092e+07  9.89704423e+00 
 5.01187234e+07  9.98894658e+00 
 5.24807460e+07  1.01320100e+01 
 5.49540874e+07  1.03243696e+01 
 5.75439937e+07  1.05559098e+01 
 6.02559586e+07  1.08006046e+01 
 6.30957344e+07  1.10047502e+01 
 6.60693448e+07  1.10746863e+01 
 6.91830971e+07  1.08796153e+01 
 7.24435960e+07  1.02948086e+01 
 7.58577575e+07  9.27716400e+00 
 7.94328235e+07  7.89811021e+00 
 8.31763771e+07  6.29126657e+00 
 8.70963590e+07  4.58031761e+00 
 9.12010839e+07  2.84814874e+00 
 9.54992586e+07  1.14037262e+00 
 1.00000000e+08 -5.21649663e-01 
 1.04712855e+08 -2.13005622e+00 
 1.09647820e+08 -3.68382900e+00 
 1.14815362e+08 -5.18512980e+00 
 1.20226443e+08 -6.63739828e+00 
 1.25892541e+08 -8.04440509e+00 
 1.31825674e+08 -9.40980373e+00 
 1.38038426e+08 -1.07369380e+01 
 1.44543977e+08 -1.20287780e+01 
 1.51356125e+08 -1.32879195e+01 
 1.58489319e+08 -1.45166123e+01 
 1.65958691e+08 -1.57168009e+01 
 1.73780083e+08 -1.68901688e+01 
 1.81970086e+08 -1.80381815e+01 
 1.90546072e+08 -1.91621278e+01 
 1.99526231e+08 -2.02631560e+01 
 2.08929613e+08 -2.13423077e+01 
 2.18776162e+08 -2.24005466e+01 
 2.29086765e+08 -2.34387836e+01 
 2.39883292e+08 -2.44578989e+01 
 2.51188643e+08 -2.54587590e+01 
 2.63026799e+08 -2.64422314e+01 
 2.75422870e+08 -2.74091951e+01 
 2.88403150e+08 -2.83605486e+01 
 3.01995172e+08 -2.92972139e+01 
 3.16227766e+08 -3.02201385e+01 
 3.31131121e+08 -3.11302952e+01 
 3.46736850e+08 -3.20286790e+01 
 3.63078055e+08 -3.29163029e+01 
 3.80189396e+08 -3.37941923e+01 
 3.98107171e+08 -3.46633784e+01 
 4.16869383e+08 -3.55248912e+01 
 4.36515832e+08 -3.63797513e+01 
 4.57088190e+08 -3.72289634e+01 
 4.78630092e+08 -3.80735077e+01 
 5.01187234e+08 -3.89143335e+01 
 5.24807460e+08 -3.97523514e+01 
 5.49540874e+08 -4.05884272e+01 
 5.75439937e+08 -4.14233742e+01 
 6.02559586e+08 -4.22579474e+01 
 6.30957344e+08 -4.30928358e+01 
 6.60693448e+08 -4.39286558e+01 
 6.91830971e+08 -4.47659437e+01 
 7.24435960e+08 -4.56051481e+01 
 7.58577575e+08 -4.64466224e+01 
 7.94328235e+08 -4.72906169e+01 
 8.31763771e+08 -4.81372715e+01 
 8.70963590e+08 -4.89866090e+01 
 9.12010839e+08 -4.98385289e+01 
 9.54992586e+08 -5.06928029e+01 
 1.00000000e+09 -5.15490719e+01 
