1.0000000000E+00  1.7999282601E+02
1.0471285500E+00  1.7999248791E+02
1.0964782000E+00  1.7999213388E+02
1.1481536200E+00  1.7999176316E+02
1.2022644300E+00  1.7999137497E+02
1.2589254100E+00  1.7999096849E+02
1.3182567400E+00  1.7999054284E+02
1.3803842600E+00  1.7999009714E+02
1.4454397700E+00  1.7998963043E+02
1.5135612500E+00  1.7998914173E+02
1.5848931900E+00  1.7998863000E+02
1.6595869100E+00  1.7998809415E+02
1.7378008300E+00  1.7998753304E+02
1.8197008600E+00  1.7998694549E+02
1.9054607200E+00  1.7998633025E+02
1.9952623100E+00  1.7998568601E+02
2.0892961300E+00  1.7998501142E+02
2.1877616200E+00  1.7998430503E+02
2.2908676500E+00  1.7998356535E+02
2.3988329200E+00  1.7998279080E+02
2.5118864300E+00  1.7998197976E+02
2.6302679900E+00  1.7998113049E+02
2.7542287000E+00  1.7998024120E+02
2.8840315000E+00  1.7997931000E+02
3.0199517200E+00  1.7997833491E+02
3.1622776600E+00  1.7997731386E+02
3.3113112100E+00  1.7997624470E+02
3.4673685000E+00  1.7997512515E+02
3.6307805500E+00  1.7997395283E+02
3.8018939600E+00  1.7997272526E+02
3.9810717100E+00  1.7997143985E+02
4.1686938300E+00  1.7997009385E+02
4.3651583200E+00  1.7996868441E+02
4.5708819000E+00  1.7996720856E+02
4.7863009200E+00  1.7996566314E+02
5.0118723400E+00  1.7996404490E+02
5.2480746000E+00  1.7996235039E+02
5.4954087400E+00  1.7996057602E+02
5.7543993700E+00  1.7995871802E+02
6.0255958600E+00  1.7995677246E+02
6.3095734400E+00  1.7995473521E+02
6.6069344800E+00  1.7995260195E+02
6.9183097100E+00  1.7995036815E+02
7.2443596000E+00  1.7994802907E+02
7.5857757500E+00  1.7994557976E+02
7.9432823500E+00  1.7994301501E+02
8.3176377100E+00  1.7994032940E+02
8.7096359000E+00  1.7993751721E+02
9.1201083900E+00  1.7993457249E+02
9.5499258600E+00  1.7993148899E+02
1.0000000000E+01  1.7992826017E+02
1.0471285500E+01  1.7992487918E+02
1.0964782000E+01  1.7992133885E+02
1.1481536200E+01  1.7991763167E+02
1.2022644300E+01  1.7991374977E+02
1.2589254100E+01  1.7990968493E+02
1.3182567400E+01  1.7990542852E+02
1.3803842600E+01  1.7990097151E+02
1.4454397700E+01  1.7989630445E+02
1.5135612500E+01  1.7989141744E+02
1.5848931900E+01  1.7988630012E+02
1.6595869100E+01  1.7988094162E+02
1.7378008300E+01  1.7987533059E+02
1.8197008600E+01  1.7986945512E+02
1.9054607200E+01  1.7986330275E+02
1.9952623100E+01  1.7985686044E+02
2.0892961300E+01  1.7985011451E+02
2.1877616200E+01  1.7984305066E+02
2.2908676500E+01  1.7983565390E+02
2.3988329200E+01  1.7982790856E+02
2.5118864300E+01  1.7981979819E+02
2.6302679900E+01  1.7981130560E+02
2.7542287000E+01  1.7980241277E+02
2.8840315000E+01  1.7979310085E+02
3.0199517200E+01  1.7978335009E+02
3.1622776600E+01  1.7977313980E+02
3.3113112100E+01  1.7976244832E+02
3.4673685000E+01  1.7975125300E+02
3.6307805500E+01  1.7973953007E+02
3.8018939600E+01  1.7972725468E+02
3.9810717100E+01  1.7971440080E+02
4.1686938300E+01  1.7970094116E+02
4.3651583200E+01  1.7968684722E+02
4.5708819000E+01  1.7967208910E+02
4.7863009200E+01  1.7965663550E+02
5.0118723400E+01  1.7964045365E+02
5.2480746000E+01  1.7962350922E+02
5.4954087400E+01  1.7960576631E+02
5.7543993700E+01  1.7958718727E+02
6.0255958600E+01  1.7956773273E+02
6.3095734400E+01  1.7954736143E+02
6.6069344800E+01  1.7952603018E+02
6.9183097100E+01  1.7950369376E+02
7.2443596000E+01  1.7948030482E+02
7.5857757500E+01  1.7945581378E+02
7.9432823500E+01  1.7943016873E+02
8.3176377100E+01  1.7940331530E+02
8.7096359000E+01  1.7937519660E+02
9.1201083900E+01  1.7934575302E+02
9.5499258600E+01  1.7931492218E+02
1.0000000000E+02  1.7928263875E+02
1.0471285500E+02  1.7924883434E+02
1.0964782000E+02  1.7921343734E+02
1.1481536200E+02  1.7917637277E+02
1.2022644300E+02  1.7913756214E+02
1.2589254100E+02  1.7909692327E+02
1.3182567400E+02  1.7905437012E+02
1.3803842600E+02  1.7900981263E+02
1.4454397700E+02  1.7896315648E+02
1.5135612500E+02  1.7891430297E+02
1.5848931900E+02  1.7886314877E+02
1.6595869100E+02  1.7880958567E+02
1.7378008300E+02  1.7875350046E+02
1.8197008600E+02  1.7869477460E+02
1.9054607200E+02  1.7863328400E+02
1.9952623100E+02  1.7856889883E+02
2.0892961300E+02  1.7850148314E+02
2.1877616200E+02  1.7843089470E+02
2.2908676500E+02  1.7835698463E+02
2.3988329200E+02  1.7827959715E+02
2.5118864300E+02  1.7819856924E+02
2.6302679900E+02  1.7811373032E+02
2.7542287000E+02  1.7802490193E+02
2.8840315000E+02  1.7793189737E+02
3.0199517200E+02  1.7783452132E+02
3.1622776600E+02  1.7773256949E+02
3.3113112100E+02  1.7762582821E+02
3.4673685000E+02  1.7751407404E+02
3.6307805500E+02  1.7739707332E+02
3.8018939600E+02  1.7727458182E+02
3.9810717100E+02  1.7714634417E+02
4.1686938300E+02  1.7701209354E+02
4.3651583200E+02  1.7687155104E+02
4.5708819000E+02  1.7672442534E+02
4.7863009200E+02  1.7657041217E+02
5.0118723400E+02  1.7640919371E+02
5.2480746000E+02  1.7624043827E+02
5.4954087400E+02  1.7606379959E+02
5.7543993700E+02  1.7587891647E+02
6.0255958600E+02  1.7568541214E+02
6.3095734400E+02  1.7548289386E+02
6.6069344800E+02  1.7527095231E+02
6.9183097100E+02  1.7504916118E+02
7.2443596000E+02  1.7481707664E+02
7.5857757500E+02  1.7457423690E+02
7.9432823500E+02  1.7432016182E+02
8.3176377100E+02  1.7405435250E+02
8.7096359000E+02  1.7377629094E+02
9.1201083900E+02  1.7348543979E+02
9.5499258600E+02  1.7318124215E+02
1.0000000000E+03  1.7286312148E+02
1.0471285500E+03  1.7253048152E+02
1.0964782000E+03  1.7218270653E+02
1.1481536200E+03  1.7181916150E+02
1.2022644300E+03  1.7143919247E+02
1.2589254100E+03  1.7104212730E+02
1.3182567400E+03  1.7062727652E+02
1.3803842600E+03  1.7019393442E+02
1.4454397700E+03  1.6974138024E+02
1.5135612500E+03  1.6926888022E+02
1.5848931900E+03  1.6877568951E+02
1.6595869100E+03  1.6826105450E+02
1.7378008300E+03  1.6772421617E+02
1.8197008600E+03  1.6716441314E+02
1.9054607200E+03  1.6658088590E+02
1.9952623100E+03  1.6597288137E+02
2.0892961300E+03  1.6533965793E+02
2.1877616200E+03  1.6468049175E+02
2.2908676500E+03  1.6399468303E+02
2.3988329200E+03  1.6328156362E+02
2.5118864300E+03  1.6254050520E+02
2.6302679900E+03  1.6177092808E+02
2.7542287000E+03  1.6097231106E+02
2.8840315000E+03  1.6014420184E+02
3.0199517200E+03  1.5928622813E+02
3.1622776600E+03  1.5839810944E+02
3.3113112100E+03  1.5747966920E+02
3.4673685000E+03  1.5653084714E+02
3.6307805500E+03  1.5555171204E+02
3.8018939600E+03  1.5454247418E+02
3.9810717100E+03  1.5350349694E+02
4.1686938300E+03  1.5243530861E+02
4.3651583200E+03  1.5133861182E+02
4.5708819000E+03  1.5021429264E+02
4.7863009200E+03  1.4906342708E+02
5.0118723400E+03  1.4788728511E+02
5.2480746000E+03  1.4668733287E+02
5.4954087400E+03  1.4546523068E+02
5.7543993700E+03  1.4422282879E+02
6.0255958600E+03  1.4296215876E+02
6.3095734400E+03  1.4168542191E+02
6.6069344800E+03  1.4039497357E+02
6.9183097100E+03  1.3909330449E+02
7.2443596000E+03  1.3778301855E+02
7.5857757500E+03  1.3646680809E+02
7.9432823500E+03  1.3514742696E+02
8.3176377100E+03  1.3382766199E+02
8.7096359000E+03  1.3251030356E+02
9.1201083900E+03  1.3119811624E+02
9.5499258600E+03  1.2989380992E+02
1.0000000000E+04  1.2860001243E+02
1.0471285500E+04  1.2731924410E+02
1.0964782000E+04  1.2605389517E+02
1.1481536200E+04  1.2480620602E+02
1.2022644300E+04  1.2357825041E+02
1.2589254100E+04  1.2237192323E+02
1.3182567400E+04  1.2118893141E+02
1.3803842600E+04  1.2003078814E+02
1.4454397700E+04  1.1889881013E+02
1.5135612500E+04  1.1779411957E+02
1.5848931900E+04  1.1671764714E+02
1.6595869100E+04  1.1567013794E+02
1.7378008300E+04  1.1465216037E+02
1.8197008600E+04  1.1366411510E+02
1.9054607200E+04  1.1270624647E+02
1.9952623100E+04  1.1177865425E+02
2.0892961300E+04  1.1088130564E+02
2.1877616200E+04  1.1001404845E+02
2.2908676500E+04  1.0917662298E+02
2.3988329200E+04  1.0836867466E+02
2.5118864300E+04  1.0758976582E+02
2.6302679900E+04  1.0683938680E+02
2.7542287000E+04  1.0611696677E+02
2.8840315000E+04  1.0542188353E+02
3.0199517200E+04  1.0475347265E+02
3.1622776600E+04  1.0411103591E+02
3.3113112100E+04  1.0349384875E+02
3.4673685000E+04  1.0290116713E+02
3.6307805500E+04  1.0233223368E+02
3.8018939600E+04  1.0178628307E+02
3.9810717100E+04  1.0126254662E+02
4.1686938300E+04  1.0076025666E+02
4.3651583200E+04  1.0027864981E+02
4.5708819000E+04  9.9816970254E+01
4.7863009200E+04  9.9374472286E+01
5.0118723400E+04  9.8950422327E+01
5.2480746000E+04  9.8544100924E+01
5.4954087400E+04  9.8154803997E+01
5.7543993700E+04  9.7781844151E+01
6.0255958600E+04  9.7424551432E+01
6.3095734400E+04  9.7082274085E+01
6.6069344800E+04  9.6754378918E+01
6.9183097100E+04  9.6440251656E+01
7.2443596000E+04  9.6139297014E+01
7.5857757500E+04  9.5850938705E+01
7.9432823500E+04  9.5574619338E+01
8.3176377100E+04  9.5309800207E+01
8.7096359000E+04  9.5055960983E+01
9.1201083900E+04  9.4812599392E+01
9.5499258600E+04  9.4579230780E+01
1.0000000000E+05  9.4355387691E+01
1.0471285500E+05  9.4140619346E+01
1.0964782000E+05  9.3934491177E+01
1.1481536200E+05  9.3736584277E+01
1.2022644300E+05  9.3546494779E+01
1.2589254100E+05  9.3363833388E+01
1.3182567400E+05  9.3188224811E+01
1.3803842600E+05  9.3019307170E+01
1.4454397700E+05  9.2856731345E+01
1.5135612500E+05  9.2700160567E+01
1.5848931900E+05  9.2549269754E+01
1.6595869100E+05  9.2403744931E+01
1.7378008300E+05  9.2263282784E+01
1.8197008600E+05  9.2127590008E+01
1.9054607200E+05  9.1996382837E+01
1.9952623100E+05  9.1869386509E+01
2.0892961300E+05  9.1746334708E+01
2.1877616200E+05  9.1626969138E+01
2.2908676500E+05  9.1511038944E+01
2.3988329200E+05  9.1398300276E+01
2.5118864300E+05  9.1288515801E+01
2.6302679900E+05  9.1181454210E+01
2.7542287000E+05  9.1076889786E+01
2.8840315000E+05  9.0974601938E+01
3.0199517200E+05  9.0874374754E+01
3.1622776600E+05  9.0775996577E+01
3.3113112100E+05  9.0679259558E+01
3.4673685000E+05  9.0583959230E+01
3.6307805500E+05  9.0489894102E+01
3.8018939600E+05  9.0396865248E+01
3.9810717100E+05  9.0304675860E+01
4.1686938300E+05  9.0213130895E+01
4.3651583200E+05  9.0122036615E+01
4.5708819000E+05  9.0031200226E+01
4.7863009200E+05  8.9940429469E+01
5.0118723400E+05  8.9849532192E+01
5.2480746000E+05  8.9758315996E+01
5.4954087400E+05  8.9666587791E+01
5.7543993700E+05  8.9574153426E+01
6.0255958600E+05  8.9480817262E+01
6.3095734400E+05  8.9386381785E+01
6.6069344800E+05  8.9290647177E+01
6.9183097100E+05  8.9193410920E+01
7.2443596000E+05  8.9094467362E+01
7.5857757500E+05  8.8993607298E+01
7.9432823500E+05  8.8890617541E+01
8.3176377100E+05  8.8785280482E+01
8.7096359000E+05  8.8677373642E+01
9.1201083900E+05  8.8566669226E+01
9.5499258600E+05  8.8452933647E+01
1.0000000000E+06  8.8335927071E+01
1.0471285500E+06  8.8215402917E+01
1.0964782000E+06  8.8091107386E+01
1.1481536200E+06  8.7962778958E+01
1.2022644300E+06  8.7830147823E+01
1.2589254100E+06  8.7692935412E+01
1.3182567400E+06  8.7550853867E+01
1.3803842600E+06  8.7403605475E+01
1.4454397700E+06  8.7250882029E+01
1.5135612500E+06  8.7092364394E+01
1.5848931900E+06  8.6927721834E+01
1.6595869100E+06  8.6756611377E+01
1.7378008300E+06  8.6578677334E+01
1.8197008600E+06  8.6393550545E+01
1.9054607200E+06  8.6200847834E+01
1.9952623100E+06  8.6000171365E+01
2.0892961300E+06  8.5791107930E+01
2.1877616200E+06  8.5573228446E+01
2.2908676500E+06  8.5346087162E+01
2.3988329200E+06  8.5109221122E+01
2.5118864300E+06  8.4862149509E+01
2.6302679900E+06  8.4604372981E+01
2.7542287000E+06  8.4335373123E+01
2.8840315000E+06  8.4054611838E+01
3.0199517200E+06  8.3761530815E+01
3.1622776600E+06  8.3455551030E+01
3.3113112100E+06  8.3136072281E+01
3.4673685000E+06  8.2802472768E+01
3.6307805500E+06  8.2454108830E+01
3.8018939600E+06  8.2090314745E+01
3.9810717100E+06  8.1710402481E+01
4.1686938300E+06  8.1313661922E+01
4.3651583200E+06  8.0899360795E+01
4.5708819000E+06  8.0466745212E+01
4.7863009200E+06  8.0015040162E+01
5.0118723400E+06  7.9543450172E+01
5.2480746000E+06  7.9051160566E+01
5.4954087400E+06  7.8537338598E+01
5.7543993700E+06  7.8001135333E+01
6.0255958600E+06  7.7441687573E+01
6.3095734400E+06  7.6858120508E+01
6.6069344800E+06  7.6249550581E+01
6.9183097100E+06  7.5615089137E+01
7.2443596000E+06  7.4953846442E+01
7.5857757500E+06  7.4264936445E+01
7.9432823500E+06  7.3547482221E+01
8.3176377100E+06  7.2800622134E+01
8.7096359000E+06  7.2023516707E+01
9.1201083900E+06  7.1215356447E+01
9.5499258600E+06  7.0375370324E+01
1.0000000000E+07  6.9502835274E+01
1.0471285500E+07  6.8597086345E+01
1.0964782000E+07  6.7657527896E+01
1.1481536200E+07  6.6683645425E+01
1.2022644300E+07  6.5675017638E+01
1.2589254100E+07  6.4631329908E+01
1.3182567400E+07  6.3552387757E+01
1.3803842600E+07  6.2438130378E+01
1.4454397700E+07  6.1288643630E+01
1.5135612500E+07  6.0104174371E+01
1.5848931900E+07  5.8885142414E+01
1.6595869100E+07  5.7632151966E+01
1.7378008300E+07  5.6346002791E+01
1.8197008600E+07  5.5027697878E+01
1.9054607200E+07  5.3678450447E+01
1.9952623100E+07  5.2299687926E+01
2.0892961300E+07  5.0893052678E+01
2.1877616200E+07  4.9460401210E+01
2.2908676500E+07  4.8003798209E+01
2.3988329200E+07  4.6525509000E+01
2.5118864300E+07  4.5027988036E+01
2.6302679900E+07  4.3513864154E+01
2.7542287000E+07  4.1985923790E+01
2.8840315000E+07  4.0447091236E+01
3.0199517200E+07  3.8900407365E+01
3.1622776600E+07  3.7349007015E+01
3.3113112100E+07  3.5796095538E+01
3.4673685000E+07  3.4244925273E+01
3.6307805500E+07  3.2698772809E+01
3.8018939600E+07  3.1160917094E+01
3.9810717100E+07  2.9634618232E+01
4.1686938300E+07  2.8123099394E+01
4.3651583200E+07  2.6629528632E+01
4.5708819000E+07  2.5157004187E+01
4.7863009200E+07  2.3708540336E+01
5.0118723400E+07  2.2287054448E+01
5.2480746000E+07  2.0895355988E+01
5.4954087400E+07  1.9536134711E+01
5.7543993700E+07  1.8211950178E+01
6.0255958600E+07  1.6925219978E+01
6.3095734400E+07  1.5678208100E+01
6.6069344800E+07  1.4473011847E+01
6.9183097100E+07  1.3311548413E+01
7.2443596000E+07  1.2195540221E+01
7.5857757500E+07  1.1126499997E+01
7.9432823500E+07  1.0105715722E+01
8.3176377100E+07  9.1342360780E+00
8.7096359000E+07  8.2128569775E+00
9.1201083900E+07  7.3421102213E+00
9.5499258600E+07  6.5222546089E+00
1.0000000000E+08  5.7532706420E+00
1.0471285500E+08  5.0348590086E+00
1.0964782000E+08  4.3664437240E+00
1.1481536200E+08  3.7471798136E+00
1.2022644300E+08  3.1759654985E+00
1.2589254100E+08  2.6514594900E+00
1.3182567400E+08  2.1721021169E+00
1.3803842600E+08  1.7361399646E+00
1.4454397700E+08  1.3416532412E+00
1.5135612500E+08  9.8658575840E-01
1.5848931900E+08  6.6877532835E-01
1.6595869100E+08  3.8598463799E-01
1.7378008300E+08  1.3593170745E-01
1.8197008600E+08  -8.3681483787E-02
1.9054607200E+08  -2.7514208675E-01
1.9952623100E+08  -4.4070219052E-01
2.0892961300E+08  -5.8255760200E-01
2.1877616200E+08  -7.0282961989E-01
2.2908676500E+08  -8.0355027195E-01
2.3988329200E+08  -8.8665059047E-01
2.5118864300E+08  -9.5395204331E-01
2.6302679900E+08  -1.0071608176E+00
2.7542287000E+08  -1.0478646536E+00
2.8840315000E+08  -1.0775319811E+00
3.0199517200E+08  -1.0975129869E+00
3.1622776600E+08  -1.1090423034E+00
3.3113112100E+08  -1.1132429954E+00
3.4673685000E+08  -1.1111315464E+00
3.6307805500E+08  -1.1036235761E+00
3.8018939600E+08  -1.0915400555E+00
3.9810717100E+08  -1.0756138011E+00
4.1686938300E+08  -1.0564960955E+00
4.3651583200E+08  -1.0347632637E+00
4.5708819000E+08  -1.0109231273E+00
4.7863009200E+08  -9.8542122095E-01
5.0118723400E+08  -9.5864671289E-01
5.2480746000E+08  -9.3093800842E-01
5.4954087400E+08  -9.0258796600E-01
5.7543993700E+08  -8.7384875885E-01
6.0255958600E+08  -8.4493633548E-01
6.3095734400E+08  -8.1603451994E-01
6.6069344800E+08  -7.8729873329E-01
6.9183097100E+08  -7.5885937791E-01
7.2443596000E+08  -7.3082488172E-01
7.5857757500E+08  -7.0328443862E-01
7.9432823500E+08  -6.7631046161E-01
8.3176377100E+08  -6.4996077124E-01
8.7096359000E+08  -6.2428053950E-01
9.1201083900E+08  -5.9930401868E-01
9.5499258600E+08  -5.7505606439E-01
1.0000000000E+09  -5.5155348429E-01
