 1.00000000e+00 -1.07988147e+01 
 1.05925373e+00 -1.07988147e+01 
 1.12201845e+00 -1.07988147e+01 
 1.18850223e+00 -1.07988147e+01 
 1.25892541e+00 -1.07988147e+01 
 1.33352143e+00 -1.07988147e+01 
 1.41253754e+00 -1.07988147e+01 
 1.49623566e+00 -1.07988147e+01 
 1.58489319e+00 -1.07988147e+01 
 1.67880402e+00 -1.07988147e+01 
 1.77827941e+00 -1.07988147e+01 
 1.88364909e+00 -1.07988147e+01 
 1.99526231e+00 -1.07988147e+01 
 2.11348904e+00 -1.07988147e+01 
 2.23872114e+00 -1.07988147e+01 
 2.37137371e+00 -1.07988147e+01 
 2.51188643e+00 -1.07988147e+01 
 2.66072506e+00 -1.07988147e+01 
 2.81838293e+00 -1.07988147e+01 
 2.98538262e+00 -1.07988147e+01 
 3.16227766e+00 -1.07988147e+01 
 3.34965439e+00 -1.07988147e+01 
 3.54813389e+00 -1.07988147e+01 
 3.75837404e+00 -1.07988147e+01 
 3.98107171e+00 -1.07988147e+01 
 4.21696503e+00 -1.07988147e+01 
 4.46683592e+00 -1.07988147e+01 
 4.73151259e+00 -1.07988147e+01 
 5.01187234e+00 -1.07988147e+01 
 5.30884444e+00 -1.07988147e+01 
 5.62341325e+00 -1.07988147e+01 
 5.95662144e+00 -1.07988147e+01 
 6.30957344e+00 -1.07988147e+01 
 6.68343918e+00 -1.07988147e+01 
 7.07945784e+00 -1.07988147e+01 
 7.49894209e+00 -1.07988147e+01 
 7.94328235e+00 -1.07988147e+01 
 8.41395142e+00 -1.07988147e+01 
 8.91250938e+00 -1.07988147e+01 
 9.44060876e+00 -1.07988147e+01 
 1.00000000e+01 -1.07988147e+01 
 1.05925373e+01 -1.07988147e+01 
 1.12201845e+01 -1.07988147e+01 
 1.18850223e+01 -1.07988147e+01 
 1.25892541e+01 -1.07988147e+01 
 1.33352143e+01 -1.07988147e+01 
 1.41253754e+01 -1.07988147e+01 
 1.49623566e+01 -1.07988147e+01 
 1.58489319e+01 -1.07988147e+01 
 1.67880402e+01 -1.07988147e+01 
 1.77827941e+01 -1.07988147e+01 
 1.88364909e+01 -1.07988147e+01 
 1.99526231e+01 -1.07988147e+01 
 2.11348904e+01 -1.07988147e+01 
 2.23872114e+01 -1.07988147e+01 
 2.37137371e+01 -1.07988147e+01 
 2.51188643e+01 -1.07988147e+01 
 2.66072506e+01 -1.07988148e+01 
 2.81838293e+01 -1.07988148e+01 
 2.98538262e+01 -1.07988148e+01 
 3.16227766e+01 -1.07988148e+01 
 3.34965439e+01 -1.07988148e+01 
 3.54813389e+01 -1.07988148e+01 
 3.75837404e+01 -1.07988148e+01 
 3.98107171e+01 -1.07988148e+01 
 4.21696503e+01 -1.07988148e+01 
 4.46683592e+01 -1.07988149e+01 
 4.73151259e+01 -1.07988149e+01 
 5.01187234e+01 -1.07988149e+01 
 5.30884444e+01 -1.07988149e+01 
 5.62341325e+01 -1.07988150e+01 
 5.95662144e+01 -1.07988150e+01 
 6.30957344e+01 -1.07988150e+01 
 6.68343918e+01 -1.07988151e+01 
 7.07945784e+01 -1.07988151e+01 
 7.49894209e+01 -1.07988152e+01 
 7.94328235e+01 -1.07988152e+01 
 8.41395142e+01 -1.07988153e+01 
 8.91250938e+01 -1.07988153e+01 
 9.44060876e+01 -1.07988154e+01 
 1.00000000e+02 -1.07988155e+01 
 1.05925373e+02 -1.07988156e+01 
 1.12201845e+02 -1.07988157e+01 
 1.18850223e+02 -1.07988158e+01 
 1.25892541e+02 -1.07988160e+01 
 1.33352143e+02 -1.07988161e+01 
 1.41253754e+02 -1.07988163e+01 
 1.49623566e+02 -1.07988165e+01 
 1.58489319e+02 -1.07988167e+01 
 1.67880402e+02 -1.07988170e+01 
 1.77827941e+02 -1.07988173e+01 
 1.88364909e+02 -1.07988176e+01 
 1.99526231e+02 -1.07988179e+01 
 2.11348904e+02 -1.07988183e+01 
 2.23872114e+02 -1.07988188e+01 
 2.37137371e+02 -1.07988193e+01 
 2.51188643e+02 -1.07988198e+01 
 2.66072506e+02 -1.07988205e+01 
 2.81838293e+02 -1.07988212e+01 
 2.98538262e+02 -1.07988220e+01 
 3.16227766e+02 -1.07988229e+01 
 3.34965439e+02 -1.07988239e+01 
 3.54813389e+02 -1.07988250e+01 
 3.75837404e+02 -1.07988262e+01 
 3.98107171e+02 -1.07988276e+01 
 4.21696503e+02 -1.07988292e+01 
 4.46683592e+02 -1.07988310e+01 
 4.73151259e+02 -1.07988330e+01 
 5.01187234e+02 -1.07988352e+01 
 5.30884444e+02 -1.07988377e+01 
 5.62341325e+02 -1.07988405e+01 
 5.95662144e+02 -1.07988437e+01 
 6.30957344e+02 -1.07988472e+01 
 6.68343918e+02 -1.07988512e+01 
 7.07945784e+02 -1.07988556e+01 
 7.49894209e+02 -1.07988606e+01 
 7.94328235e+02 -1.07988662e+01 
 8.41395142e+02 -1.07988725e+01 
 8.91250938e+02 -1.07988795e+01 
 9.44060876e+02 -1.07988875e+01 
 1.00000000e+03 -1.07988963e+01 
 1.05925373e+03 -1.07989063e+01 
 1.12201845e+03 -1.07989175e+01 
 1.18850223e+03 -1.07989300e+01 
 1.25892541e+03 -1.07989441e+01 
 1.33352143e+03 -1.07989599e+01 
 1.41253754e+03 -1.07989776e+01 
 1.49623566e+03 -1.07989975e+01 
 1.58489319e+03 -1.07990198e+01 
 1.67880402e+03 -1.07990448e+01 
 1.77827941e+03 -1.07990729e+01 
 1.88364909e+03 -1.07991044e+01 
 1.99526231e+03 -1.07991397e+01 
 2.11348904e+03 -1.07991794e+01 
 2.23872114e+03 -1.07992238e+01 
 2.37137371e+03 -1.07992738e+01 
 2.51188643e+03 -1.07993298e+01 
 2.66072506e+03 -1.07993926e+01 
 2.81838293e+03 -1.07994631e+01 
 2.98538262e+03 -1.07995423e+01 
 3.16227766e+03 -1.07996310e+01 
 3.34965439e+03 -1.07997306e+01 
 3.54813389e+03 -1.07998424e+01 
 3.75837404e+03 -1.07999677e+01 
 3.98107171e+03 -1.08001084e+01 
 4.21696503e+03 -1.08002662e+01 
 4.46683592e+03 -1.08004433e+01 
 4.73151259e+03 -1.08006420e+01 
 5.01187234e+03 -1.08008649e+01 
 5.30884444e+03 -1.08011150e+01 
 5.62341325e+03 -1.08013956e+01 
 5.95662144e+03 -1.08017104e+01 
 6.30957344e+03 -1.08020636e+01 
 6.68343918e+03 -1.08024599e+01 
 7.07945784e+03 -1.08029044e+01 
 7.49894209e+03 -1.08034032e+01 
 7.94328235e+03 -1.08039628e+01 
 8.41395142e+03 -1.08045905e+01 
 8.91250938e+03 -1.08052947e+01 
 9.44060876e+03 -1.08060848e+01 
 1.00000000e+04 -1.08069710e+01 
 1.05925373e+04 -1.08079652e+01 
 1.12201845e+04 -1.08090804e+01 
 1.18850223e+04 -1.08103313e+01 
 1.25892541e+04 -1.08117345e+01 
 1.33352143e+04 -1.08133083e+01 
 1.41253754e+04 -1.08150735e+01 
 1.49623566e+04 -1.08170532e+01 
 1.58489319e+04 -1.08192734e+01 
 1.67880402e+04 -1.08217631e+01 
 1.77827941e+04 -1.08245549e+01 
 1.88364909e+04 -1.08276853e+01 
 1.99526231e+04 -1.08311949e+01 
 2.11348904e+04 -1.08351294e+01 
 2.23872114e+04 -1.08395397e+01 
 2.37137371e+04 -1.08444828e+01 
 2.51188643e+04 -1.08500224e+01 
 2.66072506e+04 -1.08562295e+01 
 2.81838293e+04 -1.08631834e+01 
 2.98538262e+04 -1.08709726e+01 
 3.16227766e+04 -1.08796955e+01 
 3.34965439e+04 -1.08894620e+01 
 3.54813389e+04 -1.09003941e+01 
 3.75837404e+04 -1.09126273e+01 
 3.98107171e+04 -1.09263123e+01 
 4.21696503e+04 -1.09416159e+01 
 4.46683592e+04 -1.09587227e+01 
 4.73151259e+04 -1.09778368e+01 
 5.01187234e+04 -1.09991835e+01 
 5.30884444e+04 -1.10230103e+01 
 5.62341325e+04 -1.10495896e+01 
 5.95662144e+04 -1.10792193e+01 
 6.30957344e+04 -1.11122252e+01 
 6.68343918e+04 -1.11489617e+01 
 7.07945784e+04 -1.11898136e+01 
 7.49894209e+04 -1.12351966e+01 
 7.94328235e+04 -1.12855581e+01 
 8.41395142e+04 -1.13413768e+01 
 8.91250938e+04 -1.14031626e+01 
 9.44060876e+04 -1.14714552e+01 
 1.00000000e+05 -1.15468215e+01 
 1.05925373e+05 -1.16298530e+01 
 1.12201845e+05 -1.17211610e+01 
 1.18850223e+05 -1.18213717e+01 
 1.25892541e+05 -1.19311193e+01 
 1.33352143e+05 -1.20510382e+01 
 1.41253754e+05 -1.21817543e+01 
 1.49623566e+05 -1.23238749e+01 
 1.58489319e+05 -1.24779781e+01 
 1.67880402e+05 -1.26446019e+01 
 1.77827941e+05 -1.28242329e+01 
 1.88364909e+05 -1.30172957e+01 
 1.99526231e+05 -1.32241427e+01 
 2.11348904e+05 -1.34450457e+01 
 2.23872114e+05 -1.36801885e+01 
 2.37137371e+05 -1.39296628e+01 
 2.51188643e+05 -1.41934646e+01 
 2.66072506e+05 -1.44714951e+01 
 2.81838293e+05 -1.47635624e+01 
 2.98538262e+05 -1.50693864e+01 
 3.16227766e+05 -1.53886060e+01 
 3.34965439e+05 -1.57207866e+01 
 3.54813389e+05 -1.60654311e+01 
 3.75837404e+05 -1.64219896e+01 
 3.98107171e+05 -1.67898707e+01 
 4.21696503e+05 -1.71684524e+01 
 4.46683592e+05 -1.75570924e+01 
 4.73151259e+05 -1.79551380e+01 
 5.01187234e+05 -1.83619345e+01 
 5.30884444e+05 -1.87768331e+01 
 5.62341325e+05 -1.91991968e+01 
 5.95662144e+05 -1.96284060e+01 
 6.30957344e+05 -2.00638619e+01 
 6.68343918e+05 -2.05049898e+01 
 7.07945784e+05 -2.09512404e+01 
 7.49894209e+05 -2.14020907e+01 
 7.94328235e+05 -2.18570446e+01 
 8.41395142e+05 -2.23156313e+01 
 8.91250938e+05 -2.27774048e+01 
 9.44060876e+05 -2.32419421e+01 
 1.00000000e+06 -2.37088409e+01 
 1.05925373e+06 -2.41777174e+01 
 1.12201845e+06 -2.46482035e+01 
 1.18850223e+06 -2.51199441e+01 
 1.25892541e+06 -2.55925940e+01 
 1.33352143e+06 -2.60658148e+01 
 1.41253754e+06 -2.65392713e+01 
 1.49623566e+06 -2.70126285e+01 
 1.58489319e+06 -2.74855476e+01 
 1.67880402e+06 -2.79576824e+01 
 1.77827941e+06 -2.84286754e+01 
 1.88364909e+06 -2.88981538e+01 
 1.99526231e+06 -2.93657252e+01 
 2.11348904e+06 -2.98309727e+01 
 2.23872114e+06 -3.02934508e+01 
 2.37137371e+06 -3.07526802e+01 
 2.51188643e+06 -3.12081422e+01 
 2.66072506e+06 -3.16592736e+01 
 2.81838293e+06 -3.21054610e+01 
 2.98538262e+06 -3.25460346e+01 
 3.16227766e+06 -3.29802624e+01 
 3.34965439e+06 -3.34073436e+01 
 3.54813389e+06 -3.38264034e+01 
 3.75837404e+06 -3.42364864e+01 
 3.98107171e+06 -3.46365519e+01 
 4.21696503e+06 -3.50254691e+01 
 4.46683592e+06 -3.54020146e+01 
 4.73151259e+06 -3.57648705e+01 
 5.01187234e+06 -3.61126254e+01 
 5.30884444e+06 -3.64437787e+01 
 5.62341325e+06 -3.67567478e+01 
 5.95662144e+06 -3.70498805e+01 
 6.30957344e+06 -3.73214712e+01 
 6.68343918e+06 -3.75697842e+01 
 7.07945784e+06 -3.77930806e+01 
 7.49894209e+06 -3.79896525e+01 
 7.94328235e+06 -3.81578610e+01 
 8.41395142e+06 -3.82961778e+01 
 8.91250938e+06 -3.84032292e+01 
 9.44060876e+06 -3.84778399e+01 
 1.00000000e+07 -3.85190744e+01 
 1.05925373e+07 -3.85262735e+01 
 1.12201845e+07 -3.84990848e+01 
 1.18850223e+07 -3.84374854e+01 
 1.25892541e+07 -3.83417972e+01 
 1.33352143e+07 -3.82126957e+01 
 1.41253754e+07 -3.80512155e+01 
 1.49623566e+07 -3.78587550e+01 
 1.58489319e+07 -3.76370865e+01 
 1.67880402e+07 -3.73883760e+01 
 1.77827941e+07 -3.71152186e+01 
 1.88364909e+07 -3.68206970e+01 
 1.99526231e+07 -3.65084647e+01 
 2.11348904e+07 -3.61828608e+01 
 2.23872114e+07 -3.58490528e+01 
 2.37137371e+07 -3.55132015e+01 
 2.51188643e+07 -3.51826296e+01 
 2.66072506e+07 -3.48659568e+01 
 2.81838293e+07 -3.45731478e+01 
 2.98538262e+07 -3.43153917e+01 
 3.16227766e+07 -3.41047263e+01 
 3.34965439e+07 -3.39533402e+01 
 3.54813389e+07 -3.38725546e+01 
 3.75837404e+07 -3.38716070e+01 
 3.98107171e+07 -3.39564900e+01 
 4.21696503e+07 -3.41291620e+01 
 4.46683592e+07 -3.43873781e+01 
 4.73151259e+07 -3.47251967e+01 
 5.01187234e+07 -3.51339922e+01 
 5.30884444e+07 -3.56036698e+01 
 5.62341325e+07 -3.61237887e+01 
 5.95662144e+07 -3.66844061e+01 
 6.30957344e+07 -3.72765904e+01 
 6.68343918e+07 -3.78926429e+01 
 7.07945784e+07 -3.85261106e+01 
 7.49894209e+07 -3.91716746e+01 
 7.94328235e+07 -3.98249796e+01 
 8.41395142e+07 -4.04824487e+01 
 8.91250938e+07 -4.11411082e+01 
 9.44060876e+07 -4.17984347e+01 
 1.00000000e+08 -4.24522282e+01 
