 0.00000000e+00  1.81000000e-12 
 1.00000000e-02  1.81000000e-12 
 2.00000000e-02  1.81000000e-12 
 3.00000000e-02  1.81000000e-12 
 4.00000000e-02  1.81000000e-12 
 5.00000000e-02  1.81000000e-12 
 6.00000000e-02  1.81000000e-12 
 7.00000000e-02  1.81000000e-12 
 8.00000000e-02  1.81000000e-12 
 9.00000000e-02  1.81000000e-12 
 1.00000000e-01  1.81000000e-12 
 1.10000000e-01  1.81000000e-12 
 1.20000000e-01  1.81000000e-12 
 1.30000000e-01  1.81000000e-12 
 1.40000000e-01  1.81000000e-12 
 1.50000000e-01  1.81000000e-12 
 1.60000000e-01  1.81000000e-12 
 1.70000000e-01  1.81000000e-12 
 1.80000000e-01  1.81000000e-12 
 1.90000000e-01  1.81000000e-12 
 2.00000000e-01  1.81000000e-12 
 2.10000000e-01  1.81000000e-12 
 2.20000000e-01  1.81000000e-12 
 2.30000000e-01  1.81000000e-12 
 2.40000000e-01  1.81000000e-12 
 2.50000000e-01  1.81000000e-12 
 2.60000000e-01  1.81000000e-12 
 2.70000000e-01  1.81000000e-12 
 2.80000000e-01  1.81000000e-12 
 2.90000000e-01  1.81000000e-12 
 3.00000000e-01  1.81000000e-12 
 3.10000000e-01  1.81000000e-12 
 3.20000000e-01  1.81000000e-12 
 3.30000000e-01  1.81000000e-12 
 3.40000000e-01  1.81000000e-12 
 3.50000000e-01  1.81000000e-12 
 3.60000000e-01  1.81000000e-12 
 3.70000000e-01  1.81000000e-12 
 3.80000000e-01  1.81000000e-12 
 3.90000000e-01  1.81000000e-12 
 4.00000000e-01  1.81000000e-12 
 4.10000000e-01  1.81000000e-12 
 4.20000000e-01  1.81000000e-12 
 4.30000000e-01  1.81000000e-12 
 4.40000000e-01  1.81000000e-12 
 4.50000000e-01  1.81000000e-12 
 4.60000000e-01  1.81000000e-12 
 4.70000000e-01  1.81000000e-12 
 4.80000000e-01  1.81000000e-12 
 4.90000000e-01  1.81000000e-12 
 5.00000000e-01  1.81000000e-12 
 5.10000000e-01  1.81000000e-12 
 5.20000000e-01  1.81000000e-12 
 5.30000000e-01  1.81000000e-12 
 5.40000000e-01  1.81000000e-12 
 5.50000000e-01  2.51017375e-08 
 5.60000000e-01  1.57547958e-07 
 5.70000000e-01  4.03750349e-07 
 5.80000000e-01  7.63708909e-07 
 5.90000000e-01  1.23742364e-06 
 6.00000000e-01  1.82489454e-06 
 6.10000000e-01  2.52612161e-06 
 6.20000000e-01  3.34110484e-06 
 6.30000000e-01  4.26984425e-06 
 6.40000000e-01  5.31233983e-06 
 6.50000000e-01  6.46859158e-06 
 6.60000000e-01  7.73859949e-06 
 6.70000000e-01  9.12236358e-06 
 6.80000000e-01  1.06198838e-05 
 6.90000000e-01  1.22311603e-05 
 7.00000000e-01  1.39561929e-05 
 7.10000000e-01  1.57949816e-05 
 7.20000000e-01  1.77475265e-05 
 7.30000000e-01  1.98138277e-05 
 7.40000000e-01  2.19938849e-05 
 7.50000000e-01  2.42876984e-05 
 7.60000000e-01  2.66952680e-05 
 7.70000000e-01  2.92165938e-05 
 7.80000000e-01  3.18516757e-05 
 7.90000000e-01  3.46005138e-05 
 8.00000000e-01  3.74631081e-05 
 8.10000000e-01  4.04394586e-05 
 8.20000000e-01  4.35295652e-05 
 8.30000000e-01  4.67334280e-05 
 8.40000000e-01  5.00510470e-05 
 8.50000000e-01  5.34824221e-05 
 8.60000000e-01  5.69706753e-05 
 8.70000000e-01  6.06295628e-05 
 8.80000000e-01  6.44022064e-05 
 8.90000000e-01  6.82886063e-05 
 9.00000000e-01  7.22887622e-05 
 9.10000000e-01  7.64026744e-05 
 9.20000000e-01  8.06303427e-05 
 9.30000000e-01  8.49717672e-05 
 9.40000000e-01  8.94269479e-05 
 9.50000000e-01  9.39958847e-05 
 9.60000000e-01  9.86785777e-05 
 9.70000000e-01  1.03475027e-04 
 9.80000000e-01  1.08385232e-04 
 9.90000000e-01  1.13409194e-04 
 1.00000000e+00  1.18546911e-04 
 1.01000000e+00  1.23798385e-04 
 1.02000000e+00  1.29163615e-04 
 1.03000000e+00  1.34642601e-04 
 1.04000000e+00  1.40235344e-04 
 1.05000000e+00  1.45941842e-04 
 1.06000000e+00  1.51762097e-04 
 1.07000000e+00  1.57696108e-04 
 1.08000000e+00  1.63743875e-04 
 1.09000000e+00  1.69905398e-04 
 1.10000000e+00  1.76180678e-04 
 1.11000000e+00  1.82569713e-04 
 1.12000000e+00  1.89072505e-04 
 1.13000000e+00  1.95689053e-04 
 1.14000000e+00  2.02419357e-04 
 1.15000000e+00  2.09263417e-04 
 1.16000000e+00  2.16221233e-04 
 1.17000000e+00  2.23292806e-04 
 1.18000000e+00  2.30478135e-04 
 1.19000000e+00  2.37777220e-04 
 1.20000000e+00  2.45190061e-04 
 1.21000000e+00  2.52716658e-04 
 1.22000000e+00  2.60357011e-04 
 1.23000000e+00  2.68111121e-04 
 1.24000000e+00  2.75978987e-04 
 1.25000000e+00  2.83960609e-04 
 1.26000000e+00  2.92055987e-04 
 1.27000000e+00  3.00265121e-04 
 1.28000000e+00  3.08588011e-04 
 1.29000000e+00  3.17024658e-04 
 1.30000000e+00  3.25575061e-04 
 1.31000000e+00  3.34239220e-04 
 1.32000000e+00  3.43017135e-04 
 1.33000000e+00  3.51908806e-04 
 1.34000000e+00  3.60914233e-04 
 1.35000000e+00  3.70033417e-04 
 1.36000000e+00  3.79266357e-04 
 1.37000000e+00  3.88613053e-04 
 1.38000000e+00  3.98073505e-04 
 1.39000000e+00  4.07647713e-04 
 1.40000000e+00  4.17335678e-04 
 1.41000000e+00  4.27137398e-04 
 1.42000000e+00  4.37052875e-04 
 1.43000000e+00  4.47082108e-04 
 1.44000000e+00  4.57225097e-04 
 1.45000000e+00  4.67481842e-04 
 1.46000000e+00  4.77852344e-04 
 1.47000000e+00  4.88336602e-04 
 1.48000000e+00  4.98934615e-04 
 1.49000000e+00  5.09646385e-04 
 1.50000000e+00  5.20471912e-04 
 1.51000000e+00  5.31411194e-04 
 1.52000000e+00  5.42464232e-04 
 1.53000000e+00  5.53631027e-04 
 1.54000000e+00  5.64911578e-04 
 1.55000000e+00  5.76305885e-04 
 1.56000000e+00  5.87813948e-04 
 1.57000000e+00  5.99435767e-04 
 1.58000000e+00  6.11171343e-04 
 1.59000000e+00  6.23020675e-04 
 1.60000000e+00  6.34983762e-04 
 1.61000000e+00  6.47060606e-04 
 1.62000000e+00  6.59251207e-04 
 1.63000000e+00  6.71555563e-04 
 1.64000000e+00  6.83973676e-04 
 1.65000000e+00  6.96505544e-04 
 1.66000000e+00  7.09151169e-04 
 1.67000000e+00  7.21910550e-04 
 1.68000000e+00  7.34783687e-04 
 1.69000000e+00  7.47770581e-04 
 1.70000000e+00  7.60871230e-04 
 1.71000000e+00  7.74085636e-04 
 1.72000000e+00  7.87413798e-04 
 1.73000000e+00  8.00855716e-04 
 1.74000000e+00  8.14411390e-04 
 1.75000000e+00  8.28080821e-04 
 1.76000000e+00  8.41864007e-04 
 1.77000000e+00  8.55760950e-04 
 1.78000000e+00  8.69771649e-04 
 1.79000000e+00  8.83896104e-04 
 1.80000000e+00  8.98134315e-04 
