 0.00000000e+00  1.81000000e-12 
 1.00000000e-02  1.81000000e-12 
 2.00000000e-02  1.81000000e-12 
 3.00000000e-02  1.81000000e-12 
 4.00000000e-02  1.81000000e-12 
 5.00000000e-02  1.81000000e-12 
 6.00000000e-02  1.81000000e-12 
 7.00000000e-02  1.81000000e-12 
 8.00000000e-02  1.81000000e-12 
 9.00000000e-02  1.81000000e-12 
 1.00000000e-01  1.81000000e-12 
 1.10000000e-01  1.81000000e-12 
 1.20000000e-01  1.81000000e-12 
 1.30000000e-01  1.81000000e-12 
 1.40000000e-01  1.81000000e-12 
 1.50000000e-01  1.81000000e-12 
 1.60000000e-01  1.81000000e-12 
 1.70000000e-01  1.81000000e-12 
 1.80000000e-01  1.81000000e-12 
 1.90000000e-01  1.81000000e-12 
 2.00000000e-01  1.81000000e-12 
 2.10000000e-01  1.81000000e-12 
 2.20000000e-01  1.81000000e-12 
 2.30000000e-01  1.81000000e-12 
 2.40000000e-01  1.81000000e-12 
 2.50000000e-01  1.81000000e-12 
 2.60000000e-01  1.81000000e-12 
 2.70000000e-01  1.81000000e-12 
 2.80000000e-01  1.81000000e-12 
 2.90000000e-01  1.81000000e-12 
 3.00000000e-01  1.81000000e-12 
 3.10000000e-01  1.81000000e-12 
 3.20000000e-01  1.81000000e-12 
 3.30000000e-01  1.81000000e-12 
 3.40000000e-01  1.81000000e-12 
 3.50000000e-01  1.81000000e-12 
 3.60000000e-01  1.81000000e-12 
 3.70000000e-01  1.81000000e-12 
 3.80000000e-01  1.81000000e-12 
 3.90000000e-01  1.81000000e-12 
 4.00000000e-01  1.81000000e-12 
 4.10000000e-01  1.81000000e-12 
 4.20000000e-01  1.81000000e-12 
 4.30000000e-01  1.81000000e-12 
 4.40000000e-01  1.81000000e-12 
 4.50000000e-01  1.81000000e-12 
 4.60000000e-01  1.81000000e-12 
 4.70000000e-01  1.81000000e-12 
 4.80000000e-01  1.81000000e-12 
 4.90000000e-01  1.81000000e-12 
 5.00000000e-01  1.81000000e-12 
 5.10000000e-01  5.62217493e-08 
 5.20000000e-01  2.45173489e-07 
 5.30000000e-01  5.67295230e-07 
 5.40000000e-01  1.02258697e-06 
 5.50000000e-01  1.61104872e-06 
 5.60000000e-01  2.33268046e-06 
 5.70000000e-01  3.18748221e-06 
 5.80000000e-01  4.17545396e-06 
 5.90000000e-01  5.29659570e-06 
 6.00000000e-01  6.55090746e-06 
 6.10000000e-01  7.93838921e-06 
 6.20000000e-01  9.45904096e-06 
 6.30000000e-01  1.11128627e-05 
 6.40000000e-01  1.28998545e-05 
 6.50000000e-01  1.48200162e-05 
 6.60000000e-01  1.68733480e-05 
 6.70000000e-01  1.90598497e-05 
 6.80000000e-01  2.13795215e-05 
 6.90000000e-01  2.38323633e-05 
 7.00000000e-01  2.64183750e-05 
 7.10000000e-01  2.91375568e-05 
 7.20000000e-01  3.19899086e-05 
 7.30000000e-01  3.49754303e-05 
 7.40000000e-01  3.80941221e-05 
 7.50000000e-01  4.13459839e-05 
 7.60000000e-01  4.47310157e-05 
 7.70000000e-01  4.82492174e-05 
 7.80000000e-01  5.19005892e-05 
 7.90000000e-01  5.56851310e-05 
 8.00000000e-01  5.96028428e-05 
 8.10000000e-01  6.36537245e-05 
 8.20000000e-01  6.77711913e-05 
 8.30000000e-01  7.20884131e-05 
 8.40000000e-01  7.65388049e-05 
 8.50000000e-01  8.11223667e-05 
 8.60000000e-01  8.58390985e-05 
 8.70000000e-01  9.06890002e-05 
 8.80000000e-01  9.56720720e-05 
 8.90000000e-01  1.00788314e-04 
 9.00000000e-01  1.06037726e-04 
 9.10000000e-01  1.11420307e-04 
 9.20000000e-01  1.16936059e-04 
 9.30000000e-01  1.22584981e-04 
 9.40000000e-01  1.28367073e-04 
 9.50000000e-01  1.34282335e-04 
 9.60000000e-01  1.40330766e-04 
 9.70000000e-01  1.46512368e-04 
 9.80000000e-01  1.52827140e-04 
 9.90000000e-01  1.59275082e-04 
 1.00000000e+00  1.65856194e-04 
 1.01000000e+00  1.72570475e-04 
 1.02000000e+00  1.79417927e-04 
 1.03000000e+00  1.86398549e-04 
 1.04000000e+00  1.93512341e-04 
 1.05000000e+00  2.00759303e-04 
 1.06000000e+00  2.08139434e-04 
 1.07000000e+00  2.15652736e-04 
 1.08000000e+00  2.23299208e-04 
 1.09000000e+00  2.31078850e-04 
 1.10000000e+00  2.38991662e-04 
 1.11000000e+00  2.47037644e-04 
 1.12000000e+00  2.55216795e-04 
 1.13000000e+00  2.63529117e-04 
 1.14000000e+00  2.71974609e-04 
 1.15000000e+00  2.80553271e-04 
 1.16000000e+00  2.89265103e-04 
 1.17000000e+00  2.98110105e-04 
 1.18000000e+00  3.07088276e-04 
 1.19000000e+00  3.16199618e-04 
 1.20000000e+00  3.25444130e-04 
 1.21000000e+00  3.34821812e-04 
 1.22000000e+00  3.44332664e-04 
 1.23000000e+00  3.53976686e-04 
 1.24000000e+00  3.63753877e-04 
 1.25000000e+00  3.73664239e-04 
 1.26000000e+00  3.83707771e-04 
 1.27000000e+00  3.93884473e-04 
 1.28000000e+00  4.04194345e-04 
 1.29000000e+00  4.14637387e-04 
 1.30000000e+00  4.25213598e-04 
 1.31000000e+00  4.35922980e-04 
 1.32000000e+00  4.46765532e-04 
 1.33000000e+00  4.57741254e-04 
 1.34000000e+00  4.68850146e-04 
 1.35000000e+00  4.80092208e-04 
 1.36000000e+00  4.91467440e-04 
 1.37000000e+00  5.02975841e-04 
 1.38000000e+00  5.14617413e-04 
 1.39000000e+00  5.26392155e-04 
 1.40000000e+00  5.38300067e-04 
 1.41000000e+00  5.50341149e-04 
 1.42000000e+00  5.62515401e-04 
 1.43000000e+00  5.74822823e-04 
 1.44000000e+00  5.87263414e-04 
 1.45000000e+00  5.99837176e-04 
 1.46000000e+00  6.12544108e-04 
 1.47000000e+00  6.25384210e-04 
 1.48000000e+00  6.38357482e-04 
 1.49000000e+00  6.51463924e-04 
 1.50000000e+00  6.64703536e-04 
 1.51000000e+00  6.78076318e-04 
 1.52000000e+00  6.91582269e-04 
 1.53000000e+00  7.05221391e-04 
 1.54000000e+00  7.18993683e-04 
 1.55000000e+00  7.32899145e-04 
 1.56000000e+00  7.46937777e-04 
 1.57000000e+00  7.61109579e-04 
 1.58000000e+00  7.75414551e-04 
 1.59000000e+00  7.89852693e-04 
 1.60000000e+00  8.04424005e-04 
 1.61000000e+00  8.19128486e-04 
 1.62000000e+00  8.33966138e-04 
 1.63000000e+00  8.48936960e-04 
 1.64000000e+00  8.64040952e-04 
 1.65000000e+00  8.79278114e-04 
 1.66000000e+00  8.94648446e-04 
 1.67000000e+00  9.10151948e-04 
 1.68000000e+00  9.25788620e-04 
 1.69000000e+00  9.41558462e-04 
 1.70000000e+00  9.57461473e-04 
 1.71000000e+00  9.73497655e-04 
 1.72000000e+00  9.89667007e-04 
 1.73000000e+00  1.00596953e-03 
 1.74000000e+00  1.02240522e-03 
 1.75000000e+00  1.03897408e-03 
 1.76000000e+00  1.05567611e-03 
 1.77000000e+00  1.07251132e-03 
 1.78000000e+00  1.08947969e-03 
 1.79000000e+00  1.10658123e-03 
 1.80000000e+00  1.12381594e-03 
