 0.00000000e+00  1.81000000e-12 
 1.00000000e-02  1.81000000e-12 
 2.00000000e-02  1.81000000e-12 
 3.00000000e-02  1.81000000e-12 
 4.00000000e-02  1.81000000e-12 
 5.00000000e-02  1.81000000e-12 
 6.00000000e-02  1.81000000e-12 
 7.00000000e-02  1.81000000e-12 
 8.00000000e-02  1.81000000e-12 
 9.00000000e-02  1.81000000e-12 
 1.00000000e-01  1.81000000e-12 
 1.10000000e-01  1.81000000e-12 
 1.20000000e-01  1.81000000e-12 
 1.30000000e-01  1.81000000e-12 
 1.40000000e-01  1.81000000e-12 
 1.50000000e-01  1.81000000e-12 
 1.60000000e-01  1.81000000e-12 
 1.70000000e-01  1.81000000e-12 
 1.80000000e-01  1.81000000e-12 
 1.90000000e-01  1.81000000e-12 
 2.00000000e-01  1.81000000e-12 
 2.10000000e-01  1.81000000e-12 
 2.20000000e-01  1.81000000e-12 
 2.30000000e-01  1.81000000e-12 
 2.40000000e-01  1.81000000e-12 
 2.50000000e-01  1.81000000e-12 
 2.60000000e-01  1.81000000e-12 
 2.70000000e-01  1.81000000e-12 
 2.80000000e-01  1.81000000e-12 
 2.90000000e-01  1.81000000e-12 
 3.00000000e-01  1.81000000e-12 
 3.10000000e-01  1.81000000e-12 
 3.20000000e-01  1.81000000e-12 
 3.30000000e-01  1.81000000e-12 
 3.40000000e-01  1.81000000e-12 
 3.50000000e-01  1.81000000e-12 
 3.60000000e-01  1.81000000e-12 
 3.70000000e-01  1.81000000e-12 
 3.80000000e-01  1.81000000e-12 
 3.90000000e-01  1.81000000e-12 
 4.00000000e-01  1.81000000e-12 
 4.10000000e-01  1.81000000e-12 
 4.20000000e-01  1.81000000e-12 
 4.30000000e-01  1.81000000e-12 
 4.40000000e-01  1.81000000e-12 
 4.50000000e-01  1.81000000e-12 
 4.60000000e-01  1.81000000e-12 
 4.70000000e-01  1.81000000e-12 
 4.80000000e-01  1.81000000e-12 
 4.90000000e-01  1.81000000e-12 
 5.00000000e-01  1.81000000e-12 
 5.10000000e-01  1.81000000e-12 
 5.20000000e-01  1.15446408e-09 
 5.30000000e-01  7.78596655e-08 
 5.40000000e-01  2.74692736e-07 
 5.50000000e-01  5.91653677e-07 
 5.60000000e-01  1.02874249e-06 
 5.70000000e-01  1.58595917e-06 
 5.80000000e-01  2.26330371e-06 
 5.90000000e-01  3.06077613e-06 
 6.00000000e-01  3.97837642e-06 
 6.10000000e-01  5.01610458e-06 
 6.20000000e-01  6.17396060e-06 
 6.30000000e-01  7.45194450e-06 
 6.40000000e-01  8.85005627e-06 
 6.50000000e-01  1.03682959e-05 
 6.60000000e-01  1.20066634e-05 
 6.70000000e-01  1.37651588e-05 
 6.80000000e-01  1.56437820e-05 
 6.90000000e-01  1.76425331e-05 
 7.00000000e-01  1.97614121e-05 
 7.10000000e-01  2.20004190e-05 
 7.20000000e-01  2.43595537e-05 
 7.30000000e-01  2.68388163e-05 
 7.40000000e-01  2.94382067e-05 
 7.50000000e-01  3.21577251e-05 
 7.60000000e-01  3.49973713e-05 
 7.70000000e-01  3.79571453e-05 
 7.80000000e-01  4.10370473e-05 
 7.90000000e-01  4.42370771e-05 
 8.00000000e-01  4.75572348e-05 
 8.10000000e-01  5.09975203e-05 
 8.20000000e-01  5.45579337e-05 
 8.30000000e-01  5.82384750e-05 
 8.40000000e-01  6.19790802e-05 
 8.50000000e-01  6.58998773e-05 
 8.60000000e-01  6.99408022e-05 
 8.70000000e-01  7.41018549e-05 
 8.80000000e-01  7.83830355e-05 
 8.90000000e-01  8.27843441e-05 
 9.00000000e-01  8.73057804e-05 
 9.10000000e-01  9.19473447e-05 
 9.20000000e-01  9.67090368e-05 
 9.30000000e-01  1.01590857e-04 
 9.40000000e-01  1.06592805e-04 
 9.50000000e-01  1.11714880e-04 
 9.60000000e-01  1.16957084e-04 
 9.70000000e-01  1.22319415e-04 
 9.80000000e-01  1.27801875e-04 
 9.90000000e-01  1.33404462e-04 
 1.00000000e+00  1.39127177e-04 
 1.01000000e+00  1.44970020e-04 
 1.02000000e+00  1.50932991e-04 
 1.03000000e+00  1.57016089e-04 
 1.04000000e+00  1.63219316e-04 
 1.05000000e+00  1.69542670e-04 
 1.06000000e+00  1.75986153e-04 
 1.07000000e+00  1.82549763e-04 
 1.08000000e+00  1.89233501e-04 
 1.09000000e+00  1.96037367e-04 
 1.10000000e+00  2.02961360e-04 
 1.11000000e+00  2.10005482e-04 
 1.12000000e+00  2.17169732e-04 
 1.13000000e+00  2.24454109e-04 
 1.14000000e+00  2.31858614e-04 
 1.15000000e+00  2.39383247e-04 
 1.16000000e+00  2.47028008e-04 
 1.17000000e+00  2.54792897e-04 
 1.18000000e+00  2.62677914e-04 
 1.19000000e+00  2.70683058e-04 
 1.20000000e+00  2.78808331e-04 
 1.21000000e+00  2.87053731e-04 
 1.22000000e+00  2.95419259e-04 
 1.23000000e+00  3.03904915e-04 
 1.24000000e+00  3.12510699e-04 
 1.25000000e+00  3.21236611e-04 
 1.26000000e+00  3.30082651e-04 
 1.27000000e+00  3.39048818e-04 
 1.28000000e+00  3.48135114e-04 
 1.29000000e+00  3.57341537e-04 
 1.30000000e+00  3.66668088e-04 
 1.31000000e+00  3.76114767e-04 
 1.32000000e+00  3.85681574e-04 
 1.33000000e+00  3.95368509e-04 
 1.34000000e+00  4.05175572e-04 
 1.35000000e+00  4.15102762e-04 
 1.36000000e+00  4.25150080e-04 
 1.37000000e+00  4.35317527e-04 
 1.38000000e+00  4.45605101e-04 
 1.39000000e+00  4.56012803e-04 
 1.40000000e+00  4.66540633e-04 
 1.41000000e+00  4.77188590e-04 
 1.42000000e+00  4.87956676e-04 
 1.43000000e+00  4.98844889e-04 
 1.44000000e+00  5.09853231e-04 
 1.45000000e+00  5.20981700e-04 
 1.46000000e+00  5.32230297e-04 
 1.47000000e+00  5.43599022e-04 
 1.48000000e+00  5.55087875e-04 
 1.49000000e+00  5.66696855e-04 
 1.50000000e+00  5.78425964e-04 
 1.51000000e+00  5.90275200e-04 
 1.52000000e+00  6.02244565e-04 
 1.53000000e+00  6.14334057e-04 
 1.54000000e+00  6.26543677e-04 
 1.55000000e+00  6.38873425e-04 
 1.56000000e+00  6.51323300e-04 
 1.57000000e+00  6.63893304e-04 
 1.58000000e+00  6.76583435e-04 
 1.59000000e+00  6.89393695e-04 
 1.60000000e+00  7.02324082e-04 
 1.61000000e+00  7.15374597e-04 
 1.62000000e+00  7.28545240e-04 
 1.63000000e+00  7.41836011e-04 
 1.64000000e+00  7.55246910e-04 
 1.65000000e+00  7.68777936e-04 
 1.66000000e+00  7.82429091e-04 
 1.67000000e+00  7.96200373e-04 
 1.68000000e+00  8.10091783e-04 
 1.69000000e+00  8.24103321e-04 
 1.70000000e+00  8.38234987e-04 
 1.71000000e+00  8.52486781e-04 
 1.72000000e+00  8.66858703e-04 
 1.73000000e+00  8.81350752e-04 
 1.74000000e+00  8.95962930e-04 
 1.75000000e+00  9.10695235e-04 
 1.76000000e+00  9.25547668e-04 
 1.77000000e+00  9.40520229e-04 
 1.78000000e+00  9.55612918e-04 
 1.79000000e+00  9.70825735e-04 
 1.80000000e+00  9.86158679e-04 
