 0.00000000e+00  1.81000000e-12 
 1.00000000e-02  1.81000000e-12 
 2.00000000e-02  1.81000000e-12 
 3.00000000e-02  1.81000000e-12 
 4.00000000e-02  1.81000000e-12 
 5.00000000e-02  1.81000000e-12 
 6.00000000e-02  1.81000000e-12 
 7.00000000e-02  1.81000000e-12 
 8.00000000e-02  1.81000000e-12 
 9.00000000e-02  1.81000000e-12 
 1.00000000e-01  1.81000000e-12 
 1.10000000e-01  1.81000000e-12 
 1.20000000e-01  1.81000000e-12 
 1.30000000e-01  1.81000000e-12 
 1.40000000e-01  1.81000000e-12 
 1.50000000e-01  1.81000000e-12 
 1.60000000e-01  1.81000000e-12 
 1.70000000e-01  1.81000000e-12 
 1.80000000e-01  1.81000000e-12 
 1.90000000e-01  1.81000000e-12 
 2.00000000e-01  1.81000000e-12 
 2.10000000e-01  1.81000000e-12 
 2.20000000e-01  1.81000000e-12 
 2.30000000e-01  1.81000000e-12 
 2.40000000e-01  1.81000000e-12 
 2.50000000e-01  1.81000000e-12 
 2.60000000e-01  1.81000000e-12 
 2.70000000e-01  1.81000000e-12 
 2.80000000e-01  1.81000000e-12 
 2.90000000e-01  1.81000000e-12 
 3.00000000e-01  1.81000000e-12 
 3.10000000e-01  1.81000000e-12 
 3.20000000e-01  1.81000000e-12 
 3.30000000e-01  1.81000000e-12 
 3.40000000e-01  1.81000000e-12 
 3.50000000e-01  1.81000000e-12 
 3.60000000e-01  1.81000000e-12 
 3.70000000e-01  1.81000000e-12 
 3.80000000e-01  1.81000000e-12 
 3.90000000e-01  1.81000000e-12 
 4.00000000e-01  1.81000000e-12 
 4.10000000e-01  1.81000000e-12 
 4.20000000e-01  1.81000000e-12 
 4.30000000e-01  1.81000000e-12 
 4.40000000e-01  1.81000000e-12 
 4.50000000e-01  1.81000000e-12 
 4.60000000e-01  1.38640012e-08 
 4.70000000e-01  1.34922694e-07 
 4.80000000e-01  3.80559717e-07 
 4.90000000e-01  7.50775072e-07 
 5.00000000e-01  1.24556876e-06 
 5.10000000e-01  1.86494078e-06 
 5.20000000e-01  2.60889112e-06 
 5.30000000e-01  3.47741980e-06 
 5.40000000e-01  4.47052681e-06 
 5.50000000e-01  5.58821215e-06 
 5.60000000e-01  6.83047583e-06 
 5.70000000e-01  8.19731783e-06 
 5.80000000e-01  9.68873817e-06 
 5.90000000e-01  1.13047368e-05 
 6.00000000e-01  1.30453138e-05 
 6.10000000e-01  1.49104692e-05 
 6.20000000e-01  1.69002028e-05 
 6.30000000e-01  1.90145148e-05 
 6.40000000e-01  2.12534051e-05 
 6.50000000e-01  2.36168738e-05 
 6.60000000e-01  2.61049208e-05 
 6.70000000e-01  2.87175461e-05 
 6.80000000e-01  3.14547497e-05 
 6.90000000e-01  3.43165317e-05 
 7.00000000e-01  3.73028920e-05 
 7.10000000e-01  4.04138307e-05 
 7.20000000e-01  4.36493476e-05 
 7.30000000e-01  4.70094429e-05 
 7.40000000e-01  5.04941166e-05 
 7.50000000e-01  5.41033685e-05 
 7.60000000e-01  5.78371988e-05 
 7.70000000e-01  6.16956074e-05 
 7.80000000e-01  6.56163052e-05 
 7.90000000e-01  6.97238705e-05 
 8.00000000e-01  7.39560141e-05 
 8.10000000e-01  7.83127361e-05 
 8.20000000e-01  8.27940364e-05 
 8.30000000e-01  8.73999150e-05 
 8.40000000e-01  9.21303719e-05 
 8.50000000e-01  9.69854072e-05 
 8.60000000e-01  1.01965021e-04 
 8.70000000e-01  1.07069213e-04 
 8.80000000e-01  1.12297983e-04 
 8.90000000e-01  1.17651332e-04 
 9.00000000e-01  1.23129259e-04 
 9.10000000e-01  1.28731764e-04 
 9.20000000e-01  1.34458847e-04 
 9.30000000e-01  1.40310509e-04 
 9.40000000e-01  1.46286750e-04 
 9.50000000e-01  1.52387568e-04 
 9.60000000e-01  1.58612965e-04 
 9.70000000e-01  1.64962940e-04 
 9.80000000e-01  1.71437494e-04 
 9.90000000e-01  1.78036626e-04 
 1.00000000e+00  1.84760336e-04 
 1.01000000e+00  1.91608625e-04 
 1.02000000e+00  1.98581492e-04 
 1.03000000e+00  2.05678937e-04 
 1.04000000e+00  2.12900960e-04 
 1.05000000e+00  2.20247562e-04 
 1.06000000e+00  2.27718742e-04 
 1.07000000e+00  2.35314501e-04 
 1.08000000e+00  2.43034838e-04 
 1.09000000e+00  2.50879753e-04 
 1.10000000e+00  2.58849247e-04 
 1.11000000e+00  2.66943319e-04 
 1.12000000e+00  2.75161969e-04 
 1.13000000e+00  2.83505197e-04 
 1.14000000e+00  2.91973004e-04 
 1.15000000e+00  3.00565389e-04 
 1.16000000e+00  3.09282353e-04 
 1.17000000e+00  3.18123895e-04 
 1.18000000e+00  3.27090015e-04 
 1.19000000e+00  3.36180714e-04 
 1.20000000e+00  3.45395990e-04 
 1.21000000e+00  3.54735846e-04 
 1.22000000e+00  3.64200279e-04 
 1.23000000e+00  3.73789291e-04 
 1.24000000e+00  3.83502881e-04 
 1.25000000e+00  3.93341050e-04 
 1.26000000e+00  4.03303797e-04 
 1.27000000e+00  4.13391122e-04 
 1.28000000e+00  4.23603025e-04 
 1.29000000e+00  4.33939507e-04 
 1.30000000e+00  4.44400567e-04 
 1.31000000e+00  4.54986206e-04 
 1.32000000e+00  4.65696423e-04 
 1.33000000e+00  4.76531218e-04 
 1.34000000e+00  4.87490591e-04 
 1.35000000e+00  4.98574543e-04 
 1.36000000e+00  5.09783073e-04 
 1.37000000e+00  5.21116182e-04 
 1.38000000e+00  5.32573869e-04 
 1.39000000e+00  5.44156134e-04 
 1.40000000e+00  5.55862977e-04 
 1.41000000e+00  5.67694399e-04 
 1.42000000e+00  5.79650399e-04 
 1.43000000e+00  5.91730978e-04 
 1.44000000e+00  6.03936135e-04 
 1.45000000e+00  6.16265870e-04 
 1.46000000e+00  6.28720183e-04 
 1.47000000e+00  6.41299075e-04 
 1.48000000e+00  6.54002545e-04 
 1.49000000e+00  6.66830594e-04 
 1.50000000e+00  6.79783220e-04 
 1.51000000e+00  6.92860425e-04 
 1.52000000e+00  7.06062209e-04 
 1.53000000e+00  7.19388571e-04 
 1.54000000e+00  7.32839511e-04 
 1.55000000e+00  7.46415029e-04 
 1.56000000e+00  7.60115126e-04 
 1.57000000e+00  7.73939801e-04 
 1.58000000e+00  7.87889055e-04 
 1.59000000e+00  8.01962886e-04 
 1.60000000e+00  8.16161297e-04 
 1.61000000e+00  8.30484285e-04 
 1.62000000e+00  8.44931852e-04 
 1.63000000e+00  8.59503997e-04 
 1.64000000e+00  8.74200720e-04 
 1.65000000e+00  8.89022022e-04 
 1.66000000e+00  9.03967902e-04 
 1.67000000e+00  9.19038361e-04 
 1.68000000e+00  9.34233397e-04 
 1.69000000e+00  9.49553012e-04 
 1.70000000e+00  9.64997206e-04 
 1.71000000e+00  9.80565978e-04 
 1.72000000e+00  9.96259328e-04 
 1.73000000e+00  1.01207726e-03 
 1.74000000e+00  1.02801976e-03 
 1.75000000e+00  1.04408685e-03 
 1.76000000e+00  1.06027851e-03 
 1.77000000e+00  1.07659475e-03 
 1.78000000e+00  1.09303557e-03 
 1.79000000e+00  1.10960097e-03 
 1.80000000e+00  1.12629095e-03 
