 0.00000000e+00  1.81000000e-12 
 1.00000000e-02  1.81000000e-12 
 2.00000000e-02  1.81000000e-12 
 3.00000000e-02  1.81000000e-12 
 4.00000000e-02  1.81000000e-12 
 5.00000000e-02  1.81000000e-12 
 6.00000000e-02  1.81000000e-12 
 7.00000000e-02  1.81000000e-12 
 8.00000000e-02  1.81000000e-12 
 9.00000000e-02  1.81000000e-12 
 1.00000000e-01  1.81000000e-12 
 1.10000000e-01  1.81000000e-12 
 1.20000000e-01  1.81000000e-12 
 1.30000000e-01  1.81000000e-12 
 1.40000000e-01  1.81000000e-12 
 1.50000000e-01  1.81000000e-12 
 1.60000000e-01  1.81000000e-12 
 1.70000000e-01  1.81000000e-12 
 1.80000000e-01  1.81000000e-12 
 1.90000000e-01  1.81000000e-12 
 2.00000000e-01  1.81000000e-12 
 2.10000000e-01  1.81000000e-12 
 2.20000000e-01  1.81000000e-12 
 2.30000000e-01  1.81000000e-12 
 2.40000000e-01  1.81000000e-12 
 2.50000000e-01  1.81000000e-12 
 2.60000000e-01  1.81000000e-12 
 2.70000000e-01  1.81000000e-12 
 2.80000000e-01  1.81000000e-12 
 2.90000000e-01  1.81000000e-12 
 3.00000000e-01  1.81000000e-12 
 3.10000000e-01  1.81000000e-12 
 3.20000000e-01  1.81000000e-12 
 3.30000000e-01  1.81000000e-12 
 3.40000000e-01  1.81000000e-12 
 3.50000000e-01  1.81000000e-12 
 3.60000000e-01  1.81000000e-12 
 3.70000000e-01  1.81000000e-12 
 3.80000000e-01  1.81000000e-12 
 3.90000000e-01  1.81000000e-12 
 4.00000000e-01  1.81000000e-12 
 4.10000000e-01  1.81000000e-12 
 4.20000000e-01  1.81000000e-12 
 4.30000000e-01  1.81000000e-12 
 4.40000000e-01  1.81000000e-12 
 4.50000000e-01  1.81000000e-12 
 4.60000000e-01  1.81000000e-12 
 4.70000000e-01  1.81000000e-12 
 4.80000000e-01  1.81000000e-12 
 4.90000000e-01  1.81000000e-12 
 5.00000000e-01  1.81000000e-12 
 5.10000000e-01  1.81000000e-12 
 5.20000000e-01  1.81000000e-12 
 5.30000000e-01  1.81000000e-12 
 5.40000000e-01  5.59277884e-08 
 5.50000000e-01  2.36424823e-07 
 5.60000000e-01  5.41668742e-07 
 5.70000000e-01  9.71659545e-07 
 5.80000000e-01  1.52639723e-06 
 5.90000000e-01  2.20588180e-06 
 6.00000000e-01  3.01011326e-06 
 6.10000000e-01  3.93909160e-06 
 6.20000000e-01  4.99281683e-06 
 6.30000000e-01  6.17128893e-06 
 6.40000000e-01  7.47450793e-06 
 6.50000000e-01  8.90247380e-06 
 6.60000000e-01  1.04551866e-05 
 6.70000000e-01  1.21326462e-05 
 6.80000000e-01  1.39348527e-05 
 6.90000000e-01  1.58618062e-05 
 7.00000000e-01  1.79135065e-05 
 7.10000000e-01  2.00899536e-05 
 7.20000000e-01  2.23911477e-05 
 7.30000000e-01  2.48170887e-05 
 7.40000000e-01  2.73677765e-05 
 7.50000000e-01  3.00432112e-05 
 7.60000000e-01  3.28433928e-05 
 7.70000000e-01  3.57683213e-05 
 7.80000000e-01  3.88179967e-05 
 7.90000000e-01  4.19924189e-05 
 8.00000000e-01  4.52915881e-05 
 8.10000000e-01  4.87155041e-05 
 8.20000000e-01  5.22641670e-05 
 8.30000000e-01  5.59375768e-05 
 8.40000000e-01  5.97357335e-05 
 8.50000000e-01  6.35962636e-05 
 8.60000000e-01  6.76439141e-05 
 8.70000000e-01  7.18163114e-05 
 8.80000000e-01  7.61134556e-05 
 8.90000000e-01  8.05353467e-05 
 9.00000000e-01  8.50819847e-05 
 9.10000000e-01  8.97533696e-05 
 9.20000000e-01  9.45495013e-05 
 9.30000000e-01  9.94703799e-05 
 9.40000000e-01  1.04516005e-04 
 9.50000000e-01  1.09686378e-04 
 9.60000000e-01  1.14981497e-04 
 9.70000000e-01  1.20401363e-04 
 9.80000000e-01  1.25945976e-04 
 9.90000000e-01  1.31615336e-04 
 1.00000000e+00  1.37409443e-04 
 1.01000000e+00  1.43328297e-04 
 1.02000000e+00  1.49371897e-04 
 1.03000000e+00  1.55540245e-04 
 1.04000000e+00  1.61833339e-04 
 1.05000000e+00  1.68251181e-04 
 1.06000000e+00  1.74793769e-04 
 1.07000000e+00  1.81461104e-04 
 1.08000000e+00  1.88253186e-04 
 1.09000000e+00  1.95170014e-04 
 1.10000000e+00  2.02211590e-04 
 1.11000000e+00  2.09377913e-04 
 1.12000000e+00  2.16668982e-04 
 1.13000000e+00  2.24084798e-04 
 1.14000000e+00  2.31625362e-04 
 1.15000000e+00  2.39290672e-04 
 1.16000000e+00  2.47080729e-04 
 1.17000000e+00  2.54995533e-04 
 1.18000000e+00  2.63035083e-04 
 1.19000000e+00  2.71199381e-04 
 1.20000000e+00  2.79488425e-04 
 1.21000000e+00  2.87902217e-04 
 1.22000000e+00  2.96440755e-04 
 1.23000000e+00  3.05104040e-04 
 1.24000000e+00  3.13892072e-04 
 1.25000000e+00  3.22804851e-04 
 1.26000000e+00  3.31842377e-04 
 1.27000000e+00  3.41004650e-04 
 1.28000000e+00  3.50291669e-04 
 1.29000000e+00  3.59703436e-04 
 1.30000000e+00  3.69239949e-04 
 1.31000000e+00  3.78901209e-04 
 1.32000000e+00  3.88687217e-04 
 1.33000000e+00  3.98597971e-04 
 1.34000000e+00  4.08633471e-04 
 1.35000000e+00  4.18793719e-04 
 1.36000000e+00  4.29078714e-04 
 1.37000000e+00  4.39488455e-04 
 1.38000000e+00  4.50022944e-04 
 1.39000000e+00  4.60682179e-04 
 1.40000000e+00  4.71466161e-04 
 1.41000000e+00  4.82374890e-04 
 1.42000000e+00  4.93408366e-04 
 1.43000000e+00  5.04566589e-04 
 1.44000000e+00  5.15849559e-04 
 1.45000000e+00  5.27257276e-04 
 1.46000000e+00  5.38789739e-04 
 1.47000000e+00  5.50446950e-04 
 1.48000000e+00  5.62228907e-04 
 1.49000000e+00  5.74135611e-04 
 1.50000000e+00  5.86167062e-04 
 1.51000000e+00  5.98323260e-04 
 1.52000000e+00  6.10604205e-04 
 1.53000000e+00  6.23009896e-04 
 1.54000000e+00  6.35540335e-04 
 1.55000000e+00  6.48195520e-04 
 1.56000000e+00  6.60975453e-04 
 1.57000000e+00  6.73880132e-04 
 1.58000000e+00  6.86909558e-04 
 1.59000000e+00  7.00063731e-04 
 1.60000000e+00  7.13342651e-04 
 1.61000000e+00  7.26746318e-04 
 1.62000000e+00  7.40274731e-04 
 1.63000000e+00  7.53927892e-04 
 1.64000000e+00  7.67705799e-04 
 1.65000000e+00  7.81608454e-04 
 1.66000000e+00  7.95635855e-04 
 1.67000000e+00  8.09788003e-04 
 1.68000000e+00  8.24064898e-04 
 1.69000000e+00  8.38466540e-04 
 1.70000000e+00  8.52992928e-04 
 1.71000000e+00  8.67644064e-04 
 1.72000000e+00  8.82419947e-04 
 1.73000000e+00  8.97320576e-04 
 1.74000000e+00  9.12345952e-04 
 1.75000000e+00  9.27496075e-04 
 1.76000000e+00  9.42770945e-04 
 1.77000000e+00  9.58170562e-04 
 1.78000000e+00  9.73694926e-04 
 1.79000000e+00  9.89344037e-04 
 1.80000000e+00  1.00511789e-03 
