 4.00000000e-01  3.69441667e-12 
 4.02000000e-01  3.70170248e-12 
 4.04000000e-01  3.71055285e-12 
 4.06000000e-01  3.72067097e-12 
 4.08000000e-01  3.73192404e-12 
 4.10000000e-01  3.74456373e-12 
 4.12000000e-01  3.75873510e-12 
 4.14000000e-01  3.77459843e-12 
 4.16000000e-01  3.79233072e-12 
 4.18000000e-01  3.81212752e-12 
 4.20000000e-01  3.83420483e-12 
 4.22000000e-01  3.85880125e-12 
 4.24000000e-01  3.88618035e-12 
 4.26000000e-01  3.91663326e-12 
 4.28000000e-01  3.95048159e-12 
 4.30000000e-01  3.98808058e-12 
 4.32000000e-01  4.02982266e-12 
 4.34000000e-01  4.07614129e-12 
 4.36000000e-01  4.12751530e-12 
 4.38000000e-01  4.18447361e-12 
 4.40000000e-01  4.24760050e-12 
 4.42000000e-01  4.31754134e-12 
 4.44000000e-01  4.39500906e-12 
 4.46000000e-01  4.48079116e-12 
 4.48000000e-01  4.57575755e-12 
 4.50000000e-01  4.68086913e-12 
 4.52000000e-01  4.79718736e-12 
 4.54000000e-01  4.92588474e-12 
 4.56000000e-01  5.06825646e-12 
 4.58000000e-01  5.22573319e-12 
 4.60000000e-01  5.39989532e-12 
 4.62000000e-01  5.59248858e-12 
 4.64000000e-01  5.80544132e-12 
 4.66000000e-01  6.04088369e-12 
 4.68000000e-01  6.30116869e-12 
 4.70000000e-01  6.58889548e-12 
 4.72000000e-01  6.90693520e-12 
 4.74000000e-01  7.25845936e-12 
 4.76000000e-01  7.64697130e-12 
 4.78000000e-01  8.07634089e-12 
 4.80000000e-01  8.55084292e-12 
 4.82000000e-01  9.07519939e-12 
 4.84000000e-01  9.65462637e-12 
 4.86000000e-01  1.02948857e-11 
 4.88000000e-01  1.10023419e-11 
 4.90000000e-01  1.17840256e-11 
 4.92000000e-01  1.26477029e-11 
 4.94000000e-01  1.36019525e-11 
 4.96000000e-01  1.46562505e-11 
 4.98000000e-01  1.58210645e-11 
 5.00000000e-01  1.71079576e-11 
 5.02000000e-01  1.85297022e-11 
 5.04000000e-01  2.01004073e-11 
 5.06000000e-01  2.18356580e-11 
 5.08000000e-01  2.37526701e-11 
 5.10000000e-01  2.58704604e-11 
 5.12000000e-01  2.82100357e-11 
 5.14000000e-01  3.07946002e-11 
 5.16000000e-01  3.36497863e-11 
 5.18000000e-01  3.68039080e-11 
 5.20000000e-01  4.02882415e-11 
 5.22000000e-01  4.41373357e-11 
 5.24000000e-01  4.83893539e-11 
 5.26000000e-01  5.30864523e-11 
 5.28000000e-01  5.82751978e-11 
 5.30000000e-01  6.40070295e-11 
 5.32000000e-01  7.03387681e-11 
 5.34000000e-01  7.73331795e-11 
 5.36000000e-01  8.50595963e-11 
 5.38000000e-01  9.35946051e-11 
 5.40000000e-01  1.03022806e-10 
 5.42000000e-01  1.13437649e-10 
 5.44000000e-01  1.24942363e-10 
 5.46000000e-01  1.37650976e-10 
 5.48000000e-01  1.51689448e-10 
 5.50000000e-01  1.67196916e-10 
 5.52000000e-01  1.84327074e-10 
 5.54000000e-01  2.03249699e-10 
 5.56000000e-01  2.24152328e-10 
 5.58000000e-01  2.47242121e-10 
 5.60000000e-01  2.72747912e-10 
 5.62000000e-01  3.02307527e-10 
 5.64000000e-01  3.33574998e-10 
 5.66000000e-01  3.68114064e-10 
 5.68000000e-01  4.06267016e-10 
 5.70000000e-01  4.48411961e-10 
 5.72000000e-01  4.94966564e-10 
 5.74000000e-01  5.46392188e-10 
 5.76000000e-01  6.03198468e-10 
 5.78000000e-01  6.65948359e-10 
 5.80000000e-01  7.35263717e-10 
 5.82000000e-01  8.11831458e-10 
 5.84000000e-01  8.96410367e-10 
 5.86000000e-01  9.89838620e-10 
 5.88000000e-01  1.09304209e-09 
 5.90000000e-01  1.20704350e-09 
 5.92000000e-01  1.33297261e-09 
 5.94000000e-01  1.47207736e-09 
 5.96000000e-01  1.62573626e-09 
 5.98000000e-01  1.79547205e-09 
 6.00000000e-01  1.98296678e-09 
 6.02000000e-01  2.19007849e-09 
 6.04000000e-01  2.41885963e-09 
 6.06000000e-01  2.67157737e-09 
 6.08000000e-01  2.95073610e-09 
 6.10000000e-01  3.25910222e-09 
 6.12000000e-01  3.59973157e-09 
 6.14000000e-01  3.97599971e-09 
 6.16000000e-01  4.39163537e-09 
 6.18000000e-01  4.85075740e-09 
 6.20000000e-01  5.35791560e-09 
 6.22000000e-01  5.91813575e-09 
 6.24000000e-01  6.53696951e-09 
 6.26000000e-01  7.22054935e-09 
 6.28000000e-01  7.97564935e-09 
 6.30000000e-01  8.80975235e-09 
 6.32000000e-01  9.73112405e-09 
 6.34000000e-01  1.07488950e-08 
 6.36000000e-01  1.18731509e-08 
 6.38000000e-01  1.31150330e-08 
 6.40000000e-01  1.44868477e-08 
 6.42000000e-01  1.60021893e-08 
 6.44000000e-01  1.76760744e-08 
 6.46000000e-01  1.95250905e-08 
 6.48000000e-01  2.15675608e-08 
 6.50000000e-01  2.38237253e-08 
 6.52000000e-01  2.63159417e-08 
 6.54000000e-01  2.90689069e-08 
 6.56000000e-01  3.21099017e-08 
 6.58000000e-01  3.54690608e-08 
 6.60000000e-01  3.91796721e-08 
 6.62000000e-01  4.32785060e-08 
 6.64000000e-01  4.78061797e-08 
 6.66000000e-01  5.28075602e-08 
 6.68000000e-01  5.83322083e-08 
 6.70000000e-01  6.44348700e-08 
 6.72000000e-01  7.11760188e-08 
 6.74000000e-01  7.86224552e-08 
 6.76000000e-01  8.68479680e-08 
 6.78000000e-01  9.59340659e-08 
 6.80000000e-01  1.05970785e-07 
 6.82000000e-01  1.17057580e-07 
 6.84000000e-01  1.29304311e-07 
 6.86000000e-01  1.42832332e-07 
 6.88000000e-01  1.57775690e-07 
 6.90000000e-01  1.74282457e-07 
 6.92000000e-01  1.92516195e-07 
 6.94000000e-01  2.12657576e-07 
 6.96000000e-01  2.34906171e-07 
 6.98000000e-01  2.59482428e-07 
 7.00000000e-01  2.86629857e-07 
 7.02000000e-01  3.16617438e-07 
 7.04000000e-01  3.49742288e-07 
 7.06000000e-01  3.86332598e-07 
 7.08000000e-01  4.26750893e-07 
 7.10000000e-01  4.71397609e-07 
 7.12000000e-01  5.20715067e-07 
 7.14000000e-01  5.75191846e-07 
 7.16000000e-01  6.35367624e-07 
 7.18000000e-01  7.01838512e-07 
 7.20000000e-01  7.75262961e-07 
 7.22000000e-01  8.56368271e-07 
 7.24000000e-01  9.45957788e-07 
 7.26000000e-01  1.04491885e-06 
 7.28000000e-01  1.15423156e-06 
 7.30000000e-01  1.27497847e-06 
 7.32000000e-01  1.40835531e-06 
 7.34000000e-01  1.55568275e-06 
 7.36000000e-01  1.71841950e-06 
 7.38000000e-01  1.89817669e-06 
 7.40000000e-01  2.09673376e-06 
 7.42000000e-01  2.31605606e-06 
 7.44000000e-01  2.55831420e-06 
 7.46000000e-01  2.82590544e-06 
 7.48000000e-01  3.12147735e-06 
 7.50000000e-01  3.44795385e-06 
 7.52000000e-01  3.80856401e-06 
 7.54000000e-01  4.20687374e-06 
 7.56000000e-01  4.64682092e-06 
 7.58000000e-01  5.13275398e-06 
 7.60000000e-01  5.66947456e-06 
 7.62000000e-01  6.26228457e-06 
 7.64000000e-01  6.91703804e-06 
 7.66000000e-01  7.64019835e-06 
 7.68000000e-01  8.43890125e-06 
 7.70000000e-01  9.32102438e-06 
 7.72000000e-01  1.02952639e-05 
 7.74000000e-01  1.13712189e-05 
 7.76000000e-01  1.25594841e-05 
 7.78000000e-01  1.38717525e-05 
 7.80000000e-01  1.53209280e-05 
 7.82000000e-01  1.69212492e-05 
 7.84000000e-01  1.86884254e-05 
 7.86000000e-01  2.06397873e-05 
 7.88000000e-01  2.27944506e-05 
 7.90000000e-01  2.51734977e-05 
 7.92000000e-01  2.78001756e-05 
 7.94000000e-01  3.07001135e-05 
 7.96000000e-01  3.39015616e-05 
 7.98000000e-01  3.74356520e-05 
 8.00000000e-01  4.13366843e-05 
 8.02000000e-01  4.56424380e-05 
 8.04000000e-01  5.03945132e-05 
 8.06000000e-01  5.56387019e-05 
 8.08000000e-01  6.14253930e-05 
 8.10000000e-01  6.78100116e-05 
 8.12000000e-01  7.48534963e-05 
 8.14000000e-01  8.26228163e-05 
 8.16000000e-01  9.11915301e-05 
 8.18000000e-01  1.00640388e-04 
 8.20000000e-01  1.11057980e-04 
 8.22000000e-01  1.22541433e-04 
 8.24000000e-01  1.35197150e-04 
 8.26000000e-01  1.49141609e-04 
 8.28000000e-01  1.64502196e-04 
 8.30000000e-01  1.81418102e-04 
 8.32000000e-01  2.00041249e-04 
 8.34000000e-01  2.20537276e-04 
 8.36000000e-01  2.43086550e-04 
 8.38000000e-01  2.67885216e-04 
 8.40000000e-01  2.95146278e-04 
 8.42000000e-01  3.25100686e-04 
 8.44000000e-01  3.57998436e-04 
 8.46000000e-01  3.94109671e-04 
 8.48000000e-01  4.33725745e-04 
 8.50000000e-01  4.77160270e-04 
 8.52000000e-01  5.24750096e-04 
 8.54000000e-01  5.76856234e-04 
 8.56000000e-01  6.33864684e-04 
 8.58000000e-01  6.96187160e-04 
 8.60000000e-01  7.64261702e-04 
 8.62000000e-01  8.38553144e-04 
 8.64000000e-01  9.19553459e-04 
 8.66000000e-01  1.00778194e-03 
 8.68000000e-01  1.10378524e-03 
 8.70000000e-01  1.20813731e-03 
 8.72000000e-01  1.32143915e-03 
 8.74000000e-01  1.44431850e-03 
 8.76000000e-01  1.57742949e-03 
 8.78000000e-01  1.72145223e-03 
 8.80000000e-01  1.87709234e-03 
 8.82000000e-01  2.04508069e-03 
 8.84000000e-01  2.22617308e-03 
 8.86000000e-01  2.42115018e-03 
 8.88000000e-01  2.63081760e-03 
 8.90000000e-01  2.85600624e-03 
 8.92000000e-01  3.09757284e-03 
 8.94000000e-01  3.35640094e-03 
 8.96000000e-01  3.63340198e-03 
 8.98000000e-01  3.92951690e-03 
 9.00000000e-01  4.24571798e-03 
