 4.00000000e-01  1.07760144e-06 
 4.02000000e-01  1.14223166e-06 
 4.04000000e-01  1.21073776e-06 
 4.06000000e-01  1.28335210e-06 
 4.08000000e-01  1.36032100e-06 
 4.10000000e-01  1.44190551e-06 
 4.12000000e-01  1.52838235e-06 
 4.14000000e-01  1.62004479e-06 
 4.16000000e-01  1.71720369e-06 
 4.18000000e-01  1.82018853e-06 
 4.20000000e-01  1.92934852e-06 
 4.22000000e-01  2.04505380e-06 
 4.24000000e-01  2.16769666e-06 
 4.26000000e-01  2.29769289e-06 
 4.28000000e-01  2.43548318e-06 
 4.30000000e-01  2.58153459e-06 
 4.32000000e-01  2.73634218e-06 
 4.34000000e-01  2.90043060e-06 
 4.36000000e-01  3.07435593e-06 
 4.38000000e-01  3.25870751e-06 
 4.40000000e-01  3.45410995e-06 
 4.42000000e-01  3.66122524e-06 
 4.44000000e-01  3.88075496e-06 
 4.46000000e-01  4.11344264e-06 
 4.48000000e-01  4.36007629e-06 
 4.50000000e-01  4.62149101e-06 
 4.52000000e-01  4.89857185e-06 
 4.54000000e-01  5.19225672e-06 
 4.56000000e-01  5.50353958e-06 
 4.58000000e-01  5.83347376e-06 
 4.60000000e-01  6.18317552e-06 
 4.62000000e-01  6.55382773e-06 
 4.64000000e-01  6.94668387e-06 
 4.66000000e-01  7.36307224e-06 
 4.68000000e-01  7.80440034e-06 
 4.70000000e-01  8.27215962e-06 
 4.72000000e-01  8.76793043e-06 
 4.74000000e-01  9.29338729e-06 
 4.76000000e-01  9.85030446e-06 
 4.78000000e-01  1.04405618e-05 
 4.80000000e-01  1.10661512e-05 
 4.82000000e-01  1.17291827e-05 
 4.84000000e-01  1.24318923e-05 
 4.86000000e-01  1.31766483e-05 
 4.88000000e-01  1.39659600e-05 
 4.90000000e-01  1.48024857e-05 
 4.92000000e-01  1.56890410e-05 
 4.94000000e-01  1.66286089e-05 
 4.96000000e-01  1.76243487e-05 
 4.98000000e-01  1.86796068e-05 
 5.00000000e-01  1.97979276e-05 
 5.02000000e-01  2.09830649e-05 
 5.04000000e-01  2.22389941e-05 
 5.06000000e-01  2.35699251e-05 
 5.08000000e-01  2.49803159e-05 
 5.10000000e-01  2.64748868e-05 
 5.12000000e-01  2.80586358e-05 
 5.14000000e-01  2.97368543e-05 
 5.16000000e-01  3.15151439e-05 
 5.18000000e-01  3.33994347e-05 
 5.20000000e-01  3.53960033e-05 
 5.22000000e-01  3.75114928e-05 
 5.24000000e-01  3.97529340e-05 
 5.26000000e-01  4.21277667e-05 
 5.28000000e-01  4.46438631e-05 
 5.30000000e-01  4.73095517e-05 
 5.32000000e-01  5.01336434e-05 
 5.34000000e-01  5.31254577e-05 
 5.36000000e-01  5.62948513e-05 
 5.38000000e-01  5.96522475e-05 
 5.40000000e-01  6.32086672e-05 
 5.42000000e-01  6.69757618e-05 
 5.44000000e-01  7.09658468e-05 
 5.46000000e-01  7.51919384e-05 
 5.48000000e-01  7.96677900e-05 
 5.50000000e-01  8.44079322e-05 
 5.52000000e-01  8.94277134e-05 
 5.54000000e-01  9.47433426e-05 
 5.56000000e-01  1.00371934e-04 
 5.58000000e-01  1.06331554e-04 
 5.60000000e-01  1.12641269e-04 
 5.62000000e-01  1.19321195e-04 
 5.64000000e-01  1.26392554e-04 
 5.66000000e-01  1.33877722e-04 
 5.68000000e-01  1.41800291e-04 
 5.70000000e-01  1.50185124e-04 
 5.72000000e-01  1.59058417e-04 
 5.74000000e-01  1.68447760e-04 
 5.76000000e-01  1.78382200e-04 
 5.78000000e-01  1.88892311e-04 
 5.80000000e-01  2.00010257e-04 
 5.82000000e-01  2.11769864e-04 
 5.84000000e-01  2.24206687e-04 
 5.86000000e-01  2.37358087e-04 
 5.88000000e-01  2.51263302e-04 
 5.90000000e-01  2.65963519e-04 
 5.92000000e-01  2.81501952e-04 
 5.94000000e-01  2.97923917e-04 
 5.96000000e-01  3.15276908e-04 
 5.98000000e-01  3.33610671e-04 
 6.00000000e-01  3.52977283e-04 
 6.02000000e-01  3.73431225e-04 
 6.04000000e-01  3.95029456e-04 
 6.06000000e-01  4.17831487e-04 
 6.08000000e-01  4.41899454e-04 
 6.10000000e-01  4.67298183e-04 
 6.12000000e-01  4.94095258e-04 
 6.14000000e-01  5.22361089e-04 
 6.16000000e-01  5.52168964e-04 
 6.18000000e-01  5.83595116e-04 
 6.20000000e-01  6.16718765e-04 
 6.22000000e-01  6.51622175e-04 
 6.24000000e-01  6.88390689e-04 
 6.26000000e-01  7.27112776e-04 
 6.28000000e-01  7.67880052e-04 
 6.30000000e-01  8.10787319e-04 
 6.32000000e-01  8.55932575e-04 
 6.34000000e-01  9.03417037e-04 
 6.36000000e-01  9.53345144e-04 
 6.38000000e-01  1.00582456e-03 
 6.40000000e-01  1.06096619e-03 
 6.42000000e-01  1.11888414e-03 
 6.44000000e-01  1.17969571e-03 
 6.46000000e-01  1.24352142e-03 
 6.48000000e-01  1.31048493e-03 
 6.50000000e-01  1.38071304e-03 
 6.52000000e-01  1.45433568e-03 
 6.54000000e-01  1.53148586e-03 
 6.56000000e-01  1.61229963e-03 
 6.58000000e-01  1.69691609e-03 
 6.60000000e-01  1.78547732e-03 
 6.62000000e-01  1.87812839e-03 
 6.64000000e-01  1.97501730e-03 
 6.66000000e-01  2.07629502e-03 
 6.68000000e-01  2.18211541e-03 
 6.70000000e-01  2.29263529e-03 
 6.72000000e-01  2.40801437e-03 
 6.74000000e-01  2.52841533e-03 
 6.76000000e-01  2.65400380e-03 
 6.78000000e-01  2.78494841e-03 
 6.80000000e-01  2.92142083e-03 
 6.82000000e-01  3.06359585e-03 
 6.84000000e-01  3.21165141e-03 
 6.86000000e-01  3.36576872e-03 
 6.88000000e-01  3.52613234e-03 
 6.90000000e-01  3.69293028e-03 
 6.92000000e-01  3.86635415e-03 
 6.94000000e-01  4.04659926e-03 
 6.96000000e-01  4.23386480e-03 
 6.98000000e-01  4.42835399e-03 
 7.00000000e-01  4.63027424e-03 
 7.02000000e-01  4.83983736e-03 
 7.04000000e-01  5.05725974e-03 
 7.06000000e-01  5.28276256e-03 
 7.08000000e-01  5.51657202e-03 
 7.10000000e-01  5.75891956e-03 
 7.12000000e-01  6.01004209e-03 
 7.14000000e-01  6.27018226e-03 
 7.16000000e-01  6.53958868e-03 
 7.18000000e-01  6.81851624e-03 
 7.20000000e-01  7.10722632e-03 
 7.22000000e-01  7.40598712e-03 
 7.24000000e-01  7.71507391e-03 
 7.26000000e-01  8.03476935e-03 
 7.28000000e-01  8.36536378e-03 
 7.30000000e-01  8.70715553e-03 
 7.32000000e-01  9.06045121e-03 
 7.34000000e-01  9.42556608e-03 
 7.36000000e-01  9.80282432e-03 
 7.38000000e-01  1.01925594e-02 
 7.40000000e-01  1.05951144e-02 
 7.42000000e-01  1.10108424e-02 
 7.44000000e-01  1.14401067e-02 
 7.46000000e-01  1.18832814e-02 
 7.48000000e-01  1.23407515e-02 
 7.50000000e-01  1.28129135e-02 
 7.52000000e-01  1.33001757e-02 
 7.54000000e-01  1.38029586e-02 
 7.56000000e-01  1.43216951e-02 
 7.58000000e-01  1.48568312e-02 
 7.60000000e-01  1.54088264e-02 
 7.62000000e-01  1.59781539e-02 
 7.64000000e-01  1.65653011e-02 
 7.66000000e-01  1.71707702e-02 
 7.68000000e-01  1.77950786e-02 
 7.70000000e-01  1.84387591e-02 
 7.72000000e-01  1.91023608e-02 
 7.74000000e-01  1.97864492e-02 
 7.76000000e-01  2.04916071e-02 
 7.78000000e-01  2.12184347e-02 
 7.80000000e-01  2.19675505e-02 
 7.82000000e-01  2.27395914e-02 
 7.84000000e-01  2.35352138e-02 
 7.86000000e-01  2.43550938e-02 
 7.88000000e-01  2.51999277e-02 
 7.90000000e-01  2.60704331e-02 
 7.92000000e-01  2.69673490e-02 
 7.94000000e-01  2.78914366e-02 
 7.96000000e-01  2.88434803e-02 
 7.98000000e-01  2.98242876e-02 
 8.00000000e-01  3.08346906e-02 
 8.02000000e-01  3.18755464e-02 
 8.04000000e-01  3.29477375e-02 
 8.06000000e-01  3.40521733e-02 
 8.08000000e-01  3.51897901e-02 
 8.10000000e-01  3.63615524e-02 
 8.12000000e-01  3.75684535e-02 
 8.14000000e-01  3.88115165e-02 
 8.16000000e-01  4.00917949e-02 
 8.18000000e-01  4.14103740e-02 
 8.20000000e-01  4.27683711e-02 
 8.22000000e-01  4.41669372e-02 
 8.24000000e-01  4.56072575e-02 
 8.26000000e-01  4.70905525e-02 
 8.28000000e-01  4.86180792e-02 
 8.30000000e-01  5.01911319e-02 
 8.32000000e-01  5.18110435e-02 
 8.34000000e-01  5.34791866e-02 
 8.36000000e-01  5.51969747e-02 
 8.38000000e-01  5.69658633e-02 
 8.40000000e-01  5.87873511e-02 
 8.42000000e-01  6.06629814e-02 
 8.44000000e-01  6.25943433e-02 
 8.46000000e-01  6.45830733e-02 
 8.48000000e-01  6.66308563e-02 
 8.50000000e-01  6.87394273e-02 
 8.52000000e-01  7.09105727e-02 
 8.54000000e-01  7.31461320e-02 
 8.56000000e-01  7.54479993e-02 
 8.58000000e-01  7.78181249e-02 
 8.60000000e-01  8.02585166e-02 
 8.62000000e-01  8.27712422e-02 
 8.64000000e-01  8.53584304e-02 
 8.66000000e-01  8.80222733e-02 
 8.68000000e-01  9.07650276e-02 
 8.70000000e-01  9.35890171e-02 
 8.72000000e-01  9.64966344e-02 
 8.74000000e-01  9.94903429e-02 
 8.76000000e-01  1.02572679e-01 
 8.78000000e-01  1.05746254e-01 
 8.80000000e-01  1.09013756e-01 
 8.82000000e-01  1.12377955e-01 
 8.84000000e-01  1.15841700e-01 
 8.86000000e-01  1.19407926e-01 
 8.88000000e-01  1.23079653e-01 
 8.90000000e-01  1.26859994e-01 
 8.92000000e-01  1.30752151e-01 
 8.94000000e-01  1.34759421e-01 
 8.96000000e-01  1.38885200e-01 
 8.98000000e-01  1.43132982e-01 
 9.00000000e-01  1.47506367e-01 
