 2.00000000e+00  2.00020667e-12 
 1.99800000e+00  1.99821466e-12 
 1.99600000e+00  1.99622387e-12 
 1.99400000e+00  1.99423411e-12 
 1.99200000e+00  1.99224488e-12 
 1.99000000e+00  1.99025652e-12 
 1.98800000e+00  1.98826909e-12 
 1.98600000e+00  1.98628267e-12 
 1.98400000e+00  1.98429735e-12 
 1.98200000e+00  1.98231320e-12 
 1.98000000e+00  1.98033032e-12 
 1.97800000e+00  1.97834883e-12 
 1.97600000e+00  1.97636881e-12 
 1.97400000e+00  1.97439041e-12 
 1.97200000e+00  1.97241373e-12 
 1.97000000e+00  1.97043893e-12 
 1.96800000e+00  1.96846616e-12 
 1.96600000e+00  1.96649557e-12 
 1.96400000e+00  1.96452734e-12 
 1.96200000e+00  1.96256167e-12 
 1.96000000e+00  1.96059875e-12 
 1.95800000e+00  1.95863882e-12 
 1.95600000e+00  1.95668210e-12 
 1.95400000e+00  1.95472885e-12 
 1.95200000e+00  1.95277937e-12 
 1.95000000e+00  1.95083394e-12 
 1.94800000e+00  1.94889289e-12 
 1.94600000e+00  1.94695658e-12 
 1.94400000e+00  1.94502539e-12 
 1.94200000e+00  1.94309972e-12 
 1.94000000e+00  1.94118002e-12 
 1.93800000e+00  1.93926677e-12 
 1.93600000e+00  1.93736050e-12 
 1.93400000e+00  1.93546175e-12 
 1.93200000e+00  1.93357113e-12 
 1.93000000e+00  1.93168930e-12 
 1.92800000e+00  1.92981696e-12 
 1.92600000e+00  1.92795487e-12 
 1.92400000e+00  1.92610387e-12 
 1.92200000e+00  1.92426483e-12 
 1.92000000e+00  1.92243872e-12 
 1.91800000e+00  1.92062658e-12 
 1.91600000e+00  1.91882953e-12 
 1.91400000e+00  1.91704878e-12 
 1.91200000e+00  1.91528564e-12 
 1.91000000e+00  1.91354152e-12 
 1.90800000e+00  1.91181796e-12 
 1.90600000e+00  1.91011661e-12 
 1.90400000e+00  1.90843925e-12 
 1.90200000e+00  1.90678780e-12 
 1.90000000e+00  1.90516435e-12 
 1.89800000e+00  1.90357114e-12 
 1.89600000e+00  1.90201061e-12 
 1.89400000e+00  1.90048538e-12 
 1.89200000e+00  1.89899829e-12 
 1.89000000e+00  1.89755240e-12 
 1.88800000e+00  1.89615101e-12 
 1.88600000e+00  1.89479771e-12 
 1.88400000e+00  1.89349635e-12 
 1.88200000e+00  1.89225112e-12 
 1.88000000e+00  1.89106651e-12 
 1.87800000e+00  1.88994740e-12 
 1.87600000e+00  1.88889904e-12 
 1.87400000e+00  1.88792713e-12 
 1.87200000e+00  1.88703779e-12 
 1.87000000e+00  1.88623767e-12 
 1.86800000e+00  1.88553393e-12 
 1.86600000e+00  1.88493432e-12 
 1.86400000e+00  1.88444719e-12 
 1.86200000e+00  1.88408158e-12 
 1.86000000e+00  1.88384725e-12 
 1.85800000e+00  1.88375475e-12 
 1.85600000e+00  1.88381547e-12 
 1.85400000e+00  1.88404172e-12 
 1.85200000e+00  1.88444679e-12 
 1.85000000e+00  1.88504505e-12 
 1.84800000e+00  1.88585202e-12 
 1.84600000e+00  1.88688445e-12 
 1.84400000e+00  1.88816047e-12 
 1.84200000e+00  1.88969963e-12 
 1.84000000e+00  1.89152307e-12 
 1.83800000e+00  1.89365364e-12 
 1.83600000e+00  1.89611599e-12 
 1.83400000e+00  1.89893677e-12 
 1.83200000e+00  1.90214479e-12 
 1.83000000e+00  1.90577115e-12 
 1.82800000e+00  1.90984944e-12 
 1.82600000e+00  1.91441596e-12 
 1.82400000e+00  1.91950995e-12 
 1.82200000e+00  1.92517376e-12 
 1.82000000e+00  1.93145316e-12 
 1.81800000e+00  1.93839761e-12 
 1.81600000e+00  1.94606052e-12 
 1.81400000e+00  1.95449961e-12 
 1.81200000e+00  1.96377721e-12 
 1.81000000e+00  1.97396068e-12 
 1.80800000e+00  1.98512280e-12 
 1.80600000e+00  1.99734216e-12 
 1.80400000e+00  2.01070369e-12 
 1.80200000e+00  2.02529913e-12 
 1.80000000e+00  2.04122760e-12 
 1.79800000e+00  2.05859618e-12 
 1.79600000e+00  2.07752053e-12 
 1.79400000e+00  2.09812563e-12 
 1.79200000e+00  2.12054649e-12 
 1.79000000e+00  2.14492895e-12 
 1.78800000e+00  2.17143057e-12 
 1.78600000e+00  2.20022159e-12 
 1.78400000e+00  2.23148590e-12 
 1.78200000e+00  2.26542216e-12 
 1.78000000e+00  2.30224499e-12 
 1.77800000e+00  2.34218627e-12 
 1.77600000e+00  2.38549647e-12 
 1.77400000e+00  2.43244621e-12 
 1.77200000e+00  2.48332784e-12 
 1.77000000e+00  2.53845717e-12 
 1.76800000e+00  2.59817541e-12 
 1.76600000e+00  2.66285116e-12 
 1.76400000e+00  2.73288264e-12 
 1.76200000e+00  2.80870003e-12 
 1.76000000e+00  2.89076809e-12 
 1.75800000e+00  2.97958891e-12 
 1.75600000e+00  3.07570490e-12 
 1.75400000e+00  3.17970204e-12 
 1.75200000e+00  3.29221339e-12 
 1.75000000e+00  3.41392284e-12 
 1.74800000e+00  3.54556924e-12 
 1.74600000e+00  3.68795075e-12 
 1.74400000e+00  3.84192970e-12 
 1.74200000e+00  4.00843762e-12 
 1.74000000e+00  4.18848091e-12 
 1.73800000e+00  4.38314679e-12 
 1.73600000e+00  4.59360983e-12 
 1.73400000e+00  4.82113892e-12 
 1.73200000e+00  5.06710489e-12 
 1.73000000e+00  5.33298868e-12 
 1.72800000e+00  5.62039018e-12 
 1.72600000e+00  5.93103779e-12 
 1.72400000e+00  6.26679876e-12 
 1.72200000e+00  6.62969030e-12 
 1.72000000e+00  7.02189168e-12 
 1.71800000e+00  7.44575720e-12 
 1.71600000e+00  7.90383026e-12 
 1.71400000e+00  8.39885859e-12 
 1.71200000e+00  8.93381060e-12 
 1.71000000e+00  9.51189316e-12 
 1.70800000e+00  1.01365707e-11 
 1.70600000e+00  1.08115860e-11 
 1.70400000e+00  1.15409823e-11 
 1.70200000e+00  1.23291279e-11 
 1.70000000e+00  1.31807417e-11 
 1.69800000e+00  1.41009217e-11 
 1.69600000e+00  1.50951757e-11 
 1.69400000e+00  1.61694535e-11 
 1.69200000e+00  1.73301830e-11 
 1.69000000e+00  1.85843084e-11 
 1.68800000e+00  1.99393317e-11 
 1.68600000e+00  2.14033576e-11 
 1.68400000e+00  2.29851415e-11 
 1.68200000e+00  2.46941424e-11 
 1.68000000e+00  2.65405789e-11 
 1.67800000e+00  2.85354905e-11 
 1.67600000e+00  3.06908034e-11 
 1.67400000e+00  3.30194017e-11 
 1.67200000e+00  3.55352046e-11 
 1.67000000e+00  3.82532493e-11 
 1.66800000e+00  4.11897805e-11 
 1.66600000e+00  4.43623484e-11 
 1.66400000e+00  4.77899123e-11 
 1.66200000e+00  5.14929547e-11 
 1.66000000e+00  5.54936034e-11 
 1.65800000e+00  5.98157634e-11 
 1.65600000e+00  6.44852601e-11 
 1.65400000e+00  6.95299930e-11 
 1.65200000e+00  7.49801028e-11 
 1.65000000e+00  8.08681514e-11 
 1.64800000e+00  8.72293159e-11 
 1.64600000e+00  9.41015991e-11 
 1.64400000e+00  1.01526057e-10 
 1.64200000e+00  1.09547041e-10 
 1.64000000e+00  1.18212469e-10 
 1.63800000e+00  1.27574104e-10 
 1.63600000e+00  1.37687870e-10 
 1.63400000e+00  1.48614180e-10 
 1.63200000e+00  1.60418303e-10 
 1.63000000e+00  1.73170747e-10 
 1.62800000e+00  1.86947687e-10 
 1.62600000e+00  2.01831414e-10 
 1.62400000e+00  2.17910831e-10 
 1.62200000e+00  2.35281980e-10 
 1.62000000e+00  2.54048620e-10 
 1.61800000e+00  2.74322842e-10 
 1.61600000e+00  2.96225743e-10 
 1.61400000e+00  3.19888146e-10 
 1.61200000e+00  3.45451380e-10 
 1.61000000e+00  3.73068130e-10 
 1.60800000e+00  4.02903342e-10 
 1.60600000e+00  4.35135215e-10 
 1.60400000e+00  4.69956258e-10 
 1.60200000e+00  5.07574445e-10 
 1.60000000e+00  5.49768677e-10 
 1.59800000e+00  5.93798078e-10 
 1.59600000e+00  6.41364279e-10 
 1.59400000e+00  6.92751371e-10 
 1.59200000e+00  7.48266266e-10 
 1.59000000e+00  8.08240526e-10 
 1.58800000e+00  8.73032347e-10 
 1.58600000e+00  9.43028697e-10 
 1.58400000e+00  1.01864763e-09 
 1.58200000e+00  1.10034077e-09 
 1.58000000e+00  1.18859602e-09 
 1.57800000e+00  1.28394049e-09 
 1.57600000e+00  1.38694361e-09 
 1.57400000e+00  1.49822056e-09 
 1.57200000e+00  1.61843593e-09 
 1.57000000e+00  1.74830768e-09 
 1.56800000e+00  1.88861146e-09 
 1.56600000e+00  2.04018522e-09 
 1.56400000e+00  2.20393421e-09 
 1.56200000e+00  2.38083639e-09 
 1.56000000e+00  2.57194829e-09 
 1.55800000e+00  2.77841128e-09 
 1.55600000e+00  3.00145845e-09 
 1.55400000e+00  3.24242188e-09 
 1.55200000e+00  3.50274070e-09 
 1.55000000e+00  3.78396961e-09 
 1.54800000e+00  4.08778818e-09 
 1.54600000e+00  4.41601093e-09 
 1.54400000e+00  4.77059809e-09 
 1.54200000e+00  5.15366735e-09 
 1.54000000e+00  5.56750651e-09 
 1.53800000e+00  6.01458714e-09 
 1.53600000e+00  6.49757932e-09 
 1.53400000e+00  7.01936761e-09 
 1.53200000e+00  7.58306826e-09 
 1.53000000e+00  8.19204783e-09 
 1.52800000e+00  8.84994330e-09 
 1.52600000e+00  9.56068378e-09 
 1.52400000e+00  1.03285140e-08 
 1.52200000e+00  1.11580195e-08 
 1.52000000e+00  1.20541545e-08 
 1.51800000e+00  1.30222707e-08 
 1.51600000e+00  1.40681499e-08 
 1.51400000e+00  1.51980384e-08 
 1.51200000e+00  1.64186841e-08 
 1.51000000e+00  1.77373768e-08 
 1.50800000e+00  1.91619920e-08 
 1.50600000e+00  2.07010377e-08 
 1.50400000e+00  2.23637054e-08 
 1.50200000e+00  2.41599247e-08 
 1.50000000e+00  2.61004229e-08 
 1.49800000e+00  2.81967887e-08 
 1.49600000e+00  3.04615420e-08 
 1.49400000e+00  3.29082078e-08 
 1.49200000e+00  3.55513980e-08 
 1.49000000e+00  3.84068977e-08 
 1.48800000e+00  4.14917600e-08 
 1.48600000e+00  4.48244078e-08 
 1.48400000e+00  4.84247434e-08 
 1.48200000e+00  5.23142679e-08 
 1.48000000e+00  5.65162093e-08 
 1.47800000e+00  6.10556611e-08 
 1.47600000e+00  6.59597323e-08 
 1.47400000e+00  7.12577091e-08 
 1.47200000e+00  7.69812301e-08 
 1.47000000e+00  8.31644746e-08 
 1.46800000e+00  8.98443672e-08 
 1.46600000e+00  9.70607982e-08 
 1.46400000e+00  1.04856861e-07 
 1.46200000e+00  1.13279111e-07 
 1.46000000e+00  1.22377841e-07 
 1.45800000e+00  1.32207384e-07 
 1.45600000e+00  1.42826436e-07 
 1.45400000e+00  1.54298407e-07 
 1.45200000e+00  1.66691798e-07 
 1.45000000e+00  1.80080612e-07 
 1.44800000e+00  1.94544796e-07 
 1.44600000e+00  2.10170713e-07 
 1.44400000e+00  2.27051665e-07 
 1.44200000e+00  2.45288444e-07 
 1.44000000e+00  2.64989934e-07 
 1.43800000e+00  2.86273763e-07 
 1.43600000e+00  3.09267003e-07 
 1.43400000e+00  3.34106930e-07 
 1.43200000e+00  3.60941838e-07 
 1.43000000e+00  3.89931927e-07 
 1.42800000e+00  4.21250261e-07 
 1.42600000e+00  4.55083791e-07 
 1.42400000e+00  4.91634479e-07 
 1.42200000e+00  5.31120496e-07 
 1.42000000e+00  5.73777523e-07 
 1.41800000e+00  6.19860157e-07 
 1.41600000e+00  6.69643425e-07 
 1.41400000e+00  7.23424426e-07 
 1.41200000e+00  7.81524096e-07 
 1.41000000e+00  8.44289120e-07 
 1.40800000e+00  9.12093995e-07 
 1.40600000e+00  9.85343260e-07 
 1.40400000e+00  1.06447390e-06 
 1.40200000e+00  1.14995795e-06 
 1.40000000e+00  1.24230528e-06 
 1.39800000e+00  1.34206667e-06 
 1.39600000e+00  1.44983701e-06 
 1.39400000e+00  1.56625892e-06 
 1.39200000e+00  1.69202649e-06 
 1.39000000e+00  1.82788942e-06 
 1.38800000e+00  1.97465748e-06 
 1.38600000e+00  2.13320529e-06 
 1.38400000e+00  2.30447749e-06 
 1.38200000e+00  2.48949437e-06 
 1.38000000e+00  2.68935783e-06 
 1.37800000e+00  2.90525797e-06 
 1.37600000e+00  3.13848005e-06 
 1.37400000e+00  3.39041209e-06 
 1.37200000e+00  3.66255305e-06 
 1.37000000e+00  3.95652164e-06 
 1.36800000e+00  4.27406583e-06 
 1.36600000e+00  4.61707313e-06 
 1.36400000e+00  4.98758160e-06 
 1.36200000e+00  5.38779182e-06 
 1.36000000e+00  5.82007972e-06 
 1.35800000e+00  6.28701046e-06 
 1.35600000e+00  6.79135331e-06 
 1.35400000e+00  7.33609776e-06 
 1.35200000e+00  7.92447087e-06 
 1.35000000e+00  8.55995585e-06 
 1.34800000e+00  9.24631221e-06 
 1.34600000e+00  9.98759731e-06 
 1.34400000e+00  1.07881897e-05 
 1.34200000e+00  1.16528139e-05 
 1.34000000e+00  1.25865677e-05 
 1.33800000e+00  1.35949506e-05 
 1.33600000e+00  1.46838951e-05 
 1.33400000e+00  1.58598002e-05 
 1.33200000e+00  1.71295667e-05 
 1.33000000e+00  1.85006359e-05 
 1.32800000e+00  1.99810308e-05 
 1.32600000e+00  2.15794002e-05 
 1.32400000e+00  2.33050654e-05 
 1.32200000e+00  2.51680716e-05 
 1.32000000e+00  2.71792410e-05 
 1.31800000e+00  2.93502312e-05 
 1.31600000e+00  3.16935963e-05 
 1.31400000e+00  3.42228527e-05 
 1.31200000e+00  3.69525492e-05 
 1.31000000e+00  3.98983410e-05 
 1.30800000e+00  4.30770691e-05 
 1.30600000e+00  4.65068438e-05 
 1.30400000e+00  5.02071340e-05 
 1.30200000e+00  5.41988606e-05 
 1.30000000e+00  5.85044961e-05 
 1.29800000e+00  6.31481693e-05 
 1.29600000e+00  6.81557749e-05 
 1.29400000e+00  7.35550894e-05 
 1.29200000e+00  7.93758917e-05 
 1.29000000e+00  8.56500892e-05 
 1.28800000e+00  9.24118498e-05 
 1.28600000e+00  9.96977379e-05 
 1.28400000e+00  1.07546856e-04 
 1.28200000e+00  1.16000988e-04 
 1.28000000e+00  1.25104754e-04 
 1.27800000e+00  1.34905757e-04 
 1.27600000e+00  1.45454740e-04 
 1.27400000e+00  1.56805745e-04 
 1.27200000e+00  1.69016270e-04 
 1.27000000e+00  1.82147424e-04 
 1.26800000e+00  1.96264088e-04 
 1.26600000e+00  2.11435065e-04 
 1.26400000e+00  2.27733234e-04 
 1.26200000e+00  2.45235689e-04 
 1.26000000e+00  2.64023881e-04 
 1.25800000e+00  2.84183747e-04 
 1.25600000e+00  3.05805827e-04 
 1.25400000e+00  3.28985372e-04 
 1.25200000e+00  3.53822442e-04 
 1.25000000e+00  3.80421985e-04 
 1.24800000e+00  4.08893901e-04 
 1.24600000e+00  4.39353097e-04 
 1.24400000e+00  4.71919517e-04 
 1.24200000e+00  5.06718159e-04 
 1.24000000e+00  5.43879082e-04 
 1.23800000e+00  5.83537385e-04 
 1.23600000e+00  6.25833184e-04 
 1.23400000e+00  6.70911572e-04 
 1.23200000e+00  7.18922568e-04 
 1.23000000e+00  7.70021062e-04 
 1.22800000e+00  8.24366754e-04 
 1.22600000e+00  8.82124090e-04 
 1.22400000e+00  9.43462213e-04 
 1.22200000e+00  1.00855490e-03 
 1.22000000e+00  1.07758055e-03 
 1.21800000e+00  1.15072212e-03 
 1.21600000e+00  1.22816717e-03 
 1.21400000e+00  1.31010785e-03 
 1.21200000e+00  1.39674096e-03 
 1.21000000e+00  1.48826803e-03 
 1.20800000e+00  1.58489543e-03 
 1.20600000e+00  1.68683452e-03 
 1.20400000e+00  1.79430181e-03 
 1.20200000e+00  1.90751920e-03 
 1.20000000e+00  2.02671420e-03 
 1.19800000e+00  2.15212028e-03 
 1.19600000e+00  2.28397711e-03 
 1.19400000e+00  2.42253100e-03 
 1.19200000e+00  2.56803523e-03 
 1.19000000e+00  2.72075051e-03 
 1.18800000e+00  2.88094542e-03 
 1.18600000e+00  3.04889687e-03 
 1.18400000e+00  3.22489065e-03 
 1.18200000e+00  3.40922192e-03 
 1.18000000e+00  3.60219578e-03 
 1.17800000e+00  3.80412785e-03 
 1.17600000e+00  4.01534484e-03 
 1.17400000e+00  4.23618519e-03 
 1.17200000e+00  4.46699968e-03 
 1.17000000e+00  4.70815210e-03 
 1.16800000e+00  4.96001989e-03 
 1.16600000e+00  5.22299486e-03 
 1.16400000e+00  5.49748384e-03 
 1.16200000e+00  5.78390945e-03 
 1.16000000e+00  6.08271080e-03 
 1.15800000e+00  6.39434427e-03 
 1.15600000e+00  6.71928428e-03 
 1.15400000e+00  7.05802407e-03 
 1.15200000e+00  7.41107655e-03 
 1.15000000e+00  7.77897513e-03 
 1.14800000e+00  8.16227458e-03 
 1.14600000e+00  8.56155193e-03 
 1.14400000e+00  8.97740741e-03 
 1.14200000e+00  9.41046537e-03 
 1.14000000e+00  9.86137530e-03 
 1.13800000e+00  1.03308128e-02 
 1.13600000e+00  1.08194807e-02 
 1.13400000e+00  1.13281101e-02 
 1.13200000e+00  1.18574614e-02 
 1.13000000e+00  1.24083257e-02 
 1.12800000e+00  1.29815259e-02 
 1.12600000e+00  1.35779179e-02 
 1.12400000e+00  1.41983917e-02 
 1.12200000e+00  1.48438734e-02 
 1.12000000e+00  1.55153259e-02 
 1.11800000e+00  1.62137507e-02 
 1.11600000e+00  1.69401893e-02 
 1.11400000e+00  1.76957249e-02 
 1.11200000e+00  1.84814840e-02 
 1.11000000e+00  1.92986379e-02 
 1.10800000e+00  2.01484045e-02 
 1.10600000e+00  2.10320504e-02 
 1.10400000e+00  2.19508927e-02 
 1.10200000e+00  2.29063004e-02 
 1.10000000e+00  2.38996975e-02 
