 4.00000000e-01  5.13692477e-10 
 4.02000000e-01  5.54676946e-10 
 4.04000000e-01  5.98954721e-10 
 4.06000000e-01  6.46790421e-10 
 4.08000000e-01  6.98469931e-10 
 4.10000000e-01  7.54302103e-10 
 4.12000000e-01  8.14620609e-10 
 4.14000000e-01  8.79785930e-10 
 4.16000000e-01  9.50187512e-10 
 4.18000000e-01  1.02624609e-09 
 4.20000000e-01  1.10841622e-09 
 4.22000000e-01  1.19718896e-09 
 4.24000000e-01  1.29309485e-09 
 4.26000000e-01  1.39670703e-09 
 4.28000000e-01  1.50864471e-09 
 4.30000000e-01  1.62957686e-09 
 4.32000000e-01  1.76022619e-09 
 4.34000000e-01  1.90137348e-09 
 4.36000000e-01  2.05386226e-09 
 4.38000000e-01  2.21860383e-09 
 4.40000000e-01  2.39658270e-09 
 4.42000000e-01  2.58886251e-09 
 4.44000000e-01  2.79659236e-09 
 4.46000000e-01  3.02101366e-09 
 4.48000000e-01  3.26346759e-09 
 4.50000000e-01  3.52540308e-09 
 4.52000000e-01  3.80838551e-09 
 4.54000000e-01  4.11410600e-09 
 4.56000000e-01  4.44439158e-09 
 4.58000000e-01  4.80121608e-09 
 4.60000000e-01  5.18671193e-09 
 4.62000000e-01  5.60318287e-09 
 4.64000000e-01  6.05311780e-09 
 4.66000000e-01  6.53920557e-09 
 4.68000000e-01  7.06435109e-09 
 4.70000000e-01  7.63169268e-09 
 4.72000000e-01  8.24462081e-09 
 4.74000000e-01  8.90679842e-09 
 4.76000000e-01  9.62218271e-09 
 4.78000000e-01  1.03950489e-08 
 4.80000000e-01  1.12300157e-08 
 4.82000000e-01  1.21320729e-08 
 4.84000000e-01  1.31066112e-08 
 4.86000000e-01  1.41594547e-08 
 4.88000000e-01  1.52968950e-08 
 4.90000000e-01  1.65257297e-08 
 4.92000000e-01  1.78533023e-08 
 4.94000000e-01  1.92875464e-08 
 4.96000000e-01  2.08370332e-08 
 4.98000000e-01  2.25110224e-08 
 5.00000000e-01  2.43195177e-08 
 5.02000000e-01  2.62733269e-08 
 5.04000000e-01  2.83841259e-08 
 5.06000000e-01  3.06645288e-08 
 5.08000000e-01  3.31281634e-08 
 5.10000000e-01  3.57897521e-08 
 5.12000000e-01  3.86652008e-08 
 5.14000000e-01  4.17716928e-08 
 5.16000000e-01  4.51277925e-08 
 5.18000000e-01  4.87535557e-08 
 5.20000000e-01  5.26706498e-08 
 5.22000000e-01  5.69024830e-08 
 5.24000000e-01  6.14743442e-08 
 5.26000000e-01  6.64135545e-08 
 5.28000000e-01  7.17496298e-08 
 5.30000000e-01  7.75144578e-08 
 5.32000000e-01  8.37424881e-08 
 5.34000000e-01  9.04709381e-08 
 5.36000000e-01  9.77400158e-08 
 5.38000000e-01  1.05593159e-07 
 5.40000000e-01  1.14077297e-07 
 5.42000000e-01  1.23243128e-07 
 5.44000000e-01  1.33145423e-07 
 5.46000000e-01  1.43843356e-07 
 5.48000000e-01  1.55400853e-07 
 5.50000000e-01  1.67886977e-07 
 5.52000000e-01  1.81376338e-07 
 5.54000000e-01  1.95949543e-07 
 5.56000000e-01  2.11693672e-07 
 5.58000000e-01  2.28702802e-07 
 5.60000000e-01  2.47078568e-07 
 5.62000000e-01  2.66930771e-07 
 5.64000000e-01  2.88378030e-07 
 5.66000000e-01  3.11548496e-07 
 5.68000000e-01  3.36580613e-07 
 5.70000000e-01  3.63623947e-07 
 5.72000000e-01  3.92840078e-07 
 5.74000000e-01  4.24403565e-07 
 5.76000000e-01  4.58502989e-07 
 5.78000000e-01  4.95342079e-07 
 5.80000000e-01  5.35140927e-07 
 5.82000000e-01  5.78137302e-07 
 5.84000000e-01  6.24588071e-07 
 5.86000000e-01  6.74770729e-07 
 5.88000000e-01  7.28985059e-07 
 5.90000000e-01  7.87554916e-07 
 5.92000000e-01  8.50830163e-07 
 5.94000000e-01  9.19188759e-07 
 5.96000000e-01  9.93039006e-07 
 5.98000000e-01  1.07282199e-06 
 6.00000000e-01  1.15901423e-06 
 6.02000000e-01  1.25213045e-06 
 6.04000000e-01  1.35272676e-06 
 6.06000000e-01  1.46140385e-06 
 6.08000000e-01  1.57881066e-06 
 6.10000000e-01  1.70564819e-06 
 6.12000000e-01  1.84267372e-06 
 6.14000000e-01  1.99070526e-06 
 6.16000000e-01  2.15062647e-06 
 6.18000000e-01  2.32339189e-06 
 6.20000000e-01  2.51003264e-06 
 6.22000000e-01  2.71166251e-06 
 6.24000000e-01  2.92948463e-06 
 6.26000000e-01  3.16479857e-06 
 6.28000000e-01  3.41900807e-06 
 6.30000000e-01  3.69362939e-06 
 6.32000000e-01  3.99030027e-06 
 6.34000000e-01  4.31078967e-06 
 6.36000000e-01  4.65700819e-06 
 6.38000000e-01  5.03101946e-06 
 6.40000000e-01  5.43505225e-06 
 6.42000000e-01  5.87151372e-06 
 6.44000000e-01  6.34300359e-06 
 6.46000000e-01  6.85232945e-06 
 6.48000000e-01  7.40252335e-06 
 6.50000000e-01  7.99685961e-06 
 6.52000000e-01  8.63887406e-06 
 6.54000000e-01  9.33238481e-06 
 6.56000000e-01  1.00815146e-05 
 6.58000000e-01  1.08907149e-05 
 6.60000000e-01  1.17647921e-05 
 6.62000000e-01  1.27089352e-05 
 6.64000000e-01  1.37287462e-05 
 6.66000000e-01  1.48302727e-05 
 6.68000000e-01  1.60200428e-05 
 6.70000000e-01  1.73051028e-05 
 6.72000000e-01  1.86930579e-05 
 6.74000000e-01  2.01921160e-05 
 6.76000000e-01  2.18111344e-05 
 6.78000000e-01  2.35596705e-05 
 6.80000000e-01  2.54480363e-05 
 6.82000000e-01  2.74873565e-05 
 6.84000000e-01  2.96896317e-05 
 6.86000000e-01  3.20678052e-05 
 6.88000000e-01  3.46358357e-05 
 6.90000000e-01  3.74087746e-05 
 6.92000000e-01  4.04028493e-05 
 6.94000000e-01  4.36355520e-05 
 6.96000000e-01  4.71257352e-05 
 6.98000000e-01  5.08937134e-05 
 7.00000000e-01  5.49613725e-05 
 7.02000000e-01  5.93522855e-05 
 7.04000000e-01  6.40918372e-05 
 7.06000000e-01  6.92073565e-05 
 7.08000000e-01  7.47282569e-05 
 7.10000000e-01  8.06861866e-05 
 7.12000000e-01  8.71151875e-05 
 7.14000000e-01  9.40518639e-05 
 7.16000000e-01  1.01535561e-04 
 7.18000000e-01  1.09608555e-04 
 7.20000000e-01  1.18316251e-04 
 7.22000000e-01  1.27707392e-04 
 7.24000000e-01  1.37834282e-04 
 7.26000000e-01  1.48753018e-04 
 7.28000000e-01  1.60523727e-04 
 7.30000000e-01  1.73210826e-04 
 7.32000000e-01  1.86883278e-04 
 7.34000000e-01  2.01614868e-04 
 7.36000000e-01  2.17484483e-04 
 7.38000000e-01  2.34576402e-04 
 7.40000000e-01  2.52980595e-04 
 7.42000000e-01  2.72793022e-04 
 7.44000000e-01  2.94115944e-04 
 7.46000000e-01  3.17058233e-04 
 7.48000000e-01  3.41735680e-04 
 7.50000000e-01  3.68271311e-04 
 7.52000000e-01  3.96795691e-04 
 7.54000000e-01  4.27447224e-04 
 7.56000000e-01  4.60372448e-04 
 7.58000000e-01  4.95726313e-04 
 7.60000000e-01  5.33672449e-04 
 7.62000000e-01  5.74383414e-04 
 7.64000000e-01  6.18040921e-04 
 7.66000000e-01  6.64836042e-04 
 7.68000000e-01  7.14969389e-04 
 7.70000000e-01  7.68651259e-04 
 7.72000000e-01  8.26101760e-04 
 7.74000000e-01  8.87550892e-04 
 7.76000000e-01  9.53238610e-04 
 7.78000000e-01  1.02341484e-03 
 7.80000000e-01  1.09833949e-03 
 7.82000000e-01  1.17828237e-03 
 7.84000000e-01  1.26352320e-03 
 7.86000000e-01  1.35435146e-03 
 7.88000000e-01  1.45106632e-03 
 7.90000000e-01  1.55397652e-03 
 7.92000000e-01  1.66340024e-03 
 7.94000000e-01  1.77966503e-03 
 7.96000000e-01  1.90310762e-03 
 7.98000000e-01  2.03407391e-03 
 8.00000000e-01  2.17291888e-03 
 8.02000000e-01  2.32000653e-03 
 8.04000000e-01  2.47570996e-03 
 8.06000000e-01  2.64041135e-03 
 8.08000000e-01  2.81450216e-03 
 8.10000000e-01  2.99838325e-03 
 8.12000000e-01  3.19246513e-03 
 8.14000000e-01  3.39716830e-03 
 8.16000000e-01  3.61292362e-03 
 8.18000000e-01  3.84017273e-03 
 8.20000000e-01  4.07936863e-03 
 8.22000000e-01  4.33097624e-03 
 8.24000000e-01  4.59547305e-03 
 8.26000000e-01  4.87334991e-03 
 8.28000000e-01  5.16511176e-03 
 8.30000000e-01  5.47127854e-03 
 8.32000000e-01  5.79238606e-03 
 8.34000000e-01  6.12898699e-03 
 8.36000000e-01  6.48165186e-03 
 8.38000000e-01  6.85097017e-03 
 8.40000000e-01  7.23755141e-03 
 8.42000000e-01  7.64202628e-03 
 8.44000000e-01  8.06504786e-03 
 8.46000000e-01  8.50729281e-03 
 8.48000000e-01  8.96946265e-03 
 8.50000000e-01  9.45228506e-03 
 8.52000000e-01  9.95651517e-03 
 8.54000000e-01  1.04829370e-02 
 8.56000000e-01  1.10323647e-02 
 8.58000000e-01  1.16056442e-02 
 8.60000000e-01  1.22036544e-02 
 8.62000000e-01  1.28273092e-02 
 8.64000000e-01  1.34775583e-02 
 8.66000000e-01  1.41553894e-02 
 8.68000000e-01  1.48618295e-02 
 8.70000000e-01  1.55979468e-02 
 8.72000000e-01  1.63648524e-02 
 8.74000000e-01  1.71637019e-02 
 8.76000000e-01  1.79956974e-02 
 8.78000000e-01  1.88620895e-02 
 8.80000000e-01  1.97641789e-02 
 8.82000000e-01  2.07033189e-02 
 8.84000000e-01  2.16809172e-02 
 8.86000000e-01  2.26984383e-02 
 8.88000000e-01  2.37574054e-02 
 8.90000000e-01  2.48594030e-02 
 8.92000000e-01  2.60060794e-02 
 8.94000000e-01  2.71991491e-02 
 8.96000000e-01  2.84403951e-02 
 8.98000000e-01  2.97316723e-02 
 9.00000000e-01  3.10749097e-02 
