 4.00000000e-01  6.40555217e-10 
 4.02000000e-01  6.91733240e-10 
 4.04000000e-01  7.47023632e-10 
 4.06000000e-01  8.06756825e-10 
 4.08000000e-01  8.71289802e-10 
 4.10000000e-01  9.41008231e-10 
 4.12000000e-01  1.01632877e-09 
 4.14000000e-01  1.09770155e-09 
 4.16000000e-01  1.18561288e-09 
 4.18000000e-01  1.28058813e-09 
 4.20000000e-01  1.38319491e-09 
 4.22000000e-01  1.49404640e-09 
 4.24000000e-01  1.61380508e-09 
 4.26000000e-01  1.74318666e-09 
 4.28000000e-01  1.88296433e-09 
 4.30000000e-01  2.03397344e-09 
 4.32000000e-01  2.19711645e-09 
 4.34000000e-01  2.37336832e-09 
 4.36000000e-01  2.56378236e-09 
 4.38000000e-01  2.76949651e-09 
 4.40000000e-01  2.99174017e-09 
 4.42000000e-01  3.23184147e-09 
 4.44000000e-01  3.49123531e-09 
 4.46000000e-01  3.77147186e-09 
 4.48000000e-01  4.07422584e-09 
 4.50000000e-01  4.40130655e-09 
 4.52000000e-01  4.75466866e-09 
 4.54000000e-01  5.13642391e-09 
 4.56000000e-01  5.54885371e-09 
 4.58000000e-01  5.99442279e-09 
 4.60000000e-01  6.47579390e-09 
 4.62000000e-01  6.99584378e-09 
 4.64000000e-01  7.55768029e-09 
 4.66000000e-01  8.16466102e-09 
 4.68000000e-01  8.82041334e-09 
 4.70000000e-01  9.52885608e-09 
 4.72000000e-01  1.02942230e-08 
 4.74000000e-01  1.11210878e-08 
 4.76000000e-01  1.20143922e-08 
 4.78000000e-01  1.29794744e-08 
 4.80000000e-01  1.40221018e-08 
 4.82000000e-01  1.51485054e-08 
 4.84000000e-01  1.63654164e-08 
 4.86000000e-01  1.76801073e-08 
 4.88000000e-01  1.91004347e-08 
 4.90000000e-01  2.06348866e-08 
 4.92000000e-01  2.22926327e-08 
 4.94000000e-01  2.40835800e-08 
 4.96000000e-01  2.60184311e-08 
 4.98000000e-01  2.81087487e-08 
 5.00000000e-01  3.03670245e-08 
 5.02000000e-01  3.28067541e-08 
 5.04000000e-01  3.54425172e-08 
 5.06000000e-01  3.82900651e-08 
 5.08000000e-01  4.13664145e-08 
 5.10000000e-01  4.46899497e-08 
 5.12000000e-01  4.82805319e-08 
 5.14000000e-01  5.21596182e-08 
 5.16000000e-01  5.63503897e-08 
 5.18000000e-01  6.08778901e-08 
 5.20000000e-01  6.57691751e-08 
 5.22000000e-01  7.10534744e-08 
 5.24000000e-01  7.67623664e-08 
 5.26000000e-01  8.29299663e-08 
 5.28000000e-01  8.95931305e-08 
 5.30000000e-01  9.67916768e-08 
 5.32000000e-01  1.04568622e-07 
 5.34000000e-01  1.12970439e-07 
 5.36000000e-01  1.22047335e-07 
 5.38000000e-01  1.31853550e-07 
 5.40000000e-01  1.42447682e-07 
 5.42000000e-01  1.53893039e-07 
 5.44000000e-01  1.66258013e-07 
 5.46000000e-01  1.79616490e-07 
 5.48000000e-01  1.94048295e-07 
 5.50000000e-01  2.09639664e-07 
 5.52000000e-01  2.26483761e-07 
 5.54000000e-01  2.44681234e-07 
 5.56000000e-01  2.64340819e-07 
 5.58000000e-01  2.85579986e-07 
 5.60000000e-01  3.08525641e-07 
 5.62000000e-01  3.33314886e-07 
 5.64000000e-01  3.60095835e-07 
 5.66000000e-01  3.89028502e-07 
 5.68000000e-01  4.20285752e-07 
 5.70000000e-01  4.54054337e-07 
 5.72000000e-01  4.90536010e-07 
 5.74000000e-01  5.29948728e-07 
 5.76000000e-01  5.72527954e-07 
 5.78000000e-01  6.18528064e-07 
 5.80000000e-01  6.68223861e-07 
 5.82000000e-01  7.21912222e-07 
 5.84000000e-01  7.79913860e-07 
 5.86000000e-01  8.42575247e-07 
 5.88000000e-01  9.10270674e-07 
 5.90000000e-01  9.83404488e-07 
 5.92000000e-01  1.06241350e-06 
 5.94000000e-01  1.14776959e-06 
 5.96000000e-01  1.23998253e-06 
 5.98000000e-01  1.33960300e-06 
 6.00000000e-01  1.44722589e-06 
 6.02000000e-01  1.56349385e-06 
 6.04000000e-01  1.68910108e-06 
 6.06000000e-01  1.82479751e-06 
 6.08000000e-01  1.97139325e-06 
 6.10000000e-01  2.12976338e-06 
 6.12000000e-01  2.30085320e-06 
 6.14000000e-01  2.48568384e-06 
 6.16000000e-01  2.68535832e-06 
 6.18000000e-01  2.90106809e-06 
 6.20000000e-01  3.13410015e-06 
 6.22000000e-01  3.38584466e-06 
 6.24000000e-01  3.65780321e-06 
 6.26000000e-01  3.95159768e-06 
 6.28000000e-01  4.26897992e-06 
 6.30000000e-01  4.61184206e-06 
 6.32000000e-01  4.98222776e-06 
 6.34000000e-01  5.38234427e-06 
 6.36000000e-01  5.81457548e-06 
 6.38000000e-01  6.28149598e-06 
 6.40000000e-01  6.78588628e-06 
 6.42000000e-01  7.33074914e-06 
 6.44000000e-01  7.91932729e-06 
 6.46000000e-01  8.55512246e-06 
 6.48000000e-01  9.24191596e-06 
 6.50000000e-01  9.98379080e-06 
 6.52000000e-01  1.07851556e-05 
 6.54000000e-01  1.16507705e-05 
 6.56000000e-01  1.25857745e-05 
 6.58000000e-01  1.35957159e-05 
 6.60000000e-01  1.46865841e-05 
 6.62000000e-01  1.58648447e-05 
 6.64000000e-01  1.71374764e-05 
 6.66000000e-01  1.85120116e-05 
 6.68000000e-01  1.99965796e-05 
 6.70000000e-01  2.15999530e-05 
 6.72000000e-01  2.33315981e-05 
 6.74000000e-01  2.52017285e-05 
 6.76000000e-01  2.72213632e-05 
 6.78000000e-01  2.94023885e-05 
 6.80000000e-01  3.17576251e-05 
 6.82000000e-01  3.43008994e-05 
 6.84000000e-01  3.70471205e-05 
 6.86000000e-01  4.00123627e-05 
 6.88000000e-01  4.32139537e-05 
 6.90000000e-01  4.66705689e-05 
 6.92000000e-01  5.04023326e-05 
 6.94000000e-01  5.44309261e-05 
 6.96000000e-01  5.87797033e-05 
 6.98000000e-01  6.34738134e-05 
 7.00000000e-01  6.85403323e-05 
 7.02000000e-01  7.40084029e-05 
 7.04000000e-01  7.99093830e-05 
 7.06000000e-01  8.62770036e-05 
 7.08000000e-01  9.31475365e-05 
 7.10000000e-01  1.00559971e-04 
 7.12000000e-01  1.08556204e-04 
 7.14000000e-01  1.17181233e-04 
 7.16000000e-01  1.26483369e-04 
 7.18000000e-01  1.36514457e-04 
 7.20000000e-01  1.47330101e-04 
 7.22000000e-01  1.58989907e-04 
 7.24000000e-01  1.71557737e-04 
 7.26000000e-01  1.85101967e-04 
 7.28000000e-01  1.99695758e-04 
 7.30000000e-01  2.15417341e-04 
 7.32000000e-01  2.32350299e-04 
 7.34000000e-01  2.50583869e-04 
 7.36000000e-01  2.70213240e-04 
 7.38000000e-01  2.91339864e-04 
 7.40000000e-01  3.14071763e-04 
 7.42000000e-01  3.38523842e-04 
 7.44000000e-01  3.64818199e-04 
 7.46000000e-01  3.93084435e-04 
 7.48000000e-01  4.23459953e-04 
 7.50000000e-01  4.56090253e-04 
 7.52000000e-01  4.91129214e-04 
 7.54000000e-01  5.28739363e-04 
 7.56000000e-01  5.69092124e-04 
 7.58000000e-01  6.12368050e-04 
 7.60000000e-01  6.58757031e-04 
 7.62000000e-01  7.08458473e-04 
 7.64000000e-01  7.61681455e-04 
 7.66000000e-01  8.18644851e-04 
 7.68000000e-01  8.79577421e-04 
 7.70000000e-01  9.44717875e-04 
 7.72000000e-01  1.01431490e-03 
 7.74000000e-01  1.08862714e-03 
 7.76000000e-01  1.16792320e-03 
 7.78000000e-01  1.25248156e-03 
 7.80000000e-01  1.34259049e-03 
 7.82000000e-01  1.43854796e-03 
 7.84000000e-01  1.54066154e-03 
 7.86000000e-01  1.64924825e-03 
 7.88000000e-01  1.76463447e-03 
 7.90000000e-01  1.88715582e-03 
 7.92000000e-01  2.01715707e-03 
 7.94000000e-01  2.15499207e-03 
 7.96000000e-01  2.30102372e-03 
 7.98000000e-01  2.45562399e-03 
 8.00000000e-01  2.61917396e-03 
 8.02000000e-01  2.79206392e-03 
 8.04000000e-01  2.97469356e-03 
 8.06000000e-01  3.16747221e-03 
 8.08000000e-01  3.37081912e-03 
 8.10000000e-01  3.58516383e-03 
 8.12000000e-01  3.81094665e-03 
 8.14000000e-01  4.04861913e-03 
 8.16000000e-01  4.29864469e-03 
 8.18000000e-01  4.56149925e-03 
 8.20000000e-01  4.83767195e-03 
 8.22000000e-01  5.12766594e-03 
 8.24000000e-01  5.43199927e-03 
 8.26000000e-01  5.75120571e-03 
 8.28000000e-01  6.08583580e-03 
 8.30000000e-01  6.43645781e-03 
 8.32000000e-01  6.80365879e-03 
 8.34000000e-01  7.18804571e-03 
 8.36000000e-01  7.59024656e-03 
 8.38000000e-01  8.01091157e-03 
 8.40000000e-01  8.45071441e-03 
 8.42000000e-01  8.91035342e-03 
 8.44000000e-01  9.39055295e-03 
 8.46000000e-01  9.89206465e-03 
 8.48000000e-01  1.04156688e-02 
 8.50000000e-01  1.09621758e-02 
 8.52000000e-01  1.15324276e-02 
 8.54000000e-01  1.21272988e-02 
 8.56000000e-01  1.27476988e-02 
 8.58000000e-01  1.33945729e-02 
 8.60000000e-01  1.40689038e-02 
 8.62000000e-01  1.47717136e-02 
 8.64000000e-01  1.55040654e-02 
 8.66000000e-01  1.62670646e-02 
 8.68000000e-01  1.70618613e-02 
 8.70000000e-01  1.78896517e-02 
 8.72000000e-01  1.87516801e-02 
 8.74000000e-01  1.96492411e-02 
 8.76000000e-01  2.05836811e-02 
 8.78000000e-01  2.15564010e-02 
 8.80000000e-01  2.25688580e-02 
 8.82000000e-01  2.36225680e-02 
 8.84000000e-01  2.47191076e-02 
 8.86000000e-01  2.58601171e-02 
 8.88000000e-01  2.70473024e-02 
 8.90000000e-01  2.82824381e-02 
 8.92000000e-01  2.95673698e-02 
 8.94000000e-01  3.09040170e-02 
 8.96000000e-01  3.22943763e-02 
 8.98000000e-01  3.37405240e-02 
 9.00000000e-01  3.52446193e-02 
