 4.00000000e-01  4.46494533e-10 
 4.02000000e-01  4.82079576e-10 
 4.04000000e-01  5.20524076e-10 
 4.06000000e-01  5.62057792e-10 
 4.08000000e-01  6.06928946e-10 
 4.10000000e-01  6.55405704e-10 
 4.12000000e-01  7.07777781e-10 
 4.14000000e-01  7.64358169e-10 
 4.16000000e-01  8.25485010e-10 
 4.18000000e-01  8.91523617e-10 
 4.20000000e-01  9.62868654e-10 
 4.22000000e-01  1.03994650e-09 
 4.24000000e-01  1.12321779e-09 
 4.26000000e-01  1.21318017e-09 
 4.28000000e-01  1.31037128e-09 
 4.30000000e-01  1.41537196e-09 
 4.32000000e-01  1.52880970e-09 
 4.34000000e-01  1.65136245e-09 
 4.36000000e-01  1.78376259e-09 
 4.38000000e-01  1.92680137e-09 
 4.40000000e-01  2.08133363e-09 
 4.42000000e-01  2.24828286e-09 
 4.44000000e-01  2.42864679e-09 
 4.46000000e-01  2.62350330e-09 
 4.48000000e-01  2.83401688e-09 
 4.50000000e-01  3.06144559e-09 
 4.52000000e-01  3.30714857e-09 
 4.54000000e-01  3.57259419e-09 
 4.56000000e-01  3.85936878e-09 
 4.58000000e-01  4.16918614e-09 
 4.60000000e-01  4.50389777e-09 
 4.62000000e-01  4.86550396e-09 
 4.64000000e-01  5.25616570e-09 
 4.66000000e-01  5.67821763e-09 
 4.68000000e-01  6.13418198e-09 
 4.70000000e-01  6.62678363e-09 
 4.72000000e-01  7.15896642e-09 
 4.74000000e-01  7.73391073e-09 
 4.76000000e-01  8.35505248e-09 
 4.78000000e-01  9.02610366e-09 
 4.80000000e-01  9.75107453e-09 
 4.82000000e-01  1.05342976e-08 
 4.84000000e-01  1.13804534e-08 
 4.86000000e-01  1.22945987e-08 
 4.88000000e-01  1.32821964e-08 
 4.90000000e-01  1.43491485e-08 
 4.92000000e-01  1.55018312e-08 
 4.94000000e-01  1.67471329e-08 
 4.96000000e-01  1.80924957e-08 
 4.98000000e-01  1.95459594e-08 
 5.00000000e-01  2.11162101e-08 
 5.02000000e-01  2.28126316e-08 
 5.04000000e-01  2.46453617e-08 
 5.06000000e-01  2.66253529e-08 
 5.08000000e-01  2.87644375e-08 
 5.10000000e-01  3.10753989e-08 
 5.12000000e-01  3.35720473e-08 
 5.14000000e-01  3.62693025e-08 
 5.16000000e-01  3.91832834e-08 
 5.18000000e-01  4.23314037e-08 
 5.20000000e-01  4.57324766e-08 
 5.22000000e-01  4.94068265e-08 
 5.24000000e-01  5.33764111e-08 
 5.26000000e-01  5.76649524e-08 
 5.28000000e-01  6.22980782e-08 
 5.30000000e-01  6.73034755e-08 
 5.32000000e-01  7.27110560e-08 
 5.34000000e-01  7.85531344e-08 
 5.36000000e-01  8.48646220e-08 
 5.38000000e-01  9.16832351e-08 
 5.40000000e-01  9.90497202e-08 
 5.42000000e-01  1.07008098e-07 
 5.44000000e-01  1.15605924e-07 
 5.46000000e-01  1.24894579e-07 
 5.48000000e-01  1.34929566e-07 
 5.50000000e-01  1.45770853e-07 
 5.52000000e-01  1.57483221e-07 
 5.54000000e-01  1.70136659e-07 
 5.56000000e-01  1.83806778e-07 
 5.58000000e-01  1.98575263e-07 
 5.60000000e-01  2.14530362e-07 
 5.62000000e-01  2.31767412e-07 
 5.64000000e-01  2.50389410e-07 
 5.66000000e-01  2.70507628e-07 
 5.68000000e-01  2.92242274e-07 
 5.70000000e-01  3.15723216e-07 
 5.72000000e-01  3.41090753e-07 
 5.74000000e-01  3.68496454e-07 
 5.76000000e-01  3.98104064e-07 
 5.78000000e-01  4.30090481e-07 
 5.80000000e-01  4.64646812e-07 
 5.82000000e-01  5.01979515e-07 
 5.84000000e-01  5.42311630e-07 
 5.86000000e-01  5.85884110e-07 
 5.88000000e-01  6.32957264e-07 
 5.90000000e-01  6.83812304e-07 
 5.92000000e-01  7.38753027e-07 
 5.94000000e-01  7.98107626e-07 
 5.96000000e-01  8.62230649e-07 
 5.98000000e-01  9.31505116e-07 
 6.00000000e-01  1.00634480e-06 
 6.02000000e-01  1.08719669e-06 
 6.04000000e-01  1.17454368e-06 
 6.06000000e-01  1.26890740e-06 
 6.08000000e-01  1.37085138e-06 
 6.10000000e-01  1.48098438e-06 
 6.12000000e-01  1.59996401e-06 
 6.14000000e-01  1.72850067e-06 
 6.16000000e-01  1.86736174e-06 
 6.18000000e-01  2.01737620e-06 
 6.20000000e-01  2.17943953e-06 
 6.22000000e-01  2.35451905e-06 
 6.24000000e-01  2.54365965e-06 
 6.26000000e-01  2.74799004e-06 
 6.28000000e-01  2.96872941e-06 
 6.30000000e-01  3.20719473e-06 
 6.32000000e-01  3.46480851e-06 
 6.34000000e-01  3.74310725e-06 
 6.36000000e-01  4.04375060e-06 
 6.38000000e-01  4.36853112e-06 
 6.40000000e-01  4.71938497e-06 
 6.42000000e-01  5.09840329e-06 
 6.44000000e-01  5.50784464e-06 
 6.46000000e-01  5.95014829e-06 
 6.48000000e-01  6.42794862e-06 
 6.50000000e-01  6.94409069e-06 
 6.52000000e-01  7.50164695e-06 
 6.54000000e-01  8.10393535e-06 
 6.56000000e-01  8.75453882e-06 
 6.58000000e-01  9.45732629e-06 
 6.60000000e-01  1.02164753e-05 
 6.62000000e-01  1.10364967e-05 
 6.64000000e-01  1.19222605e-05 
 6.66000000e-01  1.28790247e-05 
 6.68000000e-01  1.39124658e-05 
 6.70000000e-01  1.50287113e-05 
 6.72000000e-01  1.62343760e-05 
 6.74000000e-01  1.75365995e-05 
 6.76000000e-01  1.89430875e-05 
 6.78000000e-01  2.04621563e-05 
 6.80000000e-01  2.21027799e-05 
 6.82000000e-01  2.38746420e-05 
 6.84000000e-01  2.57881901e-05 
 6.86000000e-01  2.78546952e-05 
 6.88000000e-01  3.00863152e-05 
 6.90000000e-01  3.24961630e-05 
 6.92000000e-01  3.50983800e-05 
 6.94000000e-01  3.79082138e-05 
 6.96000000e-01  4.09421032e-05 
 6.98000000e-01  4.42177676e-05 
 7.00000000e-01  4.77543039e-05 
 7.02000000e-01  5.15722892e-05 
 7.04000000e-01  5.56938912e-05 
 7.06000000e-01  6.01429862e-05 
 7.08000000e-01  6.49452839e-05 
 7.10000000e-01  7.01284617e-05 
 7.12000000e-01  7.57223072e-05 
 7.14000000e-01  8.17588689e-05 
 7.16000000e-01  8.82726178e-05 
 7.18000000e-01  9.53006171e-05 
 7.20000000e-01  1.02882703e-04 
 7.22000000e-01  1.11061675e-04 
 7.24000000e-01  1.19883498e-04 
 7.26000000e-01  1.29397513e-04 
 7.28000000e-01  1.39656659e-04 
 7.30000000e-01  1.50717710e-04 
 7.32000000e-01  1.62641512e-04 
 7.34000000e-01  1.75493246e-04 
 7.36000000e-01  1.89342686e-04 
 7.38000000e-01  2.04264472e-04 
 7.40000000e-01  2.20338402e-04 
 7.42000000e-01  2.37649710e-04 
 7.44000000e-01  2.56289376e-04 
 7.46000000e-01  2.76354422e-04 
 7.48000000e-01  2.97948223e-04 
 7.50000000e-01  3.21180820e-04 
 7.52000000e-01  3.46169227e-04 
 7.54000000e-01  3.73037743e-04 
 7.56000000e-01  4.01918260e-04 
 7.58000000e-01  4.32950561e-04 
 7.60000000e-01  4.66282608e-04 
 7.62000000e-01  5.02070827e-04 
 7.64000000e-01  5.40480363e-04 
 7.66000000e-01  5.81685332e-04 
 7.68000000e-01  6.25869040e-04 
 7.70000000e-01  6.73224185e-04 
 7.72000000e-01  7.23953033e-04 
 7.74000000e-01  7.78267555e-04 
 7.76000000e-01  8.36389552e-04 
 7.78000000e-01  8.98550728e-04 
 7.80000000e-01  9.64992746e-04 
 7.82000000e-01  1.03596725e-03 
 7.84000000e-01  1.11173583e-03 
 7.86000000e-01  1.19257002e-03 
 7.88000000e-01  1.27875120e-03 
 7.90000000e-01  1.37057051e-03 
 7.92000000e-01  1.46832879e-03 
 7.94000000e-01  1.57233637e-03 
 7.96000000e-01  1.68291307e-03 
 7.98000000e-01  1.80038798e-03 
 8.00000000e-01  1.92509943e-03 
 8.02000000e-01  2.05739485e-03 
 8.04000000e-01  2.19763076e-03 
 8.06000000e-01  2.34617272e-03 
 8.08000000e-01  2.50339535e-03 
 8.10000000e-01  2.66968242e-03 
 8.12000000e-01  2.84542696e-03 
 8.14000000e-01  3.03103146e-03 
 8.16000000e-01  3.22690810e-03 
 8.18000000e-01  3.43347913e-03 
 8.20000000e-01  3.65117719e-03 
 8.22000000e-01  3.88044583e-03 
 8.24000000e-01  4.12174003e-03 
 8.26000000e-01  4.37552679e-03 
 8.28000000e-01  4.64228586e-03 
 8.30000000e-01  4.92251041e-03 
 8.32000000e-01  5.21670789e-03 
 8.34000000e-01  5.52540087e-03 
 8.36000000e-01  5.84912799e-03 
 8.38000000e-01  6.18844488e-03 
 8.40000000e-01  6.54392525e-03 
 8.42000000e-01  6.91616192e-03 
 8.44000000e-01  7.30576794e-03 
 8.46000000e-01  7.71337776e-03 
 8.48000000e-01  8.13964839e-03 
 8.50000000e-01  8.58526067e-03 
 8.52000000e-01  9.05092050e-03 
 8.54000000e-01  9.53736015e-03 
 8.56000000e-01  1.00453396e-02 
 8.58000000e-01  1.05756480e-02 
 8.60000000e-01  1.11291047e-02 
 8.62000000e-01  1.17065613e-02 
 8.64000000e-01  1.23089026e-02 
 8.66000000e-01  1.29370484e-02 
 8.68000000e-01  1.35919549e-02 
 8.70000000e-01  1.42746163e-02 
 8.72000000e-01  1.49860667e-02 
 8.74000000e-01  1.57273814e-02 
 8.76000000e-01  1.64996790e-02 
 8.78000000e-01  1.73041230e-02 
 8.80000000e-01  1.81419237e-02 
 8.82000000e-01  1.90143400e-02 
 8.84000000e-01  1.99226816e-02 
 8.86000000e-01  2.08683109e-02 
 8.88000000e-01  2.18526452e-02 
 8.90000000e-01  2.28771589e-02 
 8.92000000e-01  2.39433855e-02 
 8.94000000e-01  2.50529203e-02 
 8.96000000e-01  2.62074228e-02 
 8.98000000e-01  2.74086189e-02 
 9.00000000e-01  2.86583039e-02 
