 4.00000000e-01  6.10842896e-10 
 4.02000000e-01  6.59633504e-10 
 4.04000000e-01  7.12344648e-10 
 4.06000000e-01  7.69291348e-10 
 4.08000000e-01  8.30813935e-10 
 4.10000000e-01  8.97280086e-10 
 4.12000000e-01  9.69087022e-10 
 4.14000000e-01  1.04666388e-09 
 4.16000000e-01  1.13047428e-09 
 4.18000000e-01  1.22101909e-09 
 4.20000000e-01  1.31883943e-09 
 4.22000000e-01  1.42451989e-09 
 4.24000000e-01  1.53869205e-09 
 4.26000000e-01  1.66203821e-09 
 4.28000000e-01  1.79529553e-09 
 4.30000000e-01  1.93926036e-09 
 4.32000000e-01  2.09479308e-09 
 4.34000000e-01  2.26282316e-09 
 4.36000000e-01  2.44435479e-09 
 4.38000000e-01  2.64047282e-09 
 4.40000000e-01  2.85234929e-09 
 4.42000000e-01  3.08125040e-09 
 4.44000000e-01  3.32854410e-09 
 4.46000000e-01  3.59570824e-09 
 4.48000000e-01  3.88433944e-09 
 4.50000000e-01  4.19616260e-09 
 4.52000000e-01  4.53304120e-09 
 4.54000000e-01  4.89698847e-09 
 4.56000000e-01  5.29017941e-09 
 4.58000000e-01  5.71496376e-09 
 4.60000000e-01  6.17388009e-09 
 4.62000000e-01  6.66967091e-09 
 4.64000000e-01  7.20529914e-09 
 4.66000000e-01  7.78396573e-09 
 4.68000000e-01  8.40912884e-09 
 4.70000000e-01  9.08452451e-09 
 4.72000000e-01  9.81418896e-09 
 4.74000000e-01  1.06024827e-08 
 4.76000000e-01  1.14541167e-08 
 4.78000000e-01  1.23741803e-08 
 4.80000000e-01  1.33681719e-08 
 4.82000000e-01  1.44420317e-08 
 4.84000000e-01  1.56021770e-08 
 4.86000000e-01  1.68555411e-08 
 4.88000000e-01  1.82096140e-08 
 4.90000000e-01  1.96724877e-08 
 4.92000000e-01  2.12529045e-08 
 4.94000000e-01  2.29603090e-08 
 4.96000000e-01  2.48049046e-08 
 4.98000000e-01  2.67977146e-08 
 5.00000000e-01  2.89506482e-08 
 5.02000000e-01  3.12765713e-08 
 5.04000000e-01  3.37893835e-08 
 5.06000000e-01  3.65041013e-08 
 5.08000000e-01  3.94369480e-08 
 5.10000000e-01  4.26054499e-08 
 5.12000000e-01  4.60285421e-08 
 5.14000000e-01  4.97266806e-08 
 5.16000000e-01  5.37219652e-08 
 5.18000000e-01  5.80382715e-08 
 5.20000000e-01  6.27013933e-08 
 5.22000000e-01  6.77391967e-08 
 5.24000000e-01  7.31817870e-08 
 5.26000000e-01  7.90616884e-08 
 5.28000000e-01  8.54140381e-08 
 5.30000000e-01  9.22767964e-08 
 5.32000000e-01  9.96909737e-08 
 5.34000000e-01  1.07700875e-07 
 5.36000000e-01  1.16354366e-07 
 5.38000000e-01  1.25703157e-07 
 5.40000000e-01  1.35803114e-07 
 5.42000000e-01  1.46714589e-07 
 5.44000000e-01  1.58502785e-07 
 5.46000000e-01  1.71238144e-07 
 5.48000000e-01  1.84996765e-07 
 5.50000000e-01  1.99860864e-07 
 5.52000000e-01  2.15919258e-07 
 5.54000000e-01  2.33267903e-07 
 5.56000000e-01  2.52010463e-07 
 5.58000000e-01  2.72258927e-07 
 5.60000000e-01  2.94134286e-07 
 5.62000000e-01  3.17767245e-07 
 5.64000000e-01  3.43299012e-07 
 5.66000000e-01  3.70882137e-07 
 5.68000000e-01  4.00681426e-07 
 5.70000000e-01  4.32874922e-07 
 5.72000000e-01  4.67654967e-07 
 5.74000000e-01  5.05229357e-07 
 5.76000000e-01  5.45822575e-07 
 5.78000000e-01  5.89677134e-07 
 5.80000000e-01  6.37055027e-07 
 5.82000000e-01  6.88239286e-07 
 5.84000000e-01  7.43535674e-07 
 5.86000000e-01  8.03274508e-07 
 5.88000000e-01  8.67812631e-07 
 5.90000000e-01  9.37535540e-07 
 5.92000000e-01  1.01285968e-06 
 5.94000000e-01  1.09423495e-06 
 5.96000000e-01  1.18214734e-06 
 5.98000000e-01  1.27712188e-06 
 6.00000000e-01  1.37972574e-06 
 6.02000000e-01  1.49057161e-06 
 6.04000000e-01  1.61032136e-06 
 6.06000000e-01  1.73968996e-06 
 6.08000000e-01  1.87944979e-06 
 6.10000000e-01  2.03043517e-06 
 6.12000000e-01  2.19354737e-06 
 6.14000000e-01  2.36975997e-06 
 6.16000000e-01  2.56012461e-06 
 6.18000000e-01  2.76577728e-06 
 6.20000000e-01  2.98794508e-06 
 6.22000000e-01  3.22795346e-06 
 6.24000000e-01  3.48723412e-06 
 6.26000000e-01  3.76733351e-06 
 6.28000000e-01  4.06992196e-06 
 6.30000000e-01  4.39680363e-06 
 6.32000000e-01  4.74992716e-06 
 6.34000000e-01  5.13139719e-06 
 6.36000000e-01  5.54348685e-06 
 6.38000000e-01  5.98865113e-06 
 6.40000000e-01  6.46954140e-06 
 6.42000000e-01  6.98902106e-06 
 6.44000000e-01  7.55018234e-06 
 6.46000000e-01  8.15636456e-06 
 6.48000000e-01  8.81117372e-06 
 6.50000000e-01  9.51850361e-06 
 6.52000000e-01  1.02825587e-05 
 6.54000000e-01  1.11078787e-05 
 6.56000000e-01  1.19993650e-05 
 6.58000000e-01  1.29623094e-05 
 6.60000000e-01  1.40024246e-05 
 6.62000000e-01  1.51258776e-05 
 6.64000000e-01  1.63393255e-05 
 6.66000000e-01  1.76499534e-05 
 6.68000000e-01  1.90655164e-05 
 6.70000000e-01  2.05943839e-05 
 6.72000000e-01  2.22455872e-05 
 6.74000000e-01  2.40288716e-05 
 6.76000000e-01  2.59547510e-05 
 6.78000000e-01  2.80345681e-05 
 6.80000000e-01  3.02805579e-05 
 6.82000000e-01  3.27059164e-05 
 6.84000000e-01  3.53248742e-05 
 6.86000000e-01  3.81527754e-05 
 6.88000000e-01  4.12061621e-05 
 6.90000000e-01  4.45028651e-05 
 6.92000000e-01  4.80621009e-05 
 6.94000000e-01  5.19045753e-05 
 6.96000000e-01  5.60525943e-05 
 6.98000000e-01  6.05301823e-05 
 7.00000000e-01  6.53632084e-05 
 7.02000000e-01  7.05795210e-05 
 7.04000000e-01  7.62090907e-05 
 7.06000000e-01  8.22841623e-05 
 7.08000000e-01  8.88394169e-05 
 7.10000000e-01  9.59121428e-05 
 7.12000000e-01  1.03542416e-04 
 7.14000000e-01  1.11773295e-04 
 7.16000000e-01  1.20651016e-04 
 7.18000000e-01  1.30225215e-04 
 7.20000000e-01  1.40549142e-04 
 7.22000000e-01  1.51679901e-04 
 7.24000000e-01  1.63678695e-04 
 7.26000000e-01  1.76611076e-04 
 7.28000000e-01  1.90547216e-04 
 7.30000000e-01  2.05562178e-04 
 7.32000000e-01  2.21736201e-04 
 7.34000000e-01  2.39154994e-04 
 7.36000000e-01  2.57910029e-04 
 7.38000000e-01  2.78098850e-04 
 7.40000000e-01  2.99825382e-04 
 7.42000000e-01  3.23200237e-04 
 7.44000000e-01  3.48341030e-04 
 7.46000000e-01  3.75372689e-04 
 7.48000000e-01  4.04427757e-04 
 7.50000000e-01  4.35646695e-04 
 7.52000000e-01  4.69178169e-04 
 7.54000000e-01  5.05179329e-04 
 7.56000000e-01  5.43816069e-04 
 7.58000000e-01  5.85263274e-04 
 7.60000000e-01  6.29705036e-04 
 7.62000000e-01  6.77334858e-04 
 7.64000000e-01  7.28355823e-04 
 7.66000000e-01  7.82980735e-04 
 7.68000000e-01  8.41432231e-04 
 7.70000000e-01  9.03942864e-04 
 7.72000000e-01  9.70755147e-04 
 7.74000000e-01  1.04212157e-03 
 7.76000000e-01  1.11830459e-03 
 7.78000000e-01  1.19957659e-03 
 7.80000000e-01  1.28621977e-03 
 7.82000000e-01  1.37852615e-03 
 7.84000000e-01  1.47679734e-03 
 7.86000000e-01  1.58134456e-03 
 7.88000000e-01  1.69248839e-03 
 7.90000000e-01  1.81055875e-03 
 7.92000000e-01  1.93589477e-03 
 7.94000000e-01  2.06884467e-03 
 7.96000000e-01  2.20976578e-03 
 7.98000000e-01  2.35902443e-03 
 8.00000000e-01  2.51699607e-03 
 8.02000000e-01  2.68406525e-03 
 8.04000000e-01  2.86062585e-03 
 8.06000000e-01  3.04708118e-03 
 8.08000000e-01  3.24384433e-03 
 8.10000000e-01  3.45133841e-03 
 8.12000000e-01  3.66999702e-03 
 8.14000000e-01  3.90026468e-03 
 8.16000000e-01  4.14259741e-03 
 8.18000000e-01  4.39746330e-03 
 8.20000000e-01  4.66534322e-03 
 8.22000000e-01  4.94673156e-03 
 8.24000000e-01  5.24213706e-03 
 8.26000000e-01  5.55208365e-03 
 8.28000000e-01  5.87711137e-03 
 8.30000000e-01  6.21777742e-03 
 8.32000000e-01  6.57465709e-03 
 8.34000000e-01  6.94834490e-03 
 8.36000000e-01  7.33945571e-03 
 8.38000000e-01  7.74862585e-03 
 8.40000000e-01  8.17651434e-03 
 8.42000000e-01  8.62380412e-03 
 8.44000000e-01  9.09120330e-03 
 8.46000000e-01  9.57944648e-03 
 8.48000000e-01  1.00892961e-02 
 8.50000000e-01  1.06215438e-02 
 8.52000000e-01  1.11770117e-02 
 8.54000000e-01  1.17565541e-02 
 8.56000000e-01  1.23610588e-02 
 8.58000000e-01  1.29914486e-02 
 8.60000000e-01  1.36486829e-02 
 8.62000000e-01  1.43337594e-02 
 8.64000000e-01  1.50477154e-02 
 8.66000000e-01  1.57916300e-02 
 8.68000000e-01  1.65666256e-02 
 8.70000000e-01  1.73738695e-02 
 8.72000000e-01  1.82145761e-02 
 8.74000000e-01  1.90900086e-02 
 8.76000000e-01  2.00014812e-02 
 8.78000000e-01  2.09503608e-02 
 8.80000000e-01  2.19380696e-02 
 8.82000000e-01  2.29660868e-02 
 8.84000000e-01  2.40359512e-02 
 8.86000000e-01  2.51492636e-02 
 8.88000000e-01  2.63076888e-02 
 8.90000000e-01  2.75129588e-02 
 8.92000000e-01  2.87668748e-02 
 8.94000000e-01  3.00713104e-02 
 8.96000000e-01  3.14282141e-02 
 8.98000000e-01  3.28396126e-02 
 9.00000000e-01  3.43076133e-02 
