 4.00000000e-01  5.44625927e-10 
 4.02000000e-01  5.88095932e-10 
 4.04000000e-01  6.35058957e-10 
 4.06000000e-01  6.85795671e-10 
 4.08000000e-01  7.40609293e-10 
 4.10000000e-01  7.99827407e-10 
 4.12000000e-01  8.63803918e-10 
 4.14000000e-01  9.32921169e-10 
 4.16000000e-01  1.00759222e-09 
 4.18000000e-01  1.08826333e-09 
 4.20000000e-01  1.17541661e-09 
 4.22000000e-01  1.26957290e-09 
 4.24000000e-01  1.37129491e-09 
 4.26000000e-01  1.48119054e-09 
 4.28000000e-01  1.59991656e-09 
 4.30000000e-01  1.72818250e-09 
 4.32000000e-01  1.86675489e-09 
 4.34000000e-01  2.01646187e-09 
 4.36000000e-01  2.17819812e-09 
 4.38000000e-01  2.35293020e-09 
 4.40000000e-01  2.54170233e-09 
 4.42000000e-01  2.74564265e-09 
 4.44000000e-01  2.96596994e-09 
 4.46000000e-01  3.20400089e-09 
 4.48000000e-01  3.46115803e-09 
 4.50000000e-01  3.73897814e-09 
 4.52000000e-01  4.03912153e-09 
 4.54000000e-01  4.36338189e-09 
 4.56000000e-01  4.71369703e-09 
 4.58000000e-01  5.09216048e-09 
 4.60000000e-01  5.50103398e-09 
 4.62000000e-01  5.94276099e-09 
 4.64000000e-01  6.41998134e-09 
 4.66000000e-01  6.93554693e-09 
 4.68000000e-01  7.49253884e-09 
 4.70000000e-01  8.09428569e-09 
 4.72000000e-01  8.74438359e-09 
 4.74000000e-01  9.44671756e-09 
 4.76000000e-01  1.02054848e-08 
 4.78000000e-01  1.10252198e-08 
 4.80000000e-01  1.19108214e-08 
 4.82000000e-01  1.28675818e-08 
 4.84000000e-01  1.39012189e-08 
 4.86000000e-01  1.50179097e-08 
 4.88000000e-01  1.62243276e-08 
 4.90000000e-01  1.75276822e-08 
 4.92000000e-01  1.89357624e-08 
 4.94000000e-01  2.04569829e-08 
 4.96000000e-01  2.21004347e-08 
 4.98000000e-01  2.38759389e-08 
 5.00000000e-01  2.57941062e-08 
 5.02000000e-01  2.78663994e-08 
 5.04000000e-01  3.01052026e-08 
 5.06000000e-01  3.25238949e-08 
 5.08000000e-01  3.51369303e-08 
 5.10000000e-01  3.79599244e-08 
 5.12000000e-01  4.10097471e-08 
 5.14000000e-01  4.43046242e-08 
 5.16000000e-01  4.78642456e-08 
 5.18000000e-01  5.17098834e-08 
 5.20000000e-01  5.58645188e-08 
 5.22000000e-01  6.03529795e-08 
 5.24000000e-01  6.52020881e-08 
 5.26000000e-01  7.04408222e-08 
 5.28000000e-01  7.61004877e-08 
 5.30000000e-01  8.22149059e-08 
 5.32000000e-01  8.88206154e-08 
 5.34000000e-01  9.59570906e-08 
 5.36000000e-01  1.03666977e-07 
 5.38000000e-01  1.11996348e-07 
 5.40000000e-01  1.20994976e-07 
 5.42000000e-01  1.30716635e-07 
 5.44000000e-01  1.41219418e-07 
 5.46000000e-01  1.52566086e-07 
 5.48000000e-01  1.64824441e-07 
 5.50000000e-01  1.78067733e-07 
 5.52000000e-01  1.92375098e-07 
 5.54000000e-01  2.07832029e-07 
 5.56000000e-01  2.24530886e-07 
 5.58000000e-01  2.42571451e-07 
 5.60000000e-01  2.62061522e-07 
 5.62000000e-01  2.83117554e-07 
 5.64000000e-01  3.05865362e-07 
 5.66000000e-01  3.30440864e-07 
 5.68000000e-01  3.56990898e-07 
 5.70000000e-01  3.85674098e-07 
 5.72000000e-01  4.16661839e-07 
 5.74000000e-01  4.50139264e-07 
 5.76000000e-01  4.86306386e-07 
 5.78000000e-01  5.25379283e-07 
 5.80000000e-01  5.67591389e-07 
 5.82000000e-01  6.13194887e-07 
 5.84000000e-01  6.62462212e-07 
 5.86000000e-01  7.15687681e-07 
 5.88000000e-01  7.73189245e-07 
 5.90000000e-01  8.35310389e-07 
 5.92000000e-01  9.02422178e-07 
 5.94000000e-01  9.74925475e-07 
 5.96000000e-01  1.05325333e-06 
 5.98000000e-01  1.13787355e-06 
 6.00000000e-01  1.22929152e-06 
 6.02000000e-01  1.32805317e-06 
 6.04000000e-01  1.43474828e-06 
 6.06000000e-01  1.55001395e-06 
 6.08000000e-01  1.67453841e-06 
 6.10000000e-01  1.80906512e-06 
 6.12000000e-01  1.95439722e-06 
 6.14000000e-01  2.11140226e-06 
 6.16000000e-01  2.28101740e-06 
 6.18000000e-01  2.46425498e-06 
 6.20000000e-01  2.66220850e-06 
 6.22000000e-01  2.87605920e-06 
 6.24000000e-01  3.10708298e-06 
 6.26000000e-01  3.35665805e-06 
 6.28000000e-01  3.62627306e-06 
 6.30000000e-01  3.91753598e-06 
 6.32000000e-01  4.23218357e-06 
 6.34000000e-01  4.57209171e-06 
 6.36000000e-01  4.93928649e-06 
 6.38000000e-01  5.33595619e-06 
 6.40000000e-01  5.76446424e-06 
 6.42000000e-01  6.22736311e-06 
 6.44000000e-01  6.72740945e-06 
 6.46000000e-01  7.26758026e-06 
 6.48000000e-01  7.85109046e-06 
 6.50000000e-01  8.48141176e-06 
 6.52000000e-01  9.16229305e-06 
 6.54000000e-01  9.89778239e-06 
 6.56000000e-01  1.06922507e-05 
 6.58000000e-01  1.15504172e-05 
 6.60000000e-01  1.24773773e-05 
 6.62000000e-01  1.34786316e-05 
 6.64000000e-01  1.45601186e-05 
 6.66000000e-01  1.57282485e-05 
 6.68000000e-01  1.69899407e-05 
 6.70000000e-01  1.83526634e-05 
 6.72000000e-01  1.98244767e-05 
 6.74000000e-01  2.14140788e-05 
 6.76000000e-01  2.31308556e-05 
 6.78000000e-01  2.49849341e-05 
 6.80000000e-01  2.69872400e-05 
 6.82000000e-01  2.91495592e-05 
 6.84000000e-01  3.14846042e-05 
 6.86000000e-01  3.40060849e-05 
 6.88000000e-01  3.67287852e-05 
 6.90000000e-01  3.96686444e-05 
 6.92000000e-01  4.28428451e-05 
 6.94000000e-01  4.62699067e-05 
 6.96000000e-01  4.99697859e-05 
 6.98000000e-01  5.39639839e-05 
 7.00000000e-01  5.82756610e-05 
 7.02000000e-01  6.29297588e-05 
 7.04000000e-01  6.79531305e-05 
 7.06000000e-01  7.33746799e-05 
 7.08000000e-01  7.92255087e-05 
 7.10000000e-01  8.55390739e-05 
 7.12000000e-01  9.23513535e-05 
 7.14000000e-01  9.97010235e-05 
 7.16000000e-01  1.07629644e-04 
 7.18000000e-01  1.16181855e-04 
 7.20000000e-01  1.25405586e-04 
 7.22000000e-01  1.35352274e-04 
 7.24000000e-01  1.46077088e-04 
 7.26000000e-01  1.57639175e-04 
 7.28000000e-01  1.70101905e-04 
 7.30000000e-01  1.83533134e-04 
 7.32000000e-01  1.98005475e-04 
 7.34000000e-01  2.13596572e-04 
 7.36000000e-01  2.30389396e-04 
 7.38000000e-01  2.48472532e-04 
 7.40000000e-01  2.67940486e-04 
 7.42000000e-01  2.88893992e-04 
 7.44000000e-01  3.11440318e-04 
 7.46000000e-01  3.35693580e-04 
 7.48000000e-01  3.61775053e-04 
 7.50000000e-01  3.89813479e-04 
 7.52000000e-01  4.19945370e-04 
 7.54000000e-01  4.52315300e-04 
 7.56000000e-01  4.87076193e-04 
 7.58000000e-01  5.24389589e-04 
 7.60000000e-01  5.64425899e-04 
 7.62000000e-01  6.07364638e-04 
 7.64000000e-01  6.53394633e-04 
 7.66000000e-01  7.02714211e-04 
 7.68000000e-01  7.55531353e-04 
 7.70000000e-01  8.12063822e-04 
 7.72000000e-01  8.72539260e-04 
 7.74000000e-01  9.37195249e-04 
 7.76000000e-01  1.00627935e-03 
 7.78000000e-01  1.08004908e-03 
 7.80000000e-01  1.15877192e-03 
 7.82000000e-01  1.24272523e-03 
 7.84000000e-01  1.33219618e-03 
 7.86000000e-01  1.42748165e-03 
 7.88000000e-01  1.52888811e-03 
 7.90000000e-01  1.63673152e-03 
 7.92000000e-01  1.75133719e-03 
 7.94000000e-01  1.87303971e-03 
 7.96000000e-01  2.00218279e-03 
 7.98000000e-01  2.13911926e-03 
 8.00000000e-01  2.28421098e-03 
 8.02000000e-01  2.43782889e-03 
 8.04000000e-01  2.60035300e-03 
 8.06000000e-01  2.77217256e-03 
 8.08000000e-01  2.95368618e-03 
 8.10000000e-01  3.14530204e-03 
 8.12000000e-01  3.34743826e-03 
 8.14000000e-01  3.56052318e-03 
 8.16000000e-01  3.78499585e-03 
 8.18000000e-01  4.02130652e-03 
 8.20000000e-01  4.26991721e-03 
 8.22000000e-01  4.53130238e-03 
 8.24000000e-01  4.80594962e-03 
 8.26000000e-01  5.09436046e-03 
 8.28000000e-01  5.39705118e-03 
 8.30000000e-01  5.71455375e-03 
 8.32000000e-01  6.04741674e-03 
 8.34000000e-01  6.39620634e-03 
 8.36000000e-01  6.76150744e-03 
 8.38000000e-01  7.14392466e-03 
 8.40000000e-01  7.54408358e-03 
 8.42000000e-01  7.96263184e-03 
 8.44000000e-01  8.40024037e-03 
 8.46000000e-01  8.85760468e-03 
 8.48000000e-01  9.33544609e-03 
 8.50000000e-01  9.83451310e-03 
 8.52000000e-01  1.03555827e-02 
 8.54000000e-01  1.08994618e-02 
 8.56000000e-01  1.14669886e-02 
 8.58000000e-01  1.20590341e-02 
 8.60000000e-01  1.26765036e-02 
 8.62000000e-01  1.33203382e-02 
 8.64000000e-01  1.39915165e-02 
 8.66000000e-01  1.46910559e-02 
 8.68000000e-01  1.54200147e-02 
 8.70000000e-01  1.61794936e-02 
 8.72000000e-01  1.69706375e-02 
 8.74000000e-01  1.77946372e-02 
 8.76000000e-01  1.86527316e-02 
 8.78000000e-01  1.95462093e-02 
 8.80000000e-01  2.04764110e-02 
 8.82000000e-01  2.14447313e-02 
 8.84000000e-01  2.24526207e-02 
 8.86000000e-01  2.35015885e-02 
 8.88000000e-01  2.45932043e-02 
 8.90000000e-01  2.57291011e-02 
 8.92000000e-01  2.69109772e-02 
 8.94000000e-01  2.81405993e-02 
 8.96000000e-01  2.94198049e-02 
 8.98000000e-01  3.07505050e-02 
 9.00000000e-01  3.21346872e-02 
