 4.00000000e-01  5.98610119e-10 
 4.02000000e-01  6.46417810e-10 
 4.04000000e-01  6.98067059e-10 
 4.06000000e-01  7.53866540e-10 
 4.08000000e-01  8.14149727e-10 
 4.10000000e-01  8.79276892e-10 
 4.12000000e-01  9.49637252e-10 
 4.14000000e-01  1.02565130e-09 
 4.16000000e-01  1.10777332e-09 
 4.18000000e-01  1.19649408e-09 
 4.20000000e-01  1.29234381e-09 
 4.22000000e-01  1.39589533e-09 
 4.24000000e-01  1.50776747e-09 
 4.26000000e-01  1.62862881e-09 
 4.28000000e-01  1.75920165e-09 
 4.30000000e-01  1.90026630e-09 
 4.32000000e-01  2.05266580e-09 
 4.34000000e-01  2.21731092e-09 
 4.36000000e-01  2.39518559e-09 
 4.38000000e-01  2.58735283e-09 
 4.40000000e-01  2.79496105e-09 
 4.42000000e-01  3.01925096e-09 
 4.44000000e-01  3.26156294e-09 
 4.46000000e-01  3.52334509e-09 
 4.48000000e-01  3.80616184e-09 
 4.50000000e-01  4.11170335e-09 
 4.52000000e-01  4.44179557e-09 
 4.54000000e-01  4.79841117e-09 
 4.56000000e-01  5.18368132e-09 
 4.58000000e-01  5.59990846e-09 
 4.60000000e-01  6.04957998e-09 
 4.62000000e-01  6.53538318e-09 
 4.64000000e-01  7.06022126e-09 
 4.66000000e-01  7.62723071e-09 
 4.68000000e-01  8.23980003e-09 
 4.70000000e-01  8.90158998e-09 
 4.72000000e-01  9.61655548e-09 
 4.74000000e-01  1.03889692e-08 
 4.76000000e-01  1.12234472e-08 
 4.78000000e-01  1.21249763e-08 
 4.80000000e-01  1.30989442e-08 
 4.82000000e-01  1.41511713e-08 
 4.84000000e-01  1.52879458e-08 
 4.86000000e-01  1.65160611e-08 
 4.88000000e-01  1.78428566e-08 
 4.90000000e-01  1.92762611e-08 
 4.92000000e-01  2.08248409e-08 
 4.94000000e-01  2.24978501e-08 
 4.96000000e-01  2.43052868e-08 
 4.98000000e-01  2.62579523e-08 
 5.00000000e-01  2.83675157e-08 
 5.02000000e-01  3.06465838e-08 
 5.04000000e-01  3.31087762e-08 
 5.06000000e-01  3.57688070e-08 
 5.08000000e-01  3.86425724e-08 
 5.10000000e-01  4.17472461e-08 
 5.12000000e-01  4.51013813e-08 
 5.14000000e-01  4.87250222e-08 
 5.16000000e-01  5.26398235e-08 
 5.18000000e-01  5.68691796e-08 
 5.20000000e-01  6.14383647e-08 
 5.22000000e-01  6.63746839e-08 
 5.24000000e-01  7.17076359e-08 
 5.26000000e-01  7.74690896e-08 
 5.28000000e-01  8.36934745e-08 
 5.30000000e-01  9.04179863e-08 
 5.32000000e-01  9.76828093e-08 
 5.34000000e-01  1.05531356e-07 
 5.36000000e-01  1.14010528e-07 
 5.38000000e-01  1.23170994e-07 
 5.40000000e-01  1.33067494e-07 
 5.42000000e-01  1.43759165e-07 
 5.44000000e-01  1.55309898e-07 
 5.46000000e-01  1.67788714e-07 
 5.48000000e-01  1.81270180e-07 
 5.50000000e-01  1.95834856e-07 
 5.52000000e-01  2.11569770e-07 
 5.54000000e-01  2.28568945e-07 
 5.56000000e-01  2.46933957e-07 
 5.58000000e-01  2.66774541e-07 
 5.60000000e-01  2.88209249e-07 
 5.62000000e-01  3.11366154e-07 
 5.64000000e-01  3.36383622e-07 
 5.66000000e-01  3.63411129e-07 
 5.68000000e-01  3.92610162e-07 
 5.70000000e-01  4.24155178e-07 
 5.72000000e-01  4.58234647e-07 
 5.74000000e-01  4.95052179e-07 
 5.76000000e-01  5.34827736e-07 
 5.78000000e-01  5.77798951e-07 
 5.80000000e-01  6.24222538e-07 
 5.82000000e-01  6.74375831e-07 
 5.84000000e-01  7.28558437e-07 
 5.86000000e-01  7.87094022e-07 
 5.88000000e-01  8.50332246e-07 
 5.90000000e-01  9.18650843e-07 
 5.92000000e-01  9.92457880e-07 
 5.94000000e-01  1.07219419e-06 
 5.96000000e-01  1.15833599e-06 
 5.98000000e-01  1.25139774e-06 
 6.00000000e-01  1.35193519e-06 
 6.02000000e-01  1.46054870e-06 
 6.04000000e-01  1.57788682e-06 
 6.06000000e-01  1.70465016e-06 
 6.08000000e-01  1.84159553e-06 
 6.10000000e-01  1.98954047e-06 
 6.12000000e-01  2.14936814e-06 
 6.14000000e-01  2.32203251e-06 
 6.16000000e-01  2.50856409e-06 
 6.18000000e-01  2.71007605e-06 
 6.20000000e-01  2.92777078e-06 
 6.22000000e-01  3.16294710e-06 
 6.24000000e-01  3.41700795e-06 
 6.26000000e-01  3.69146869e-06 
 6.28000000e-01  3.98796612e-06 
 6.30000000e-01  4.30826814e-06 
 6.32000000e-01  4.65428427e-06 
 6.34000000e-01  5.02807691e-06 
 6.36000000e-01  5.43187355e-06 
 6.38000000e-01  5.86807994e-06 
 6.40000000e-01  6.33929428e-06 
 6.42000000e-01  6.84832253e-06 
 6.44000000e-01  7.39819499e-06 
 6.46000000e-01  7.99218407e-06 
 6.48000000e-01  8.63382354e-06 
 6.50000000e-01  9.32692928e-06 
 6.52000000e-01  1.00756217e-05 
 6.54000000e-01  1.08843496e-05 
 6.56000000e-01  1.17579166e-05 
 6.58000000e-01  1.27015087e-05 
 6.60000000e-01  1.37207247e-05 
 6.62000000e-01  1.48216087e-05 
 6.64000000e-01  1.60106850e-05 
 6.66000000e-01  1.72949958e-05 
 6.68000000e-01  1.86821421e-05 
 6.70000000e-01  2.01803268e-05 
 6.72000000e-01  2.17984022e-05 
 6.74000000e-01  2.35459203e-05 
 6.76000000e-01  2.54331871e-05 
 6.78000000e-01  2.74713211e-05 
 6.80000000e-01  2.96723158e-05 
 6.82000000e-01  3.20491072e-05 
 6.84000000e-01  3.46156462e-05 
 6.86000000e-01  3.73869754e-05 
 6.88000000e-01  4.03793132e-05 
 6.90000000e-01  4.36101419e-05 
 6.92000000e-01  4.70983032e-05 
 6.94000000e-01  5.08641004e-05 
 6.96000000e-01  5.49294069e-05 
 6.98000000e-01  5.93177828e-05 
 7.00000000e-01  6.40545988e-05 
 7.02000000e-01  6.91671684e-05 
 7.04000000e-01  7.46848890e-05 
 7.06000000e-01  8.06393914e-05 
 7.08000000e-01  8.70646990e-05 
 7.10000000e-01  9.39973962e-05 
 7.12000000e-01  1.01476807e-04 
 7.14000000e-01  1.09545185e-04 
 7.16000000e-01  1.18247910e-04 
 7.18000000e-01  1.27633701e-04 
 7.20000000e-01  1.37754834e-04 
 7.22000000e-01  1.48667376e-04 
 7.24000000e-01  1.60431425e-04 
 7.26000000e-01  1.73111362e-04 
 7.28000000e-01  1.86776117e-04 
 7.30000000e-01  2.01499439e-04 
 7.32000000e-01  2.17360174e-04 
 7.34000000e-01  2.34442563e-04 
 7.36000000e-01  2.52836530e-04 
 7.38000000e-01  2.72637992e-04 
 7.40000000e-01  2.93949161e-04 
 7.42000000e-01  3.16878860e-04 
 7.44000000e-01  3.41542829e-04 
 7.46000000e-01  3.68064040e-04 
 7.48000000e-01  3.96573001e-04 
 7.50000000e-01  4.27208059e-04 
 7.52000000e-01  4.60115692e-04 
 7.54000000e-01  4.95450790e-04 
 7.56000000e-01  5.33376919e-04 
 7.58000000e-01  5.74066574e-04 
 7.60000000e-01  6.17701401e-04 
 7.62000000e-01  6.64472408e-04 
 7.64000000e-01  7.14580138e-04 
 7.66000000e-01  7.68234822e-04 
 7.68000000e-01  8.25656500e-04 
 7.70000000e-01  8.87075105e-04 
 7.72000000e-01  9.52730525e-04 
 7.74000000e-01  1.02287262e-03 
 7.76000000e-01  1.09776123e-03 
 7.78000000e-01  1.17766612e-03 
 7.80000000e-01  1.26286691e-03 
 7.82000000e-01  1.35365305e-03 
 7.84000000e-01  1.45032364e-03 
 7.86000000e-01  1.55318736e-03 
 7.88000000e-01  1.66256235e-03 
 7.90000000e-01  1.77877608e-03 
 7.92000000e-01  1.90216525e-03 
 7.94000000e-01  2.03307570e-03 
 7.96000000e-01  2.17186235e-03 
 7.98000000e-01  2.31888917e-03 
 8.00000000e-01  2.47452920e-03 
 8.02000000e-01  2.63916458e-03 
 8.04000000e-01  2.81318670e-03 
 8.06000000e-01  2.99699639e-03 
 8.08000000e-01  3.19100411e-03 
 8.10000000e-01  3.39563029e-03 
 8.12000000e-01  3.61130574e-03 
 8.14000000e-01  3.83847204e-03 
 8.16000000e-01  4.07758213e-03 
 8.18000000e-01  4.32910084e-03 
 8.20000000e-01  4.59350562e-03 
 8.22000000e-01  4.87128721e-03 
 8.24000000e-01  5.16295049e-03 
 8.26000000e-01  5.46901529e-03 
 8.28000000e-01  5.79001733e-03 
 8.30000000e-01  6.12650918e-03 
 8.32000000e-01  6.47906125e-03 
 8.34000000e-01  6.84826291e-03 
 8.36000000e-01  7.23472353e-03 
 8.38000000e-01  7.63907367e-03 
 8.40000000e-01  8.06196627e-03 
 8.42000000e-01  8.50407783e-03 
 8.44000000e-01  8.96610971e-03 
 8.46000000e-01  9.44878941e-03 
 8.48000000e-01  9.95287188e-03 
 8.50000000e-01  1.04791409e-02 
 8.52000000e-01  1.10284105e-02 
 8.54000000e-01  1.16015264e-02 
 8.56000000e-01  1.21993673e-02 
 8.58000000e-01  1.28228467e-02 
 8.60000000e-01  1.34729142e-02 
 8.62000000e-01  1.41505572e-02 
 8.64000000e-01  1.48568025e-02 
 8.66000000e-01  1.55927180e-02 
 8.68000000e-01  1.63594144e-02 
 8.70000000e-01  1.71580472e-02 
 8.72000000e-01  1.79898180e-02 
 8.74000000e-01  1.88559770e-02 
 8.76000000e-01  1.97578249e-02 
 8.78000000e-01  2.06967144e-02 
 8.80000000e-01  2.16740530e-02 
 8.82000000e-01  2.26913045e-02 
 8.84000000e-01  2.37499920e-02 
 8.86000000e-01  2.48516995e-02 
 8.88000000e-01  2.59980749e-02 
 8.90000000e-01  2.71908322e-02 
 8.92000000e-01  2.84317540e-02 
 8.94000000e-01  2.97226947e-02 
 8.96000000e-01  3.10655827e-02 
 8.98000000e-01  3.24624237e-02 
 9.00000000e-01  3.39153038e-02 
