 4.00000000e-01  5.01063593e-10 
 4.02000000e-01  5.41033318e-10 
 4.04000000e-01  5.84214813e-10 
 4.06000000e-01  6.30866146e-10 
 4.08000000e-01  6.81266123e-10 
 4.10000000e-01  7.35715952e-10 
 4.12000000e-01  7.94541041e-10 
 4.14000000e-01  8.58092947e-10 
 4.16000000e-01  9.26751476e-10 
 4.18000000e-01  1.00092695e-09 
 4.20000000e-01  1.08106266e-09 
 4.22000000e-01  1.16763751e-09 
 4.24000000e-01  1.26116890e-09 
 4.26000000e-01  1.36221580e-09 
 4.28000000e-01  1.47138208e-09 
 4.30000000e-01  1.58932014e-09 
 4.32000000e-01  1.71673480e-09 
 4.34000000e-01  1.85438751e-09 
 4.36000000e-01  2.00310092e-09 
 4.38000000e-01  2.16376376e-09 
 4.40000000e-01  2.33733618e-09 
 4.42000000e-01  2.52485548e-09 
 4.44000000e-01  2.72744230e-09 
 4.46000000e-01  2.94630732e-09 
 4.48000000e-01  3.18275852e-09 
 4.50000000e-01  3.43820897e-09 
 4.52000000e-01  3.71418526e-09 
 4.54000000e-01  4.01233667e-09 
 4.56000000e-01  4.33444499e-09 
 4.58000000e-01  4.68243518e-09 
 4.60000000e-01  5.05838686e-09 
 4.62000000e-01  5.46454677e-09 
 4.64000000e-01  5.90334216e-09 
 4.66000000e-01  6.37739532e-09 
 4.68000000e-01  6.88953924e-09 
 4.70000000e-01  7.44283453e-09 
 4.72000000e-01  8.04058775e-09 
 4.74000000e-01  8.68637111e-09 
 4.76000000e-01  9.38404389e-09 
 4.78000000e-01  1.01377754e-08 
 4.80000000e-01  1.09520701e-08 
 4.82000000e-01  1.18317941e-08 
 4.84000000e-01  1.27822048e-08 
 4.86000000e-01  1.38089819e-08 
 4.88000000e-01  1.49182615e-08 
 4.90000000e-01  1.61166727e-08 
 4.92000000e-01  1.74113773e-08 
 4.94000000e-01  1.88101125e-08 
 4.96000000e-01  2.03212371e-08 
 4.98000000e-01  2.19537817e-08 
 5.00000000e-01  2.37175024e-08 
 5.02000000e-01  2.56229393e-08 
 5.04000000e-01  2.76814793e-08 
 5.06000000e-01  2.99054242e-08 
 5.08000000e-01  3.23080643e-08 
 5.10000000e-01  3.49037578e-08 
 5.12000000e-01  3.77080164e-08 
 5.14000000e-01  4.07375984e-08 
 5.16000000e-01  4.40106083e-08 
 5.18000000e-01  4.75466055e-08 
 5.20000000e-01  5.13667210e-08 
 5.22000000e-01  5.54937833e-08 
 5.24000000e-01  5.99524555e-08 
 5.26000000e-01  6.47693820e-08 
 5.28000000e-01  6.99733483e-08 
 5.30000000e-01  7.55954525e-08 
 5.32000000e-01  8.16692913e-08 
 5.34000000e-01  8.82311609e-08 
 5.36000000e-01  9.53202737e-08 
 5.38000000e-01  1.02978993e-07 
 5.40000000e-01  1.11253084e-07 
 5.42000000e-01  1.20191992e-07 
 5.44000000e-01  1.29849132e-07 
 5.46000000e-01  1.40282212e-07 
 5.48000000e-01  1.51553576e-07 
 5.50000000e-01  1.63730578e-07 
 5.52000000e-01  1.76885980e-07 
 5.54000000e-01  1.91098394e-07 
 5.56000000e-01  2.06452744e-07 
 5.58000000e-01  2.23040779e-07 
 5.60000000e-01  2.40961618e-07 
 5.62000000e-01  2.60322343e-07 
 5.64000000e-01  2.81238639e-07 
 5.66000000e-01  3.03835482e-07 
 5.68000000e-01  3.28247891e-07 
 5.70000000e-01  3.54621730e-07 
 5.72000000e-01  3.83114578e-07 
 5.74000000e-01  4.13896676e-07 
 5.76000000e-01  4.47151936e-07 
 5.78000000e-01  4.83079046e-07 
 5.80000000e-01  5.21892649e-07 
 5.82000000e-01  5.63824631e-07 
 5.84000000e-01  6.09125501e-07 
 5.86000000e-01  6.58065888e-07 
 5.88000000e-01  7.10938157e-07 
 5.90000000e-01  7.68058148e-07 
 5.92000000e-01  8.29767069e-07 
 5.94000000e-01  8.96433524e-07 
 5.96000000e-01  9.68455716e-07 
 5.98000000e-01  1.04626382e-06 
 6.00000000e-01  1.13032255e-06 
 6.02000000e-01  1.22113394e-06 
 6.04000000e-01  1.31924029e-06 
 6.06000000e-01  1.42522747e-06 
 6.08000000e-01  1.53972835e-06 
 6.10000000e-01  1.66342662e-06 
 6.12000000e-01  1.79706080e-06 
 6.14000000e-01  1.94142871e-06 
 6.16000000e-01  2.09739214e-06 
 6.18000000e-01  2.26588205e-06 
 6.20000000e-01  2.44790405e-06 
 6.22000000e-01  2.64454444e-06 
 6.24000000e-01  2.85697660e-06 
 6.26000000e-01  3.08646799e-06 
 6.28000000e-01  3.33438770e-06 
 6.30000000e-01  3.60221452e-06 
 6.32000000e-01  3.89154577e-06 
 6.34000000e-01  4.20410673e-06 
 6.36000000e-01  4.54176085e-06 
 6.38000000e-01  4.90652084e-06 
 6.40000000e-01  5.30056051e-06 
 6.42000000e-01  5.72622764e-06 
 6.44000000e-01  6.18605786e-06 
 6.46000000e-01  6.68278959e-06 
 6.48000000e-01  7.21938018e-06 
 6.50000000e-01  7.79902332e-06 
 6.52000000e-01  8.42516782e-06 
 6.54000000e-01  9.10153784e-06 
 6.56000000e-01  9.83215477e-06 
 6.58000000e-01  1.06213607e-05 
 6.60000000e-01  1.14738439e-05 
 6.62000000e-01  1.23946660e-05 
 6.64000000e-01  1.33892916e-05 
 6.66000000e-01  1.44636202e-05 
 6.68000000e-01  1.56240199e-05 
 6.70000000e-01  1.68773646e-05 
 6.72000000e-01  1.82310737e-05 
 6.74000000e-01  1.96931545e-05 
 6.76000000e-01  2.12722482e-05 
 6.78000000e-01  2.29776794e-05 
 6.80000000e-01  2.48195092e-05 
 6.82000000e-01  2.68085920e-05 
 6.84000000e-01  2.89566371e-05 
 6.86000000e-01  3.12762743e-05 
 6.88000000e-01  3.37811247e-05 
 6.90000000e-01  3.64858765e-05 
 6.92000000e-01  3.94063661e-05 
 6.94000000e-01  4.25596653e-05 
 6.96000000e-01  4.59641744e-05 
 6.98000000e-01  4.96397223e-05 
 7.00000000e-01  5.36076725e-05 
 7.02000000e-01  5.78910377e-05 
 7.04000000e-01  6.25146009e-05 
 7.06000000e-01  6.75050453e-05 
 7.08000000e-01  7.28910922e-05 
 7.10000000e-01  7.87036478e-05 
 7.12000000e-01  8.49759596e-05 
 7.14000000e-01  9.17437817e-05 
 7.16000000e-01  9.90455502e-05 
 7.18000000e-01  1.06922569e-04 
 7.20000000e-01  1.15419204e-04 
 7.22000000e-01  1.24583095e-04 
 7.24000000e-01  1.34465364e-04 
 7.26000000e-01  1.45120852e-04 
 7.28000000e-01  1.56608351e-04 
 7.30000000e-01  1.68990859e-04 
 7.32000000e-01  1.82335835e-04 
 7.34000000e-01  1.96715467e-04 
 7.36000000e-01  2.12206958e-04 
 7.38000000e-01  2.28892805e-04 
 7.40000000e-01  2.46861098e-04 
 7.42000000e-01  2.66205822e-04 
 7.44000000e-01  2.87027159e-04 
 7.46000000e-01  3.09431801e-04 
 7.48000000e-01  3.33533262e-04 
 7.50000000e-01  3.59452186e-04 
 7.52000000e-01  3.87316660e-04 
 7.54000000e-01  4.17262510e-04 
 7.56000000e-01  4.49433605e-04 
 7.58000000e-01  4.83982137e-04 
 7.60000000e-01  5.21068890e-04 
 7.62000000e-01  5.60863500e-04 
 7.64000000e-01  6.03544685e-04 
 7.66000000e-01  6.49300461e-04 
 7.68000000e-01  6.98328326e-04 
 7.70000000e-01  7.50835420e-04 
 7.72000000e-01  8.07038656e-04 
 7.74000000e-01  8.67164816e-04 
 7.76000000e-01  9.31450620e-04 
 7.78000000e-01  1.00014276e-03 
 7.80000000e-01  1.07349790e-03 
 7.82000000e-01  1.15178265e-03 
 7.84000000e-01  1.23527353e-03 
 7.86000000e-01  1.32425684e-03 
 7.88000000e-01  1.41902862e-03 
 7.90000000e-01  1.51989453e-03 
 7.92000000e-01  1.62716970e-03 
 7.94000000e-01  1.74117864e-03 
 7.96000000e-01  1.86225511e-03 
 7.98000000e-01  1.99074205e-03 
 8.00000000e-01  2.12699148e-03 
 8.02000000e-01  2.27136450e-03 
 8.04000000e-01  2.42423122e-03 
 8.06000000e-01  2.58597088e-03 
 8.08000000e-01  2.75697190e-03 
 8.10000000e-01  2.93763207e-03 
 8.12000000e-01  3.12835873e-03 
 8.14000000e-01  3.32956911e-03 
 8.16000000e-01  3.54169065e-03 
 8.18000000e-01  3.76516143e-03 
 8.20000000e-01  4.00043071e-03 
 8.22000000e-01  4.24795946e-03 
 8.24000000e-01  4.50822102e-03 
 8.26000000e-01  4.78170182e-03 
 8.28000000e-01  5.06890212e-03 
 8.30000000e-01  5.37033691e-03 
 8.32000000e-01  5.68653674e-03 
 8.34000000e-01  6.01804869e-03 
 8.36000000e-01  6.36543739e-03 
 8.38000000e-01  6.72928606e-03 
 8.40000000e-01  7.11019756e-03 
 8.42000000e-01  7.50879560e-03 
 8.44000000e-01  7.92572586e-03 
 8.46000000e-01  8.36165720e-03 
 8.48000000e-01  8.81728294e-03 
 8.50000000e-01  9.29332212e-03 
 8.52000000e-01  9.79052082e-03 
 8.54000000e-01  1.03096535e-02 
 8.56000000e-01  1.08515244e-02 
 8.58000000e-01  1.14169690e-02 
 8.60000000e-01  1.20068554e-02 
 8.62000000e-01  1.26220858e-02 
 8.64000000e-01  1.32635982e-02 
 8.66000000e-01  1.39323678e-02 
 8.68000000e-01  1.46294087e-02 
 8.70000000e-01  1.53557755e-02 
 8.72000000e-01  1.61125652e-02 
 8.74000000e-01  1.69009186e-02 
 8.76000000e-01  1.77220227e-02 
 8.78000000e-01  1.85771121e-02 
 8.80000000e-01  1.94674710e-02 
 8.82000000e-01  2.03944355e-02 
 8.84000000e-01  2.13593953e-02 
 8.86000000e-01  2.23637962e-02 
 8.88000000e-01  2.34091421e-02 
 8.90000000e-01  2.44969974e-02 
 8.92000000e-01  2.56289895e-02 
 8.94000000e-01  2.68068109e-02 
 8.96000000e-01  2.80322224e-02 
 8.98000000e-01  2.93070550e-02 
 9.00000000e-01  3.06332134e-02 
