 4.00000000e-01  4.65625589e-10 
 4.02000000e-01  5.02747833e-10 
 4.04000000e-01  5.42853049e-10 
 4.06000000e-01  5.86180921e-10 
 4.08000000e-01  6.32990394e-10 
 4.10000000e-01  6.83561217e-10 
 4.12000000e-01  7.38195619e-10 
 4.14000000e-01  7.97220112e-10 
 4.16000000e-01  8.60987444e-10 
 4.18000000e-01  9.29878708e-10 
 4.20000000e-01  1.00430562e-09 
 4.22000000e-01  1.08471296e-09 
 4.24000000e-01  1.17158128e-09 
 4.26000000e-01  1.26542972e-09 
 4.28000000e-01  1.36681914e-09 
 4.30000000e-01  1.47635546e-09 
 4.32000000e-01  1.59469329e-09 
 4.34000000e-01  1.72253985e-09 
 4.36000000e-01  1.86065917e-09 
 4.38000000e-01  2.00987667e-09 
 4.40000000e-01  2.17108411e-09 
 4.42000000e-01  2.34524488e-09 
 4.44000000e-01  2.53339981e-09 
 4.46000000e-01  2.73667332e-09 
 4.48000000e-01  2.95628023e-09 
 4.50000000e-01  3.19353292e-09 
 4.52000000e-01  3.44984925e-09 
 4.54000000e-01  3.72676101e-09 
 4.56000000e-01  4.02592305e-09 
 4.58000000e-01  4.34912320e-09 
 4.60000000e-01  4.69829295e-09 
 4.62000000e-01  5.07551898e-09 
 4.64000000e-01  5.48305562e-09 
 4.66000000e-01  5.92333837e-09 
 4.68000000e-01  6.39899839e-09 
 4.70000000e-01  6.91287828e-09 
 4.72000000e-01  7.46804904e-09 
 4.74000000e-01  8.06782842e-09 
 4.76000000e-01  8.71580074e-09 
 4.78000000e-01  9.41583836e-09 
 4.80000000e-01  1.01721247e-08 
 4.82000000e-01  1.09891795e-08 
 4.84000000e-01  1.18718855e-08 
 4.86000000e-01  1.28255177e-08 
 4.88000000e-01  1.38557752e-08 
 4.90000000e-01  1.49688148e-08 
 4.92000000e-01  1.61712882e-08 
 4.94000000e-01  1.74703813e-08 
 4.96000000e-01  1.88738575e-08 
 4.98000000e-01  2.03901043e-08 
 5.00000000e-01  2.20281825e-08 
 5.02000000e-01  2.37978815e-08 
 5.04000000e-01  2.57097771e-08 
 5.06000000e-01  2.77752946e-08 
 5.08000000e-01  3.00067778e-08 
 5.10000000e-01  3.24175618e-08 
 5.12000000e-01  3.50220535e-08 
 5.14000000e-01  3.78358174e-08 
 5.16000000e-01  4.08756683e-08 
 5.18000000e-01  4.41597722e-08 
 5.20000000e-01  4.77077549e-08 
 5.22000000e-01  5.15408188e-08 
 5.24000000e-01  5.56818700e-08 
 5.26000000e-01  6.01556551e-08 
 5.28000000e-01  6.49889088e-08 
 5.30000000e-01  7.02105140e-08 
 5.32000000e-01  7.58516745e-08 
 5.34000000e-01  8.19461007e-08 
 5.36000000e-01  8.85302119e-08 
 5.38000000e-01  9.56433533e-08 
 5.40000000e-01  1.03328031e-07 
 5.42000000e-01  1.11630168e-07 
 5.44000000e-01  1.20599374e-07 
 5.46000000e-01  1.30289247e-07 
 5.48000000e-01  1.40757689e-07 
 5.50000000e-01  1.52067257e-07 
 5.52000000e-01  1.64285532e-07 
 5.54000000e-01  1.77485524e-07 
 5.56000000e-01  1.91746110e-07 
 5.58000000e-01  2.07152502e-07 
 5.60000000e-01  2.23796761e-07 
 5.62000000e-01  2.41778341e-07 
 5.64000000e-01  2.61204687e-07 
 5.66000000e-01  2.82191875e-07 
 5.68000000e-01  3.04865307e-07 
 5.70000000e-01  3.29360458e-07 
 5.72000000e-01  3.55823686e-07 
 5.74000000e-01  3.84413105e-07 
 5.76000000e-01  4.15299532e-07 
 5.78000000e-01  4.48667503e-07 
 5.80000000e-01  4.84716377e-07 
 5.82000000e-01  5.23661527e-07 
 5.84000000e-01  5.65735623e-07 
 5.86000000e-01  6.11190024e-07 
 5.88000000e-01  6.60296276e-07 
 5.90000000e-01  7.13347732e-07 
 5.92000000e-01  7.70661305e-07 
 5.94000000e-01  8.32579357e-07 
 5.96000000e-01  8.99471741e-07 
 5.98000000e-01  9.71738009e-07 
 6.00000000e-01  1.04980979e-06 
 6.02000000e-01  1.13415338e-06 
 6.04000000e-01  1.22527250e-06 
 6.06000000e-01  1.32371130e-06 
 6.08000000e-01  1.43005763e-06 
 6.10000000e-01  1.54494651e-06 
 6.12000000e-01  1.66906392e-06 
 6.14000000e-01  1.80315090e-06 
 6.16000000e-01  1.94800796e-06 
 6.18000000e-01  2.10449982e-06 
 6.20000000e-01  2.27356058e-06 
 6.22000000e-01  2.45619926e-06 
 6.24000000e-01  2.65350583e-06 
 6.26000000e-01  2.86665763e-06 
 6.28000000e-01  3.09692643e-06 
 6.30000000e-01  3.34568593e-06 
 6.32000000e-01  3.61441993e-06 
 6.34000000e-01  3.90473114e-06 
 6.36000000e-01  4.21835067e-06 
 6.38000000e-01  4.55714829e-06 
 6.40000000e-01  4.92314347e-06 
 6.42000000e-01  5.31851738e-06 
 6.44000000e-01  5.74562574e-06 
 6.46000000e-01  6.20701272e-06 
 6.48000000e-01  6.70542597e-06 
 6.50000000e-01  7.24383283e-06 
 6.52000000e-01  7.82543775e-06 
 6.54000000e-01  8.45370116e-06 
 6.56000000e-01  9.13235976e-06 
 6.58000000e-01  9.86544847e-06 
 6.60000000e-01  1.06573240e-05 
 6.62000000e-01  1.15126903e-05 
 6.64000000e-01  1.24366262e-05 
 6.66000000e-01  1.34346146e-05 
 6.68000000e-01  1.45125746e-05 
 6.70000000e-01  1.56768957e-05 
 6.72000000e-01  1.69344750e-05 
 6.74000000e-01  1.82927566e-05 
 6.76000000e-01  1.97597746e-05 
 6.78000000e-01  2.13441990e-05 
 6.80000000e-01  2.30553856e-05 
 6.82000000e-01  2.49034289e-05 
 6.84000000e-01  2.68992194e-05 
 6.86000000e-01  2.90545054e-05 
 6.88000000e-01  3.13819584e-05 
 6.90000000e-01  3.38952448e-05 
 6.92000000e-01  3.66091012e-05 
 6.94000000e-01  3.95394161e-05 
 6.96000000e-01  4.27033176e-05 
 6.98000000e-01  4.61192663e-05 
 7.00000000e-01  4.98071560e-05 
 7.02000000e-01  5.37884201e-05 
 7.04000000e-01  5.80861459e-05 
 7.06000000e-01  6.27251969e-05 
 7.08000000e-01  6.77323425e-05 
 7.10000000e-01  7.31363965e-05 
 7.12000000e-01  7.89683643e-05 
 7.14000000e-01  8.52615995e-05 
 7.16000000e-01  9.20519696e-05 
 7.18000000e-01  9.93780323e-05 
 7.20000000e-01  1.07281221e-04 
 7.22000000e-01  1.15806042e-04 
 7.24000000e-01  1.25000280e-04 
 7.26000000e-01  1.34915217e-04 
 7.28000000e-01  1.45605860e-04 
 7.30000000e-01  1.57131183e-04 
 7.32000000e-01  1.69554369e-04 
 7.34000000e-01  1.82943080e-04 
 7.36000000e-01  1.97369719e-04 
 7.38000000e-01  2.12911712e-04 
 7.40000000e-01  2.29651795e-04 
 7.42000000e-01  2.47678310e-04 
 7.44000000e-01  2.67085505e-04 
 7.46000000e-01  2.87973840e-04 
 7.48000000e-01  3.10450299e-04 
 7.50000000e-01  3.34628701e-04 
 7.52000000e-01  3.60630008e-04 
 7.54000000e-01  3.88582637e-04 
 7.56000000e-01  4.18622762e-04 
 7.58000000e-01  4.50894606e-04 
 7.60000000e-01  4.85550731e-04 
 7.62000000e-01  5.22752302e-04 
 7.64000000e-01  5.62669346e-04 
 7.66000000e-01  6.05480982e-04 
 7.68000000e-01  6.51375633e-04 
 7.70000000e-01  7.00551214e-04 
 7.72000000e-01  7.53215288e-04 
 7.74000000e-01  8.09585194e-04 
 7.76000000e-01  8.69888145e-04 
 7.78000000e-01  9.34361293e-04 
 7.80000000e-01  1.00325176e-03 
 7.82000000e-01  1.07681665e-03 
 7.84000000e-01  1.15532299e-03 
 7.86000000e-01  1.23904773e-03 
 7.88000000e-01  1.32827760e-03 
 7.90000000e-01  1.42330905e-03 
 7.92000000e-01  1.52444815e-03 
 7.94000000e-01  1.63201043e-03 
 7.96000000e-01  1.74632081e-03 
 7.98000000e-01  1.86771344e-03 
 8.00000000e-01  1.99653166e-03 
 8.02000000e-01  2.13312787e-03 
 8.04000000e-01  2.27786354e-03 
 8.06000000e-01  2.43110920e-03 
 8.08000000e-01  2.59324447e-03 
 8.10000000e-01  2.76465816e-03 
 8.12000000e-01  2.94574845e-03 
 8.14000000e-01  3.13692313e-03 
 8.16000000e-01  3.33859983e-03 
 8.18000000e-01  3.55120644e-03 
 8.20000000e-01  3.77518151e-03 
 8.22000000e-01  4.01097480e-03 
 8.24000000e-01  4.25904777e-03 
 8.26000000e-01  4.51987434e-03 
 8.28000000e-01  4.79394148e-03 
 8.30000000e-01  5.08175011e-03 
 8.32000000e-01  5.38381583e-03 
 8.34000000e-01  5.70066989e-03 
 8.36000000e-01  6.03286011e-03 
 8.38000000e-01  6.38095191e-03 
 8.40000000e-01  6.74552932e-03 
 8.42000000e-01  7.12719608e-03 
 8.44000000e-01  7.52657682e-03 
 8.46000000e-01  7.94431820e-03 
 8.48000000e-01  8.38109012e-03 
 8.50000000e-01  8.83758697e-03 
 8.52000000e-01  9.31452893e-03 
 8.54000000e-01  9.81266329e-03 
 8.56000000e-01  1.03327658e-02 
 8.58000000e-01  1.08756420e-02 
 8.60000000e-01  1.14421287e-02 
 8.62000000e-01  1.20330954e-02 
 8.64000000e-01  1.26494460e-02 
 8.66000000e-01  1.32921200e-02 
 8.68000000e-01  1.39620942e-02 
 8.70000000e-01  1.46603844e-02 
 8.72000000e-01  1.53880471e-02 
 8.74000000e-01  1.61461811e-02 
 8.76000000e-01  1.69359292e-02 
 8.78000000e-01  1.77584804e-02 
 8.80000000e-01  1.86150714e-02 
 8.82000000e-01  1.95069886e-02 
 8.84000000e-01  2.04355703e-02 
 8.86000000e-01  2.14022087e-02 
 8.88000000e-01  2.24083521e-02 
 8.90000000e-01  2.34555069e-02 
 8.92000000e-01  2.45452403e-02 
 8.94000000e-01  2.56791822e-02 
 8.96000000e-01  2.68590282e-02 
 8.98000000e-01  2.80865420e-02 
 9.00000000e-01  2.93635579e-02 
