 4.00000000e-01  5.40666556e-10 
 4.02000000e-01  5.83818421e-10 
 4.04000000e-01  6.30437744e-10 
 4.06000000e-01  6.80803138e-10 
 4.08000000e-01  7.35215605e-10 
 4.10000000e-01  7.94000331e-10 
 4.12000000e-01  8.57508630e-10 
 4.14000000e-01  9.26120048e-10 
 4.16000000e-01  1.00024463e-09 
 4.18000000e-01  1.08032535e-09 
 4.20000000e-01  1.16684080e-09 
 4.22000000e-01  1.26030802e-09 
 4.24000000e-01  1.36128558e-09 
 4.26000000e-01  1.47037695e-09 
 4.28000000e-01  1.58823409e-09 
 4.30000000e-01  1.71556133e-09 
 4.32000000e-01  1.85311960e-09 
 4.34000000e-01  2.00173097e-09 
 4.36000000e-01  2.16228358e-09 
 4.38000000e-01  2.33573691e-09 
 4.40000000e-01  2.52312754e-09 
 4.42000000e-01  2.72557536e-09 
 4.44000000e-01  2.94429021e-09 
 4.46000000e-01  3.18057918e-09 
 4.48000000e-01  3.43585436e-09 
 4.50000000e-01  3.71164130e-09 
 4.52000000e-01  4.00958815e-09 
 4.54000000e-01  4.33147547e-09 
 4.56000000e-01  4.67922689e-09 
 4.58000000e-01  5.05492064e-09 
 4.60000000e-01  5.46080188e-09 
 4.62000000e-01  5.89929621e-09 
 4.64000000e-01  6.37302412e-09 
 4.66000000e-01  6.88481666e-09 
 4.68000000e-01  7.43773234e-09 
 4.70000000e-01  8.03507544e-09 
 4.72000000e-01  8.68041574e-09 
 4.74000000e-01  9.37760984e-09 
 4.76000000e-01  1.01308242e-08 
 4.78000000e-01  1.09445602e-08 
 4.80000000e-01  1.18236807e-08 
 4.82000000e-01  1.27734393e-08 
 4.84000000e-01  1.37995120e-08 
 4.86000000e-01  1.49080306e-08 
 4.88000000e-01  1.61056196e-08 
 4.90000000e-01  1.73994359e-08 
 4.92000000e-01  1.87972114e-08 
 4.94000000e-01  2.03072992e-08 
 4.96000000e-01  2.19387238e-08 
 4.98000000e-01  2.37012345e-08 
 5.00000000e-01  2.56053642e-08 
 5.02000000e-01  2.76624919e-08 
 5.04000000e-01  2.98849110e-08 
 5.06000000e-01  3.22859027e-08 
 5.08000000e-01  3.48798154e-08 
 5.10000000e-01  3.76821501e-08 
 5.12000000e-01  4.07096536e-08 
 5.14000000e-01  4.39804181e-08 
 5.16000000e-01  4.75139894e-08 
 5.18000000e-01  5.13314841e-08 
 5.20000000e-01  5.54557151e-08 
 5.22000000e-01  5.99113284e-08 
 5.24000000e-01  6.47249503e-08 
 5.26000000e-01  6.99253465e-08 
 5.28000000e-01  7.55435937e-08 
 5.30000000e-01  8.16132656e-08 
 5.32000000e-01  8.81706336e-08 
 5.34000000e-01  9.52548830e-08 
 5.36000000e-01  1.02908348e-07 
 5.38000000e-01  1.11176763e-07 
 5.40000000e-01  1.20109539e-07 
 5.42000000e-01  1.29760054e-07 
 5.44000000e-01  1.40185976e-07 
 5.46000000e-01  1.51449608e-07 
 5.48000000e-01  1.63618256e-07 
 5.50000000e-01  1.76764634e-07 
 5.52000000e-01  1.90967297e-07 
 5.54000000e-01  2.06311115e-07 
 5.56000000e-01  2.22887770e-07 
 5.58000000e-01  2.40796316e-07 
 5.60000000e-01  2.60143760e-07 
 5.62000000e-01  2.81045707e-07 
 5.64000000e-01  3.03627049e-07 
 5.66000000e-01  3.28022712e-07 
 5.68000000e-01  3.54378459e-07 
 5.70000000e-01  3.82851763e-07 
 5.72000000e-01  4.13612745e-07 
 5.74000000e-01  4.46845194e-07 
 5.76000000e-01  4.82747659e-07 
 5.78000000e-01  5.21534638e-07 
 5.80000000e-01  5.63437857e-07 
 5.82000000e-01  6.08707655e-07 
 5.84000000e-01  6.57614473e-07 
 5.86000000e-01  7.10450476e-07 
 5.88000000e-01  7.67531289e-07 
 5.90000000e-01  8.29197884e-07 
 5.92000000e-01  8.95818614e-07 
 5.94000000e-01  9.67791409e-07 
 5.96000000e-01  1.04554615e-06 
 5.98000000e-01  1.12954723e-06 
 6.00000000e-01  1.22029633e-06 
 6.02000000e-01  1.31833540e-06 
 6.04000000e-01  1.42424989e-06 
 6.06000000e-01  1.53867226e-06 
 6.08000000e-01  1.66228570e-06 
 6.10000000e-01  1.79582824e-06 
 6.12000000e-01  1.94009715e-06 
 6.14000000e-01  2.09595363e-06 
 6.16000000e-01  2.26432801e-06 
 6.18000000e-01  2.44622522e-06 
 6.20000000e-01  2.64273079e-06 
 6.22000000e-01  2.85501730e-06 
 6.24000000e-01  3.08435137e-06 
 6.26000000e-01  3.33210112e-06 
 6.28000000e-01  3.59974435e-06 
 6.30000000e-01  3.88887728e-06 
 6.32000000e-01  4.20122401e-06 
 6.34000000e-01  4.53864672e-06 
 6.36000000e-01  4.90315674e-06 
 6.38000000e-01  5.29692639e-06 
 6.40000000e-01  5.72230186e-06 
 6.42000000e-01  6.18181704e-06 
 6.44000000e-01  6.67820848e-06 
 6.46000000e-01  7.21443151e-06 
 6.48000000e-01  7.79367766e-06 
 6.50000000e-01  8.41939336e-06 
 6.52000000e-01  9.09530026e-06 
 6.54000000e-01  9.82541699e-06 
 6.56000000e-01  1.06140827e-05 
 6.58000000e-01  1.14659824e-05 
 6.60000000e-01  1.23861744e-05 
 6.62000000e-01  1.33801197e-05 
 6.64000000e-01  1.44537134e-05 
 6.66000000e-01  1.56133196e-05 
 6.68000000e-01  1.68658074e-05 
 6.70000000e-01  1.82185913e-05 
 6.72000000e-01  1.96796730e-05 
 6.74000000e-01  2.12576881e-05 
 6.76000000e-01  2.29619548e-05 
 6.78000000e-01  2.48025274e-05 
 6.80000000e-01  2.67902530e-05 
 6.82000000e-01  2.89368331e-05 
 6.84000000e-01  3.12548890e-05 
 6.86000000e-01  3.37580327e-05 
 6.88000000e-01  3.64609425e-05 
 6.90000000e-01  3.93794443e-05 
 6.92000000e-01  4.25305986e-05 
 6.94000000e-01  4.59327935e-05 
 6.96000000e-01  4.96058447e-05 
 6.98000000e-01  5.35711017e-05 
 7.00000000e-01  5.78515621e-05 
 7.02000000e-01  6.24719925e-05 
 7.04000000e-01  6.74590589e-05 
 7.06000000e-01  7.28414637e-05 
 7.08000000e-01  7.86500933e-05 
 7.10000000e-01  8.49181737e-05 
 7.12000000e-01  9.16814361e-05 
 7.14000000e-01  9.89782919e-05 
 7.16000000e-01  1.06850019e-04 
 7.18000000e-01  1.15340956e-04 
 7.20000000e-01  1.24498711e-04 
 7.22000000e-01  1.34374376e-04 
 7.24000000e-01  1.45022757e-04 
 7.26000000e-01  1.56502612e-04 
 7.28000000e-01  1.68876899e-04 
 7.30000000e-01  1.82213036e-04 
 7.32000000e-01  1.96583170e-04 
 7.34000000e-01  2.12064458e-04 
 7.36000000e-01  2.28739348e-04 
 7.38000000e-01  2.46695882e-04 
 7.40000000e-01  2.66027990e-04 
 7.42000000e-01  2.86835798e-04 
 7.44000000e-01  3.09225942e-04 
 7.46000000e-01  3.33311872e-04 
 7.48000000e-01  3.59214171e-04 
 7.50000000e-01  3.87060857e-04 
 7.52000000e-01  4.16987690e-04 
 7.54000000e-01  4.49138467e-04 
 7.56000000e-01  4.83665305e-04 
 7.58000000e-01  5.20728914e-04 
 7.60000000e-01  5.60498852e-04 
 7.62000000e-01  6.03153759e-04 
 7.64000000e-01  6.48881568e-04 
 7.66000000e-01  6.97879695e-04 
 7.68000000e-01  7.50355199e-04 
 7.70000000e-01  8.06524907e-04 
 7.72000000e-01  8.66615519e-04 
 7.74000000e-01  9.30863669e-04 
 7.76000000e-01  9.99515966e-04 
 7.78000000e-01  1.07282899e-03 
 7.80000000e-01  1.15106927e-03 
 7.82000000e-01  1.23451324e-03 
 7.84000000e-01  1.32344712e-03 
 7.86000000e-01  1.41816688e-03 
 7.88000000e-01  1.51897810e-03 
 7.90000000e-01  1.62619582e-03 
 7.92000000e-01  1.74014448e-03 
 7.94000000e-01  1.86115777e-03 
 7.96000000e-01  1.98957857e-03 
 7.98000000e-01  2.12575882e-03 
 8.00000000e-01  2.27005953e-03 
 8.02000000e-01  2.42285076e-03 
 8.04000000e-01  2.58451168e-03 
 8.06000000e-01  2.75543063e-03 
 8.08000000e-01  2.93600533e-03 
 8.10000000e-01  3.12664305e-03 
 8.12000000e-01  3.32776093e-03 
 8.14000000e-01  3.53978634e-03 
 8.16000000e-01  3.76315727e-03 
 8.18000000e-01  3.99832289e-03 
 8.20000000e-01  4.24574407e-03 
 8.22000000e-01  4.50589406e-03 
 8.24000000e-01  4.77925917e-03 
 8.26000000e-01  5.06633957e-03 
 8.28000000e-01  5.36765010e-03 
 8.30000000e-01  5.68372119e-03 
 8.32000000e-01  6.01509979e-03 
 8.34000000e-01  6.36235038e-03 
 8.36000000e-01  6.72605600e-03 
 8.38000000e-01  7.10681938e-03 
 8.40000000e-01  7.50526403e-03 
 8.42000000e-01  7.92203545e-03 
 8.44000000e-01  8.35780230e-03 
 8.46000000e-01  8.81325770e-03 
 8.48000000e-01  9.28912047e-03 
 8.50000000e-01  9.78613644e-03 
 8.52000000e-01  1.03050799e-02 
 8.54000000e-01  1.08467547e-02 
 8.56000000e-01  1.14119962e-02 
 8.58000000e-01  1.20016721e-02 
 8.60000000e-01  1.26166843e-02 
 8.62000000e-01  1.32579707e-02 
 8.64000000e-01  1.39265059e-02 
 8.66000000e-01  1.46233038e-02 
 8.68000000e-01  1.53494187e-02 
 8.70000000e-01  1.61059472e-02 
 8.72000000e-01  1.68940298e-02 
 8.74000000e-01  1.77148529e-02 
 8.76000000e-01  1.85696509e-02 
 8.78000000e-01  1.94597074e-02 
 8.80000000e-01  2.03863581e-02 
 8.82000000e-01  2.13509924e-02 
 8.84000000e-01  2.23550555e-02 
 8.86000000e-01  2.34000508e-02 
 8.88000000e-01  2.44875422e-02 
 8.90000000e-01  2.56191565e-02 
 8.92000000e-01  2.67965857e-02 
 8.94000000e-01  2.80215900e-02 
 8.96000000e-01  2.92959999e-02 
 8.98000000e-01  3.06217193e-02 
 9.00000000e-01  3.20007285e-02 
