 1.80000000e+00  0.00000000e+00 
 1.78000000e+00  8.67533336e-06 
 1.76000000e+00  1.69226667e-05 
 1.74000000e+00  2.47406667e-05 
 1.72000000e+00  3.21280001e-05 
 1.70000000e+00  3.90833334e-05 
 1.68000000e+00  4.56053335e-05 
 1.66000000e+00  5.16926668e-05 
 1.64000000e+00  5.73440002e-05 
 1.62000000e+00  6.25580002e-05 
 1.60000000e+00  6.73333335e-05 
 1.58000000e+00  7.16686669e-05 
 1.56000000e+00  7.55626669e-05 
 1.54000000e+00  7.90140003e-05 
 1.52000000e+00  8.20213336e-05 
 1.50000000e+00  8.45833336e-05 
 1.48000000e+00  8.66986670e-05 
 1.46000000e+00  8.83660003e-05 
 1.44000000e+00  8.95840004e-05 
 1.42000000e+00  9.03513337e-05 
 1.40000000e+00  9.06666671e-05 
 1.38000000e+00  9.07555560e-05 
 1.36000000e+00  9.08444449e-05 
 1.34000000e+00  9.09333338e-05 
 1.32000000e+00  9.10222227e-05 
 1.30000000e+00  9.11111116e-05 
 1.28000000e+00  9.12000005e-05 
 1.26000000e+00  9.12888894e-05 
 1.24000000e+00  9.13777783e-05 
 1.22000000e+00  9.14666673e-05 
 1.20000000e+00  9.15555562e-05 
 1.18000000e+00  9.16444451e-05 
 1.16000000e+00  9.17333340e-05 
 1.14000000e+00  9.18222229e-05 
 1.12000000e+00  9.19111118e-05 
 1.10000000e+00  9.20000007e-05 
 1.08000000e+00  9.20888896e-05 
 1.06000000e+00  9.21777785e-05 
 1.04000000e+00  9.22666674e-05 
 1.02000000e+00  9.23555563e-05 
 1.00000000e+00  9.24444453e-05 
 9.80000000e-01  9.25333342e-05 
 9.60000000e-01  9.26222231e-05 
 9.40000000e-01  9.27111120e-05 
 9.20000000e-01  9.28000009e-05 
 9.00000000e-01  9.28888898e-05 
 8.80000000e-01  9.29777787e-05 
 8.60000000e-01  9.30666676e-05 
 8.40000000e-01  9.31555565e-05 
 8.20000000e-01  9.32444454e-05 
 8.00000000e-01  9.33333343e-05 
 7.80000000e-01  9.34222233e-05 
 7.60000000e-01  9.35111122e-05 
 7.40000000e-01  9.36000011e-05 
 7.20000000e-01  9.36888900e-05 
 7.00000000e-01  9.37777789e-05 
 6.80000000e-01  9.38666678e-05 
 6.60000000e-01  9.39555567e-05 
 6.40000000e-01  9.40444456e-05 
 6.20000000e-01  9.41333345e-05 
 6.00000000e-01  9.42222234e-05 
 5.80000000e-01  9.43111123e-05 
 5.60000000e-01  9.44000012e-05 
 5.40000000e-01  9.44888902e-05 
 5.20000000e-01  9.45777791e-05 
 5.00000000e-01  9.46666680e-05 
 4.80000000e-01  9.47555569e-05 
 4.60000000e-01  9.48444458e-05 
 4.40000000e-01  9.49333347e-05 
 4.20000000e-01  9.50222236e-05 
 4.00000000e-01  9.51111125e-05 
 3.80000000e-01  9.52000014e-05 
 3.60000000e-01  9.52888903e-05 
 3.40000000e-01  9.53777792e-05 
 3.20000000e-01  9.54666682e-05 
 3.00000000e-01  9.55555571e-05 
 2.80000000e-01  9.56444460e-05 
 2.60000000e-01  9.57333349e-05 
 2.40000000e-01  9.58222238e-05 
 2.20000000e-01  9.59111127e-05 
 2.00000000e-01  9.60000016e-05 
 1.80000000e-01  9.60888905e-05 
 1.60000000e-01  9.61777794e-05 
 1.40000000e-01  9.62666683e-05 
 1.20000000e-01  9.63555572e-05 
 1.00000000e-01  9.64444462e-05 
 8.00000000e-02  9.65333351e-05 
 6.00000000e-02  9.66222240e-05 
 4.00000000e-02  9.67111129e-05 
 2.00000000e-02  9.68000018e-05 
-1.28369537e-15  9.68888907e-05 
