 0.00000000e+00 -0.00000000e+00 
 2.00000000e-02  1.53486667e-05 
 4.00000000e-02  3.02826667e-05 
 6.00000000e-02  4.48006667e-05 
 8.00000000e-02  5.89013334e-05 
 1.00000000e-01  7.25833334e-05 
 1.20000000e-01  8.58453335e-05 
 1.40000000e-01  9.86860001e-05 
 1.60000000e-01  1.11104000e-04 
 1.80000000e-01  1.23098000e-04 
 2.00000000e-01  1.34666667e-04 
 2.20000000e-01  1.45808667e-04 
 2.40000000e-01  1.56522667e-04 
 2.60000000e-01  1.66807334e-04 
 2.80000000e-01  1.76661334e-04 
 3.00000000e-01  1.86083334e-04 
 3.20000000e-01  1.95072000e-04 
 3.40000000e-01  2.03626000e-04 
 3.60000000e-01  2.11744000e-04 
 3.80000000e-01  2.19643556e-04 
 4.00000000e-01  2.26886223e-04 
 4.20000000e-01  2.33688889e-04 
 4.40000000e-01  2.40050223e-04 
 4.60000000e-01  2.45968889e-04 
 4.80000000e-01  2.51443556e-04 
 5.00000000e-01  2.56472889e-04 
 5.20000000e-01  2.61055556e-04 
 5.40000000e-01  2.65190223e-04 
 5.60000000e-01  2.68875556e-04 
 5.80000000e-01  2.72110223e-04 
 6.00000000e-01  2.74892889e-04 
 6.20000000e-01  2.77222223e-04 
 6.40000000e-01  2.79096890e-04 
 6.60000000e-01  2.80515556e-04 
 6.80000000e-01  2.81476890e-04 
 7.00000000e-01  2.81979556e-04 
 7.20000000e-01  2.82022223e-04 
 7.40000000e-01  2.82294445e-04 
 7.60000000e-01  2.82566667e-04 
 7.80000000e-01  2.82838890e-04 
 8.00000000e-01  2.83111112e-04 
 8.20000000e-01  2.83383334e-04 
 8.40000000e-01  2.83655556e-04 
 8.60000000e-01  2.83927779e-04 
 8.80000000e-01  2.84200001e-04 
 9.00000000e-01  2.84472223e-04 
 9.20000000e-01  2.84744445e-04 
 9.40000000e-01  2.85016668e-04 
 9.60000000e-01  2.85288890e-04 
 9.80000000e-01  2.85561112e-04 
 1.00000000e+00  2.85833334e-04 
 1.02000000e+00  2.86105557e-04 
 1.04000000e+00  2.86377779e-04 
 1.06000000e+00  2.86650001e-04 
 1.08000000e+00  2.86922223e-04 
 1.10000000e+00  2.87194446e-04 
 1.12000000e+00  2.87466668e-04 
 1.14000000e+00  2.87738890e-04 
 1.16000000e+00  2.88011112e-04 
 1.18000000e+00  2.88283335e-04 
 1.20000000e+00  2.88555557e-04 
 1.22000000e+00  2.88827779e-04 
 1.24000000e+00  2.89100001e-04 
 1.26000000e+00  2.89372223e-04 
 1.28000000e+00  2.89644446e-04 
 1.30000000e+00  2.89916668e-04 
 1.32000000e+00  2.90188890e-04 
 1.34000000e+00  2.90461112e-04 
 1.36000000e+00  2.90733335e-04 
 1.38000000e+00  2.91005557e-04 
 1.40000000e+00  2.91277779e-04 
 1.42000000e+00  2.91550001e-04 
 1.44000000e+00  2.91822224e-04 
 1.46000000e+00  2.92094446e-04 
 1.48000000e+00  2.92366668e-04 
 1.50000000e+00  2.92638890e-04 
 1.52000000e+00  2.92911113e-04 
 1.54000000e+00  2.93183335e-04 
 1.56000000e+00  2.93455557e-04 
 1.58000000e+00  2.93727779e-04 
 1.60000000e+00  2.94000002e-04 
 1.62000000e+00  2.94272224e-04 
 1.64000000e+00  2.94544446e-04 
 1.66000000e+00  2.94816668e-04 
 1.68000000e+00  2.95088891e-04 
 1.70000000e+00  2.95361113e-04 
 1.72000000e+00  2.95633335e-04 
 1.74000000e+00  2.95905557e-04 
 1.76000000e+00  2.96177780e-04 
 1.78000000e+00  2.96450002e-04 
 1.80000000e+00  2.96722224e-04 
