 0.00000000e+00 -0.00000000e+00 
 2.00000000e-02  2.00200003e-06 
 4.00000000e-02  3.56266671e-06 
 6.00000000e-02  4.68066674e-06 
 8.00000000e-02  5.35466676e-06 
 1.00000000e-01  5.58333344e-06 
 1.20000000e-01  5.58888902e-06 
 1.40000000e-01  5.59444459e-06 
 1.60000000e-01  5.60000017e-06 
 1.80000000e-01  5.60555575e-06 
 2.00000000e-01  5.61111132e-06 
 2.20000000e-01  5.61666690e-06 
 2.40000000e-01  5.62222247e-06 
 2.60000000e-01  5.62777805e-06 
 2.80000000e-01  5.63333362e-06 
 3.00000000e-01  5.63888920e-06 
 3.20000000e-01  5.64444477e-06 
 3.40000000e-01  5.65000035e-06 
 3.60000000e-01  5.65555593e-06 
 3.80000000e-01  5.66111150e-06 
 4.00000000e-01  5.66666708e-06 
 4.20000000e-01  5.67222265e-06 
 4.40000000e-01  5.67777823e-06 
 4.60000000e-01  5.68333380e-06 
 4.80000000e-01  5.68888938e-06 
 5.00000000e-01  5.69444495e-06 
 5.20000000e-01  5.70000053e-06 
 5.40000000e-01  5.70555611e-06 
 5.60000000e-01  5.71111168e-06 
 5.80000000e-01  5.71666726e-06 
 6.00000000e-01  5.72222283e-06 
 6.20000000e-01  5.72777841e-06 
 6.40000000e-01  5.73333398e-06 
 6.60000000e-01  5.73888956e-06 
 6.80000000e-01  5.74444513e-06 
 7.00000000e-01  5.75000071e-06 
 7.20000000e-01  5.75555629e-06 
 7.40000000e-01  5.76111186e-06 
 7.60000000e-01  5.76666744e-06 
 7.80000000e-01  5.77222301e-06 
 8.00000000e-01  5.77777859e-06 
 8.20000000e-01  5.78333416e-06 
 8.40000000e-01  5.78888974e-06 
 8.60000000e-01  5.79444531e-06 
 8.80000000e-01  5.80000089e-06 
 9.00000000e-01  5.80555647e-06 
 9.20000000e-01  5.81111204e-06 
 9.40000000e-01  5.81666762e-06 
 9.60000000e-01  5.82222319e-06 
 9.80000000e-01  5.82777877e-06 
 1.00000000e+00  5.83333434e-06 
 1.02000000e+00  5.83888992e-06 
 1.04000000e+00  5.84444549e-06 
 1.06000000e+00  5.85000107e-06 
 1.08000000e+00  5.85555665e-06 
 1.10000000e+00  5.86111222e-06 
 1.12000000e+00  5.86666780e-06 
 1.14000000e+00  5.87222337e-06 
 1.16000000e+00  5.87777895e-06 
 1.18000000e+00  5.88333452e-06 
 1.20000000e+00  5.88889010e-06 
 1.22000000e+00  5.89444567e-06 
 1.24000000e+00  5.90000125e-06 
 1.26000000e+00  5.90555683e-06 
 1.28000000e+00  5.91111240e-06 
 1.30000000e+00  5.91666798e-06 
 1.32000000e+00  5.92222355e-06 
 1.34000000e+00  5.92777913e-06 
 1.36000000e+00  5.93333470e-06 
 1.38000000e+00  5.93889028e-06 
 1.40000000e+00  5.94444585e-06 
 1.42000000e+00  5.95000143e-06 
 1.44000000e+00  5.95555701e-06 
 1.46000000e+00  5.96111258e-06 
 1.48000000e+00  5.96666816e-06 
 1.50000000e+00  5.97222373e-06 
 1.52000000e+00  5.97777931e-06 
 1.54000000e+00  5.98333488e-06 
 1.56000000e+00  5.98889046e-06 
 1.58000000e+00  5.99444603e-06 
 1.60000000e+00  6.00000161e-06 
 1.62000000e+00  6.00555719e-06 
 1.64000000e+00  6.01111276e-06 
 1.66000000e+00  6.01666834e-06 
 1.68000000e+00  6.02222391e-06 
 1.70000000e+00  6.02777949e-06 
 1.72000000e+00  6.03333506e-06 
 1.74000000e+00  6.03889064e-06 
 1.76000000e+00  6.04444621e-06 
 1.78000000e+00  6.05000179e-06 
 1.80000000e+00  6.05555737e-06 
