 1.80000000e+00  0.00000000e+00 
 1.78000000e+00  2.20220000e-05 
 1.76000000e+00  4.36426667e-05 
 1.74000000e+00  6.48606667e-05 
 1.72000000e+00  8.56746668e-05 
 1.70000000e+00  1.06083333e-04 
 1.68000000e+00  1.26085333e-04 
 1.66000000e+00  1.45679333e-04 
 1.64000000e+00  1.64864000e-04 
 1.62000000e+00  1.83638000e-04 
 1.60000000e+00  2.02000000e-04 
 1.58000000e+00  2.20155556e-04 
 1.56000000e+00  2.37690222e-04 
 1.54000000e+00  2.54808889e-04 
 1.52000000e+00  2.71510223e-04 
 1.50000000e+00  2.87792889e-04 
 1.48000000e+00  3.03655556e-04 
 1.46000000e+00  3.19096889e-04 
 1.44000000e+00  3.34115556e-04 
 1.42000000e+00  3.48710223e-04 
 1.40000000e+00  3.62879556e-04 
 1.38000000e+00  3.76622223e-04 
 1.36000000e+00  3.89936889e-04 
 1.34000000e+00  4.02822223e-04 
 1.32000000e+00  4.15276889e-04 
 1.30000000e+00  4.27299556e-04 
 1.28000000e+00  4.38888889e-04 
 1.26000000e+00  4.50043556e-04 
 1.24000000e+00  4.60762223e-04 
 1.22000000e+00  4.71043556e-04 
 1.20000000e+00  4.80886223e-04 
 1.18000000e+00  4.90288890e-04 
 1.16000000e+00  4.99250223e-04 
 1.14000000e+00  5.07768890e-04 
 1.12000000e+00  5.15843556e-04 
 1.10000000e+00  5.23472890e-04 
 1.08000000e+00  5.30655556e-04 
 1.06000000e+00  5.37390223e-04 
 1.04000000e+00  5.43675556e-04 
 1.02000000e+00  5.49510223e-04 
 1.00000000e+00  5.54892890e-04 
 9.80000000e-01  5.59822223e-04 
 9.60000000e-01  5.64296890e-04 
 9.40000000e-01  5.68315556e-04 
 9.20000000e-01  5.71876890e-04 
 9.00000000e-01  5.74979556e-04 
 8.80000000e-01  5.77622223e-04 
 8.60000000e-01  5.79803557e-04 
 8.40000000e-01  5.81522223e-04 
 8.20000000e-01  5.82776890e-04 
 8.00000000e-01  5.83566223e-04 
 7.80000000e-01  5.83888890e-04 
 7.60000000e-01  5.84444445e-04 
 7.40000000e-01  5.85000001e-04 
 7.20000000e-01  5.85555557e-04 
 7.00000000e-01  5.86111112e-04 
 6.80000000e-01  5.86666668e-04 
 6.60000000e-01  5.87222223e-04 
 6.40000000e-01  5.87777779e-04 
 6.20000000e-01  5.88333335e-04 
 6.00000000e-01  5.88888890e-04 
 5.80000000e-01  5.89444446e-04 
 5.60000000e-01  5.90000001e-04 
 5.40000000e-01  5.90555557e-04 
 5.20000000e-01  5.91111112e-04 
 5.00000000e-01  5.91666668e-04 
 4.80000000e-01  5.92222224e-04 
 4.60000000e-01  5.92777779e-04 
 4.40000000e-01  5.93333335e-04 
 4.20000000e-01  5.93888890e-04 
 4.00000000e-01  5.94444446e-04 
 3.80000000e-01  5.95000001e-04 
 3.60000000e-01  5.95555557e-04 
 3.40000000e-01  5.96111113e-04 
 3.20000000e-01  5.96666668e-04 
 3.00000000e-01  5.97222224e-04 
 2.80000000e-01  5.97777779e-04 
 2.60000000e-01  5.98333335e-04 
 2.40000000e-01  5.98888890e-04 
 2.20000000e-01  5.99444446e-04 
 2.00000000e-01  6.00000002e-04 
 1.80000000e-01  6.00555557e-04 
 1.60000000e-01  6.01111113e-04 
 1.40000000e-01  6.01666668e-04 
 1.20000000e-01  6.02222224e-04 
 1.00000000e-01  6.02777779e-04 
 8.00000000e-02  6.03333335e-04 
 6.00000000e-02  6.03888891e-04 
 4.00000000e-02  6.04444446e-04 
 2.00000000e-02  6.05000002e-04 
-1.28369537e-15  6.05555557e-04 
