 1.80000000e+00  0.00000000e+00 
 1.78000000e+00  2.86953334e-05 
 1.76000000e+00  5.70026667e-05 
 1.74000000e+00  8.49206667e-05 
 1.72000000e+00  1.12448000e-04 
 1.70000000e+00  1.39583333e-04 
 1.68000000e+00  1.66325333e-04 
 1.66000000e+00  1.92672667e-04 
 1.64000000e+00  2.18822222e-04 
 1.62000000e+00  2.44376889e-04 
 1.60000000e+00  2.69532889e-04 
 1.58000000e+00  2.94288889e-04 
 1.56000000e+00  3.18643556e-04 
 1.54000000e+00  3.42595556e-04 
 1.52000000e+00  3.66143556e-04 
 1.50000000e+00  3.89286223e-04 
 1.48000000e+00  4.12022223e-04 
 1.46000000e+00  4.34350223e-04 
 1.44000000e+00  4.56268889e-04 
 1.42000000e+00  4.77776889e-04 
 1.40000000e+00  4.98872889e-04 
 1.38000000e+00  5.19555556e-04 
 1.36000000e+00  5.39823556e-04 
 1.34000000e+00  5.59675556e-04 
 1.32000000e+00  5.79110223e-04 
 1.30000000e+00  5.98126223e-04 
 1.28000000e+00  6.16722223e-04 
 1.26000000e+00  6.34896889e-04 
 1.24000000e+00  6.52648889e-04 
 1.22000000e+00  6.69976889e-04 
 1.20000000e+00  6.86879556e-04 
 1.18000000e+00  7.03355556e-04 
 1.16000000e+00  7.19403556e-04 
 1.14000000e+00  7.35022223e-04 
 1.12000000e+00  7.50210223e-04 
 1.10000000e+00  7.64966223e-04 
 1.08000000e+00  7.79288890e-04 
 1.06000000e+00  7.93176890e-04 
 1.04000000e+00  8.06628890e-04 
 1.02000000e+00  8.19643556e-04 
 1.00000000e+00  8.32219556e-04 
 9.80000000e-01  8.44355556e-04 
 9.60000000e-01  8.56050223e-04 
 9.40000000e-01  8.67302223e-04 
 9.20000000e-01  8.78110223e-04 
 9.00000000e-01  8.88472890e-04 
 8.80000000e-01  8.98388890e-04 
 8.60000000e-01  9.07856890e-04 
 8.40000000e-01  9.16875557e-04 
 8.20000000e-01  9.25443557e-04 
 8.00000000e-01  9.33559557e-04 
 7.80000000e-01  9.41222223e-04 
 7.60000000e-01  9.48430223e-04 
 7.40000000e-01  9.55182223e-04 
 7.20000000e-01  9.61476890e-04 
 7.00000000e-01  9.67312890e-04 
 6.80000000e-01  9.72688890e-04 
 6.60000000e-01  9.77603557e-04 
 6.40000000e-01  9.82055557e-04 
 6.20000000e-01  9.86043557e-04 
 6.00000000e-01  9.89566223e-04 
 5.80000000e-01  9.92622223e-04 
 5.60000000e-01  9.95210223e-04 
 5.40000000e-01  9.97328890e-04 
 5.20000000e-01  9.98976890e-04 
 5.00000000e-01  1.00015289e-03 
 4.80000000e-01  1.00085556e-03 
 4.60000000e-01  1.00179445e-03 
 4.40000000e-01  1.00273333e-03 
 4.20000000e-01  1.00367222e-03 
 4.00000000e-01  1.00461111e-03 
 3.80000000e-01  1.00555000e-03 
 3.60000000e-01  1.00648889e-03 
 3.40000000e-01  1.00742778e-03 
 3.20000000e-01  1.00836667e-03 
 3.00000000e-01  1.00930556e-03 
 2.80000000e-01  1.01024445e-03 
 2.60000000e-01  1.01118333e-03 
 2.40000000e-01  1.01212222e-03 
 2.20000000e-01  1.01306111e-03 
 2.00000000e-01  1.01400000e-03 
 1.80000000e-01  1.01493889e-03 
 1.60000000e-01  1.01587778e-03 
 1.40000000e-01  1.01681667e-03 
 1.20000000e-01  1.01775556e-03 
 1.00000000e-01  1.01869445e-03 
 8.00000000e-02  1.01963334e-03 
 6.00000000e-02  1.02057222e-03 
 4.00000000e-02  1.02151111e-03 
 2.00000000e-02  1.02245000e-03 
-1.28369537e-15  1.02338889e-03 
