 0.00000000e+00  1.81000000e-12 
 1.00000000e-02  1.81000000e-12 
 2.00000000e-02  1.81000000e-12 
 3.00000000e-02  1.81000000e-12 
 4.00000000e-02  1.81000000e-12 
 5.00000000e-02  1.81000000e-12 
 6.00000000e-02  1.81000000e-12 
 7.00000000e-02  1.81000000e-12 
 8.00000000e-02  1.81000000e-12 
 9.00000000e-02  1.81000000e-12 
 1.00000000e-01  1.81000000e-12 
 1.10000000e-01  1.81000000e-12 
 1.20000000e-01  1.81000000e-12 
 1.30000000e-01  1.81000000e-12 
 1.40000000e-01  1.81000000e-12 
 1.50000000e-01  1.81000000e-12 
 1.60000000e-01  1.81000000e-12 
 1.70000000e-01  1.81000000e-12 
 1.80000000e-01  1.81000000e-12 
 1.90000000e-01  1.81000000e-12 
 2.00000000e-01  1.81000000e-12 
 2.10000000e-01  1.81000000e-12 
 2.20000000e-01  1.81000000e-12 
 2.30000000e-01  1.81000000e-12 
 2.40000000e-01  1.81000000e-12 
 2.50000000e-01  1.81000000e-12 
 2.60000000e-01  1.81000000e-12 
 2.70000000e-01  1.81000000e-12 
 2.80000000e-01  1.81000000e-12 
 2.90000000e-01  1.81000000e-12 
 3.00000000e-01  1.81000000e-12 
 3.10000000e-01  1.81000000e-12 
 3.20000000e-01  1.81000000e-12 
 3.30000000e-01  1.81000000e-12 
 3.40000000e-01  1.81000000e-12 
 3.50000000e-01  1.81000000e-12 
 3.60000000e-01  1.81000000e-12 
 3.70000000e-01  1.81000000e-12 
 3.80000000e-01  1.81000000e-12 
 3.90000000e-01  1.81000000e-12 
 4.00000000e-01  1.81000000e-12 
 4.10000000e-01  1.81000000e-12 
 4.20000000e-01  1.81000000e-12 
 4.30000000e-01  1.81000000e-12 
 4.40000000e-01  1.81000000e-12 
 4.50000000e-01  1.81000000e-12 
 4.60000000e-01  1.81000000e-12 
 4.70000000e-01  1.81000000e-12 
 4.80000000e-01  1.81000000e-12 
 4.90000000e-01  1.81000000e-12 
 5.00000000e-01  1.81000000e-12 
 5.10000000e-01  1.81000000e-12 
 5.20000000e-01  3.24206816e-08 
 5.30000000e-01  1.76472990e-07 
 5.40000000e-01  4.35756325e-07 
 5.50000000e-01  8.10270685e-07 
 5.60000000e-01  1.30001607e-06 
 5.70000000e-01  1.90499248e-06 
 5.80000000e-01  2.62519992e-06 
 5.90000000e-01  3.46063838e-06 
 6.00000000e-01  4.41130787e-06 
 6.10000000e-01  5.47720839e-06 
 6.20000000e-01  6.65833993e-06 
 6.30000000e-01  7.95470249e-06 
 6.40000000e-01  9.36629609e-06 
 6.50000000e-01  1.08931207e-05 
 6.60000000e-01  1.25351763e-05 
 6.70000000e-01  1.42924630e-05 
 6.80000000e-01  1.61649807e-05 
 6.90000000e-01  1.81527294e-05 
 7.00000000e-01  2.02557092e-05 
 7.10000000e-01  2.24739200e-05 
 7.20000000e-01  2.48073618e-05 
 7.30000000e-01  2.72560346e-05 
 7.40000000e-01  2.98199384e-05 
 7.50000000e-01  3.24990733e-05 
 7.60000000e-01  3.52934392e-05 
 7.70000000e-01  3.82030361e-05 
 7.80000000e-01  4.12278641e-05 
 7.90000000e-01  4.43679231e-05 
 8.00000000e-01  4.76232131e-05 
 8.10000000e-01  5.09937341e-05 
 8.20000000e-01  5.44794862e-05 
 8.30000000e-01  5.80228537e-05 
 8.40000000e-01  6.17390678e-05 
 8.50000000e-01  6.55705130e-05 
 8.60000000e-01  6.95171891e-05 
 8.70000000e-01  7.35790963e-05 
 8.80000000e-01  7.77562345e-05 
 8.90000000e-01  8.20486038e-05 
 9.00000000e-01  8.64562040e-05 
 9.10000000e-01  9.09790353e-05 
 9.20000000e-01  9.56170976e-05 
 9.30000000e-01  1.00370391e-04 
 9.40000000e-01  1.05238915e-04 
 9.50000000e-01  1.10222671e-04 
 9.60000000e-01  1.15321657e-04 
 9.70000000e-01  1.20535875e-04 
 9.80000000e-01  1.25865323e-04 
 9.90000000e-01  1.31310003e-04 
 1.00000000e+00  1.36869913e-04 
 1.01000000e+00  1.42545055e-04 
 1.02000000e+00  1.48335427e-04 
 1.03000000e+00  1.54241031e-04 
 1.04000000e+00  1.60261865e-04 
 1.05000000e+00  1.66397931e-04 
 1.06000000e+00  1.72649228e-04 
 1.07000000e+00  1.79015755e-04 
 1.08000000e+00  1.85497514e-04 
 1.09000000e+00  1.92094504e-04 
 1.10000000e+00  1.98806725e-04 
 1.11000000e+00  2.05634176e-04 
 1.12000000e+00  2.12576859e-04 
 1.13000000e+00  2.19634773e-04 
 1.14000000e+00  2.26807918e-04 
 1.15000000e+00  2.34096294e-04 
 1.16000000e+00  2.41499901e-04 
 1.17000000e+00  2.49018739e-04 
 1.18000000e+00  2.56652808e-04 
 1.19000000e+00  2.64402108e-04 
 1.20000000e+00  2.72266639e-04 
 1.21000000e+00  2.80246401e-04 
 1.22000000e+00  2.88341394e-04 
 1.23000000e+00  2.96551618e-04 
 1.24000000e+00  3.04877073e-04 
 1.25000000e+00  3.13317759e-04 
 1.26000000e+00  3.21873677e-04 
 1.27000000e+00  3.30544825e-04 
 1.28000000e+00  3.39331204e-04 
 1.29000000e+00  3.48232814e-04 
 1.30000000e+00  3.57249656e-04 
 1.31000000e+00  3.66381728e-04 
 1.32000000e+00  3.75629031e-04 
 1.33000000e+00  3.84991566e-04 
 1.34000000e+00  3.94469331e-04 
 1.35000000e+00  4.04062327e-04 
 1.36000000e+00  4.13770555e-04 
 1.37000000e+00  4.23594013e-04 
 1.38000000e+00  4.33532703e-04 
 1.39000000e+00  4.43586623e-04 
 1.40000000e+00  4.53755775e-04 
 1.41000000e+00  4.64040158e-04 
 1.42000000e+00  4.74439771e-04 
 1.43000000e+00  4.84954616e-04 
 1.44000000e+00  4.95584691e-04 
 1.45000000e+00  5.06329998e-04 
 1.46000000e+00  5.17190536e-04 
 1.47000000e+00  5.28166305e-04 
 1.48000000e+00  5.39257304e-04 
 1.49000000e+00  5.50463535e-04 
 1.50000000e+00  5.61784997e-04 
 1.51000000e+00  5.73221690e-04 
 1.52000000e+00  5.84773614e-04 
 1.53000000e+00  5.96440768e-04 
 1.54000000e+00  6.08223154e-04 
 1.55000000e+00  6.20120771e-04 
 1.56000000e+00  6.32133619e-04 
 1.57000000e+00  6.44261698e-04 
 1.58000000e+00  6.56505008e-04 
 1.59000000e+00  6.68863549e-04 
 1.60000000e+00  6.81337321e-04 
 1.61000000e+00  6.93926324e-04 
 1.62000000e+00  7.06630559e-04 
 1.63000000e+00  7.19450024e-04 
 1.64000000e+00  7.32384720e-04 
 1.65000000e+00  7.45434647e-04 
 1.66000000e+00  7.58599805e-04 
 1.67000000e+00  7.71880195e-04 
 1.68000000e+00  7.85275815e-04 
 1.69000000e+00  7.98786666e-04 
 1.70000000e+00  8.12412748e-04 
 1.71000000e+00  8.26154062e-04 
 1.72000000e+00  8.40010606e-04 
 1.73000000e+00  8.53982382e-04 
 1.74000000e+00  8.68069388e-04 
 1.75000000e+00  8.82271625e-04 
 1.76000000e+00  8.96589094e-04 
 1.77000000e+00  9.11021793e-04 
 1.78000000e+00  9.25569724e-04 
 1.79000000e+00  9.40232886e-04 
 1.80000000e+00  9.55011278e-04 
