 0.00000000e+00  1.81000000e-12 
 1.00000000e-02  1.81000000e-12 
 2.00000000e-02  1.81000000e-12 
 3.00000000e-02  1.81000000e-12 
 4.00000000e-02  1.81000000e-12 
 5.00000000e-02  1.81000000e-12 
 6.00000000e-02  1.81000000e-12 
 7.00000000e-02  1.81000000e-12 
 8.00000000e-02  1.81000000e-12 
 9.00000000e-02  1.81000000e-12 
 1.00000000e-01  1.81000000e-12 
 1.10000000e-01  1.81000000e-12 
 1.20000000e-01  1.81000000e-12 
 1.30000000e-01  1.81000000e-12 
 1.40000000e-01  1.81000000e-12 
 1.50000000e-01  1.81000000e-12 
 1.60000000e-01  1.81000000e-12 
 1.70000000e-01  1.81000000e-12 
 1.80000000e-01  1.81000000e-12 
 1.90000000e-01  1.81000000e-12 
 2.00000000e-01  1.81000000e-12 
 2.10000000e-01  1.81000000e-12 
 2.20000000e-01  1.81000000e-12 
 2.30000000e-01  1.81000000e-12 
 2.40000000e-01  1.81000000e-12 
 2.50000000e-01  1.81000000e-12 
 2.60000000e-01  1.81000000e-12 
 2.70000000e-01  1.81000000e-12 
 2.80000000e-01  1.81000000e-12 
 2.90000000e-01  1.81000000e-12 
 3.00000000e-01  1.81000000e-12 
 3.10000000e-01  1.81000000e-12 
 3.20000000e-01  1.81000000e-12 
 3.30000000e-01  1.81000000e-12 
 3.40000000e-01  1.81000000e-12 
 3.50000000e-01  1.81000000e-12 
 3.60000000e-01  1.81000000e-12 
 3.70000000e-01  1.81000000e-12 
 3.80000000e-01  1.81000000e-12 
 3.90000000e-01  1.81000000e-12 
 4.00000000e-01  1.81000000e-12 
 4.10000000e-01  1.81000000e-12 
 4.20000000e-01  1.81000000e-12 
 4.30000000e-01  1.81000000e-12 
 4.40000000e-01  1.81000000e-12 
 4.50000000e-01  1.81000000e-12 
 4.60000000e-01  1.81000000e-12 
 4.70000000e-01  1.81000000e-12 
 4.80000000e-01  1.81000000e-12 
 4.90000000e-01  1.81000000e-12 
 5.00000000e-01  1.81000000e-12 
 5.10000000e-01  7.55393218e-09 
 5.20000000e-01  1.10201100e-07 
 5.30000000e-01  3.32956915e-07 
 5.40000000e-01  6.75821378e-07 
 5.50000000e-01  1.13879449e-06 
 5.60000000e-01  1.72187625e-06 
 5.70000000e-01  2.42506665e-06 
 5.80000000e-01  3.24836570e-06 
 5.90000000e-01  4.19177340e-06 
 6.00000000e-01  5.25528975e-06 
 6.10000000e-01  6.43891475e-06 
 6.20000000e-01  7.74264839e-06 
 6.30000000e-01  9.16649068e-06 
 6.40000000e-01  1.07104416e-05 
 6.50000000e-01  1.23745012e-05 
 6.60000000e-01  1.41586694e-05 
 6.70000000e-01  1.60629463e-05 
 6.80000000e-01  1.80873318e-05 
 6.90000000e-01  2.02318260e-05 
 7.00000000e-01  2.24964288e-05 
 7.10000000e-01  2.48811403e-05 
 7.20000000e-01  2.73859604e-05 
 7.30000000e-01  3.00108892e-05 
 7.40000000e-01  3.27559266e-05 
 7.50000000e-01  3.56210727e-05 
 7.60000000e-01  3.86063274e-05 
 7.70000000e-01  4.17116907e-05 
 7.80000000e-01  4.49371627e-05 
 7.90000000e-01  4.82827434e-05 
 8.00000000e-01  5.17484327e-05 
 8.10000000e-01  5.53342306e-05 
 8.20000000e-01  5.90401372e-05 
 8.30000000e-01  6.28060981e-05 
 8.40000000e-01  6.67522220e-05 
 8.50000000e-01  7.08184546e-05 
 8.60000000e-01  7.50047957e-05 
 8.70000000e-01  7.93112456e-05 
 8.80000000e-01  8.37378041e-05 
 8.90000000e-01  8.82844712e-05 
 9.00000000e-01  9.29512470e-05 
 9.10000000e-01  9.77381314e-05 
 9.20000000e-01  1.02645124e-04 
 9.30000000e-01  1.07672226e-04 
 9.40000000e-01  1.12819437e-04 
 9.50000000e-01  1.18086756e-04 
 9.60000000e-01  1.23474183e-04 
 9.70000000e-01  1.28981719e-04 
 9.80000000e-01  1.34609364e-04 
 9.90000000e-01  1.40357118e-04 
 1.00000000e+00  1.46224980e-04 
 1.01000000e+00  1.52212951e-04 
 1.02000000e+00  1.58321031e-04 
 1.03000000e+00  1.64549219e-04 
 1.04000000e+00  1.70897516e-04 
 1.05000000e+00  1.77365921e-04 
 1.06000000e+00  1.83954435e-04 
 1.07000000e+00  1.90663058e-04 
 1.08000000e+00  1.97491790e-04 
 1.09000000e+00  2.04440630e-04 
 1.10000000e+00  2.11509578e-04 
 1.11000000e+00  2.18698636e-04 
 1.12000000e+00  2.26007802e-04 
 1.13000000e+00  2.33437076e-04 
 1.14000000e+00  2.40986460e-04 
 1.15000000e+00  2.48655952e-04 
 1.16000000e+00  2.56445552e-04 
 1.17000000e+00  2.64355262e-04 
 1.18000000e+00  2.72385079e-04 
 1.19000000e+00  2.80535006e-04 
 1.20000000e+00  2.88805041e-04 
 1.21000000e+00  2.97195185e-04 
 1.22000000e+00  3.05705438e-04 
 1.23000000e+00  3.14335799e-04 
 1.24000000e+00  3.23086269e-04 
 1.25000000e+00  3.31956847e-04 
 1.26000000e+00  3.40947534e-04 
 1.27000000e+00  3.50058330e-04 
 1.28000000e+00  3.59289234e-04 
 1.29000000e+00  3.68640247e-04 
 1.30000000e+00  3.78111369e-04 
 1.31000000e+00  3.87702599e-04 
 1.32000000e+00  3.97413938e-04 
 1.33000000e+00  4.07245386e-04 
 1.34000000e+00  4.17196942e-04 
 1.35000000e+00  4.27268607e-04 
 1.36000000e+00  4.37460380e-04 
 1.37000000e+00  4.47772263e-04 
 1.38000000e+00  4.58204254e-04 
 1.39000000e+00  4.68756353e-04 
 1.40000000e+00  4.79428561e-04 
 1.41000000e+00  4.90220878e-04 
 1.42000000e+00  5.01133303e-04 
 1.43000000e+00  5.12165838e-04 
 1.44000000e+00  5.23318480e-04 
 1.45000000e+00  5.34591232e-04 
 1.46000000e+00  5.45984092e-04 
 1.47000000e+00  5.57497060e-04 
 1.48000000e+00  5.69130138e-04 
 1.49000000e+00  5.80883324e-04 
 1.50000000e+00  5.92756618e-04 
 1.51000000e+00  6.04750022e-04 
 1.52000000e+00  6.16863533e-04 
 1.53000000e+00  6.29097154e-04 
 1.54000000e+00  6.41450883e-04 
 1.55000000e+00  6.53924721e-04 
 1.56000000e+00  6.66518668e-04 
 1.57000000e+00  6.79232723e-04 
 1.58000000e+00  6.92066887e-04 
 1.59000000e+00  7.05021159e-04 
 1.60000000e+00  7.18095540e-04 
 1.61000000e+00  7.31290030e-04 
 1.62000000e+00  7.44604628e-04 
 1.63000000e+00  7.58039335e-04 
 1.64000000e+00  7.71594151e-04 
 1.65000000e+00  7.85269075e-04 
 1.66000000e+00  7.99064108e-04 
 1.67000000e+00  8.12979250e-04 
 1.68000000e+00  8.27014500e-04 
 1.69000000e+00  8.41169859e-04 
 1.70000000e+00  8.55445327e-04 
 1.71000000e+00  8.69840903e-04 
 1.72000000e+00  8.84356588e-04 
 1.73000000e+00  8.98992381e-04 
 1.74000000e+00  9.13748284e-04 
 1.75000000e+00  9.28624294e-04 
 1.76000000e+00  9.43620414e-04 
 1.77000000e+00  9.58736642e-04 
 1.78000000e+00  9.73972979e-04 
 1.79000000e+00  9.89329424e-04 
 1.80000000e+00  1.00480598e-03 
