 1.80000000e+00  1.81000000e-12 
 1.79000000e+00  1.81000000e-12 
 1.78000000e+00  1.81000000e-12 
 1.77000000e+00  1.81000000e-12 
 1.76000000e+00  1.81000000e-12 
 1.75000000e+00  1.81000000e-12 
 1.74000000e+00  1.81000000e-12 
 1.73000000e+00  1.81000000e-12 
 1.72000000e+00  1.81000000e-12 
 1.71000000e+00  1.81000000e-12 
 1.70000000e+00  1.81000000e-12 
 1.69000000e+00  1.81000000e-12 
 1.68000000e+00  1.81000000e-12 
 1.67000000e+00  1.81000000e-12 
 1.66000000e+00  1.81000000e-12 
 1.65000000e+00  1.81000000e-12 
 1.64000000e+00  1.81000000e-12 
 1.63000000e+00  1.81000000e-12 
 1.62000000e+00  1.81000000e-12 
 1.61000000e+00  1.81000000e-12 
 1.60000000e+00  1.81000000e-12 
 1.59000000e+00  1.81000000e-12 
 1.58000000e+00  1.81000000e-12 
 1.57000000e+00  1.81000000e-12 
 1.56000000e+00  1.81000000e-12 
 1.55000000e+00  1.81000000e-12 
 1.54000000e+00  1.81000000e-12 
 1.53000000e+00  1.81000000e-12 
 1.52000000e+00  1.81000000e-12 
 1.51000000e+00  1.81000000e-12 
 1.50000000e+00  1.81000000e-12 
 1.49000000e+00  1.81000000e-12 
 1.48000000e+00  1.81000000e-12 
 1.47000000e+00  1.81000000e-12 
 1.46000000e+00  1.81000000e-12 
 1.45000000e+00  1.81000000e-12 
 1.44000000e+00  1.81000000e-12 
 1.43000000e+00  1.81000000e-12 
 1.42000000e+00  1.81000000e-12 
 1.41000000e+00  1.81000000e-12 
 1.40000000e+00  1.81000000e-12 
 1.39000000e+00  1.81000000e-12 
 1.38000000e+00  1.81000000e-12 
 1.37000000e+00  1.81000000e-12 
 1.36000000e+00  1.81000000e-12 
 1.35000000e+00  1.81000000e-12 
 1.34000000e+00  1.81000000e-12 
 1.33000000e+00  1.81000000e-12 
 1.32000000e+00  1.81000000e-12 
 1.31000000e+00  1.81000000e-12 
 1.30000000e+00  1.81000000e-12 
 1.29000000e+00  1.81000000e-12 
 1.28000000e+00  1.81000000e-12 
 1.27000000e+00  4.19139360e-08 
 1.26000000e+00  2.02109282e-07 
 1.25000000e+00  4.82197030e-07 
 1.24000000e+00  8.82177181e-07 
 1.23000000e+00  1.40204973e-06 
 1.22000000e+00  2.04181469e-06 
 1.21000000e+00  2.80147205e-06 
 1.20000000e+00  3.68102181e-06 
 1.19000000e+00  4.68046397e-06 
 1.18000000e+00  5.79979854e-06 
 1.17000000e+00  7.03902551e-06 
 1.16000000e+00  8.39814488e-06 
 1.15000000e+00  9.87715665e-06 
 1.14000000e+00  1.14760608e-05 
 1.13000000e+00  1.31948574e-05 
 1.12000000e+00  1.50335464e-05 
 1.11000000e+00  1.69921278e-05 
 1.10000000e+00  1.90706016e-05 
 1.09000000e+00  2.12689677e-05 
 1.08000000e+00  2.35872263e-05 
 1.07000000e+00  2.60253773e-05 
 1.06000000e+00  2.85834207e-05 
 1.05000000e+00  3.12613565e-05 
 1.04000000e+00  3.40591847e-05 
 1.03000000e+00  3.69769053e-05 
 1.02000000e+00  4.00145183e-05 
 1.01000000e+00  4.31720237e-05 
 1.00000000e+00  4.64494216e-05 
 9.90000000e-01  4.98467118e-05 
 9.80000000e-01  5.33638944e-05 
 9.70000000e-01  5.70009694e-05 
 9.60000000e-01  6.06979906e-05 
 9.50000000e-01  6.45748504e-05 
 9.40000000e-01  6.85716027e-05 
 9.30000000e-01  7.26882473e-05 
 9.20000000e-01  7.69247843e-05 
 9.10000000e-01  8.12812138e-05 
 9.00000000e-01  8.57575356e-05 
 8.90000000e-01  9.03537498e-05 
 8.80000000e-01  9.50698565e-05 
 8.70000000e-01  9.99058555e-05 
 8.60000000e-01  1.04861747e-04 
 8.50000000e-01  1.09937531e-04 
 8.40000000e-01  1.15133207e-04 
 8.30000000e-01  1.20448776e-04 
 8.20000000e-01  1.25884237e-04 
 8.10000000e-01  1.31439590e-04 
 8.00000000e-01  1.37114836e-04 
 7.90000000e-01  1.42909974e-04 
 7.80000000e-01  1.48825005e-04 
 7.70000000e-01  1.54859928e-04 
 7.60000000e-01  1.61014744e-04 
 7.50000000e-01  1.67289451e-04 
 7.40000000e-01  1.73684052e-04 
 7.30000000e-01  1.80198544e-04 
 7.20000000e-01  1.86832929e-04 
 7.10000000e-01  1.93587207e-04 
 7.00000000e-01  2.00461377e-04 
 6.90000000e-01  2.07455439e-04 
 6.80000000e-01  2.14569394e-04 
 6.70000000e-01  2.21803241e-04 
 6.60000000e-01  2.29156980e-04 
 6.50000000e-01  2.36630612e-04 
 6.40000000e-01  2.44224137e-04 
 6.30000000e-01  2.51937553e-04 
 6.20000000e-01  2.59770862e-04 
 6.10000000e-01  2.67724064e-04 
 6.00000000e-01  2.75797158e-04 
 5.90000000e-01  2.83990144e-04 
 5.80000000e-01  2.92303023e-04 
 5.70000000e-01  3.00735794e-04 
 5.60000000e-01  3.09288458e-04 
 5.50000000e-01  3.17961013e-04 
 5.40000000e-01  3.26753462e-04 
 5.30000000e-01  3.35665803e-04 
 5.20000000e-01  3.44698036e-04 
 5.10000000e-01  3.53850161e-04 
 5.00000000e-01  3.63122179e-04 
 4.90000000e-01  3.72514089e-04 
 4.80000000e-01  3.82025892e-04 
 4.70000000e-01  3.91657587e-04 
 4.60000000e-01  4.01409175e-04 
 4.50000000e-01  4.11280655e-04 
 4.40000000e-01  4.21272027e-04 
 4.30000000e-01  4.31383292e-04 
 4.20000000e-01  4.41614449e-04 
 4.10000000e-01  4.51965499e-04 
 4.00000000e-01  4.62436441e-04 
 3.90000000e-01  4.73027275e-04 
 3.80000000e-01  4.83738002e-04 
 3.70000000e-01  4.94568621e-04 
 3.60000000e-01  5.05519133e-04 
 3.50000000e-01  5.16589536e-04 
 3.40000000e-01  5.27779833e-04 
 3.30000000e-01  5.39090022e-04 
 3.20000000e-01  5.50520103e-04 
 3.10000000e-01  5.62070076e-04 
 3.00000000e-01  5.73739942e-04 
 2.90000000e-01  5.85529701e-04 
 2.80000000e-01  5.97439352e-04 
 2.70000000e-01  6.09468895e-04 
 2.60000000e-01  6.21618330e-04 
 2.50000000e-01  6.33887658e-04 
 2.40000000e-01  6.46276879e-04 
 2.30000000e-01  6.58785992e-04 
 2.20000000e-01  6.71414997e-04 
 2.10000000e-01  6.84163894e-04 
 2.00000000e-01  6.97032684e-04 
 1.90000000e-01  7.10021367e-04 
 1.80000000e-01  7.23129942e-04 
 1.70000000e-01  7.36358409e-04 
 1.60000000e-01  7.49706768e-04 
 1.50000000e-01  7.63175021e-04 
 1.40000000e-01  7.76763165e-04 
 1.30000000e-01  7.90471202e-04 
 1.20000000e-01  8.04299131e-04 
 1.10000000e-01  8.18246953e-04 
 1.00000000e-01  8.32314667e-04 
 9.00000000e-02  8.46502273e-04 
 8.00000000e-02  8.60809772e-04 
 7.00000000e-02  8.75237163e-04 
 6.00000000e-02  8.89784447e-04 
 5.00000000e-02  9.04451623e-04 
 4.00000000e-02  9.19238691e-04 
 3.00000000e-02  9.34145652e-04 
 2.00000000e-02  9.49172505e-04 
 1.00000000e-02  9.64319251e-04 
-1.41900380e-15  9.79585889e-04 
