 1.80000000e+00  1.81000000e-12 
 1.79000000e+00  1.81000000e-12 
 1.78000000e+00  1.81000000e-12 
 1.77000000e+00  1.81000000e-12 
 1.76000000e+00  1.81000000e-12 
 1.75000000e+00  1.81000000e-12 
 1.74000000e+00  1.81000000e-12 
 1.73000000e+00  1.81000000e-12 
 1.72000000e+00  1.81000000e-12 
 1.71000000e+00  1.81000000e-12 
 1.70000000e+00  1.81000000e-12 
 1.69000000e+00  1.81000000e-12 
 1.68000000e+00  1.81000000e-12 
 1.67000000e+00  1.81000000e-12 
 1.66000000e+00  1.81000000e-12 
 1.65000000e+00  1.81000000e-12 
 1.64000000e+00  1.81000000e-12 
 1.63000000e+00  1.81000000e-12 
 1.62000000e+00  1.81000000e-12 
 1.61000000e+00  1.81000000e-12 
 1.60000000e+00  1.81000000e-12 
 1.59000000e+00  1.81000000e-12 
 1.58000000e+00  1.81000000e-12 
 1.57000000e+00  1.81000000e-12 
 1.56000000e+00  1.81000000e-12 
 1.55000000e+00  1.81000000e-12 
 1.54000000e+00  1.81000000e-12 
 1.53000000e+00  1.81000000e-12 
 1.52000000e+00  1.81000000e-12 
 1.51000000e+00  1.81000000e-12 
 1.50000000e+00  1.81000000e-12 
 1.49000000e+00  1.81000000e-12 
 1.48000000e+00  1.81000000e-12 
 1.47000000e+00  1.81000000e-12 
 1.46000000e+00  1.81000000e-12 
 1.45000000e+00  1.81000000e-12 
 1.44000000e+00  1.81000000e-12 
 1.43000000e+00  1.81000000e-12 
 1.42000000e+00  1.81000000e-12 
 1.41000000e+00  1.81000000e-12 
 1.40000000e+00  1.81000000e-12 
 1.39000000e+00  1.81000000e-12 
 1.38000000e+00  1.81000000e-12 
 1.37000000e+00  1.81000000e-12 
 1.36000000e+00  1.81000000e-12 
 1.35000000e+00  1.81000000e-12 
 1.34000000e+00  1.81000000e-12 
 1.33000000e+00  1.81000000e-12 
 1.32000000e+00  1.81000000e-12 
 1.31000000e+00  1.81000000e-12 
 1.30000000e+00  1.81000000e-12 
 1.29000000e+00  1.81000000e-12 
 1.28000000e+00  1.49009197e-08 
 1.27000000e+00  1.39896157e-07 
 1.26000000e+00  3.91861717e-07 
 1.25000000e+00  7.70797600e-07 
 1.24000000e+00  1.27670380e-06 
 1.23000000e+00  1.90958033e-06 
 1.22000000e+00  2.66942718e-06 
 1.21000000e+00  3.55624435e-06 
 1.20000000e+00  4.57003184e-06 
 1.19000000e+00  5.71078966e-06 
 1.18000000e+00  6.97851780e-06 
 1.17000000e+00  8.37321626e-06 
 1.16000000e+00  9.89488504e-06 
 1.15000000e+00  1.15435241e-05 
 1.14000000e+00  1.33191336e-05 
 1.13000000e+00  1.52217133e-05 
 1.12000000e+00  1.72512634e-05 
 1.11000000e+00  1.94077838e-05 
 1.10000000e+00  2.16912745e-05 
 1.09000000e+00  2.41017355e-05 
 1.08000000e+00  2.66391669e-05 
 1.07000000e+00  2.93035686e-05 
 1.06000000e+00  3.20949406e-05 
 1.05000000e+00  3.50132829e-05 
 1.04000000e+00  3.80585956e-05 
 1.03000000e+00  4.12308785e-05 
 1.02000000e+00  4.45301318e-05 
 1.01000000e+00  4.79563555e-05 
 1.00000000e+00  5.15095494e-05 
 9.90000000e-01  5.51897137e-05 
 9.80000000e-01  5.89968482e-05 
 9.70000000e-01  6.29309531e-05 
 9.60000000e-01  6.69285432e-05 
 9.50000000e-01  7.11165888e-05 
 9.40000000e-01  7.54316046e-05 
 9.30000000e-01  7.98735908e-05 
 9.20000000e-01  8.44425474e-05 
 9.10000000e-01  8.91384742e-05 
 9.00000000e-01  9.39613714e-05 
 8.90000000e-01  9.89112388e-05 
 8.80000000e-01  1.03988077e-04 
 8.70000000e-01  1.09191885e-04 
 8.60000000e-01  1.14522663e-04 
 8.50000000e-01  1.19980412e-04 
 8.40000000e-01  1.25565131e-04 
 8.30000000e-01  1.31276821e-04 
 8.20000000e-01  1.37115480e-04 
 8.10000000e-01  1.43081110e-04 
 8.00000000e-01  1.49173711e-04 
 7.90000000e-01  1.55393281e-04 
 7.80000000e-01  1.61739822e-04 
 7.70000000e-01  1.68213334e-04 
 7.60000000e-01  1.74813815e-04 
 7.50000000e-01  1.81541267e-04 
 7.40000000e-01  1.88395690e-04 
 7.30000000e-01  1.95377082e-04 
 7.20000000e-01  2.02485445e-04 
 7.10000000e-01  2.09720779e-04 
 7.00000000e-01  2.17083082e-04 
 6.90000000e-01  2.24572356e-04 
 6.80000000e-01  2.32188600e-04 
 6.70000000e-01  2.39931815e-04 
 6.60000000e-01  2.47802000e-04 
 6.50000000e-01  2.55799155e-04 
 6.40000000e-01  2.63923281e-04 
 6.30000000e-01  2.72174377e-04 
 6.20000000e-01  2.80552443e-04 
 6.10000000e-01  2.89057479e-04 
 6.00000000e-01  2.97689486e-04 
 5.90000000e-01  3.06448463e-04 
 5.80000000e-01  3.15334411e-04 
 5.70000000e-01  3.24347328e-04 
 5.60000000e-01  3.33487217e-04 
 5.50000000e-01  3.42754075e-04 
 5.40000000e-01  3.52147904e-04 
 5.30000000e-01  3.61668703e-04 
 5.20000000e-01  3.71316472e-04 
 5.10000000e-01  3.81091212e-04 
 5.00000000e-01  3.90992922e-04 
 4.90000000e-01  4.01021602e-04 
 4.80000000e-01  4.11177253e-04 
 4.70000000e-01  4.21459874e-04 
 4.60000000e-01  4.31869466e-04 
 4.50000000e-01  4.42406027e-04 
 4.40000000e-01  4.53069559e-04 
 4.30000000e-01  4.63860061e-04 
 4.20000000e-01  4.74777534e-04 
 4.10000000e-01  4.85821977e-04 
 4.00000000e-01  4.96993390e-04 
 3.90000000e-01  5.08291774e-04 
 3.80000000e-01  5.19717128e-04 
 3.70000000e-01  5.31269452e-04 
 3.60000000e-01  5.42948747e-04 
 3.50000000e-01  5.54755012e-04 
 3.40000000e-01  5.66688247e-04 
 3.30000000e-01  5.78748452e-04 
 3.20000000e-01  5.90935628e-04 
 3.10000000e-01  6.03249774e-04 
 3.00000000e-01  6.15690891e-04 
 2.90000000e-01  6.28258978e-04 
 2.80000000e-01  6.40954035e-04 
 2.70000000e-01  6.53776062e-04 
 2.60000000e-01  6.66725060e-04 
 2.50000000e-01  6.79801028e-04 
 2.40000000e-01  6.93003967e-04 
 2.30000000e-01  7.06333875e-04 
 2.20000000e-01  7.19790754e-04 
 2.10000000e-01  7.33374604e-04 
 2.00000000e-01  7.47085424e-04 
 1.90000000e-01  7.60923214e-04 
 1.80000000e-01  7.74887974e-04 
 1.70000000e-01  7.88979705e-04 
 1.60000000e-01  8.03198406e-04 
 1.50000000e-01  8.17544077e-04 
 1.40000000e-01  8.32016719e-04 
 1.30000000e-01  8.46616331e-04 
 1.20000000e-01  8.61342913e-04 
 1.10000000e-01  8.76196466e-04 
 1.00000000e-01  8.91176988e-04 
 9.00000000e-02  9.06284482e-04 
 8.00000000e-02  9.21518945e-04 
 7.00000000e-02  9.36880379e-04 
 6.00000000e-02  9.52368783e-04 
 5.00000000e-02  9.67984158e-04 
 4.00000000e-02  9.83726503e-04 
 3.00000000e-02  9.99595818e-04 
 2.00000000e-02  1.01559210e-03 
 1.00000000e-02  1.03171536e-03 
-1.41900380e-15  1.04796559e-03 
