 1.80000000e+00  1.81000000e-12 
 1.79000000e+00  1.81000000e-12 
 1.78000000e+00  1.81000000e-12 
 1.77000000e+00  1.81000000e-12 
 1.76000000e+00  1.81000000e-12 
 1.75000000e+00  1.81000000e-12 
 1.74000000e+00  1.81000000e-12 
 1.73000000e+00  1.81000000e-12 
 1.72000000e+00  1.81000000e-12 
 1.71000000e+00  1.81000000e-12 
 1.70000000e+00  1.81000000e-12 
 1.69000000e+00  1.81000000e-12 
 1.68000000e+00  1.81000000e-12 
 1.67000000e+00  1.81000000e-12 
 1.66000000e+00  1.81000000e-12 
 1.65000000e+00  1.81000000e-12 
 1.64000000e+00  1.81000000e-12 
 1.63000000e+00  1.81000000e-12 
 1.62000000e+00  1.81000000e-12 
 1.61000000e+00  1.81000000e-12 
 1.60000000e+00  1.81000000e-12 
 1.59000000e+00  1.81000000e-12 
 1.58000000e+00  1.81000000e-12 
 1.57000000e+00  1.81000000e-12 
 1.56000000e+00  1.81000000e-12 
 1.55000000e+00  1.81000000e-12 
 1.54000000e+00  1.81000000e-12 
 1.53000000e+00  1.81000000e-12 
 1.52000000e+00  1.81000000e-12 
 1.51000000e+00  1.81000000e-12 
 1.50000000e+00  1.81000000e-12 
 1.49000000e+00  1.81000000e-12 
 1.48000000e+00  1.81000000e-12 
 1.47000000e+00  1.81000000e-12 
 1.46000000e+00  1.81000000e-12 
 1.45000000e+00  1.81000000e-12 
 1.44000000e+00  1.81000000e-12 
 1.43000000e+00  1.81000000e-12 
 1.42000000e+00  1.81000000e-12 
 1.41000000e+00  1.81000000e-12 
 1.40000000e+00  1.81000000e-12 
 1.39000000e+00  1.81000000e-12 
 1.38000000e+00  1.81000000e-12 
 1.37000000e+00  1.81000000e-12 
 1.36000000e+00  1.81000000e-12 
 1.35000000e+00  1.81000000e-12 
 1.34000000e+00  1.81000000e-12 
 1.33000000e+00  1.81000000e-12 
 1.32000000e+00  1.81000000e-12 
 1.31000000e+00  1.81000000e-12 
 1.30000000e+00  1.55492530e-08 
 1.29000000e+00  1.32197344e-07 
 1.28000000e+00  3.62989610e-07 
 1.27000000e+00  7.07926052e-07 
 1.26000000e+00  1.16700667e-06 
 1.25000000e+00  1.74023146e-06 
 1.24000000e+00  2.42760043e-06 
 1.23000000e+00  3.22911358e-06 
 1.22000000e+00  4.14477090e-06 
 1.21000000e+00  5.17457239e-06 
 1.20000000e+00  6.31851807e-06 
 1.19000000e+00  7.57660791e-06 
 1.18000000e+00  8.94884194e-06 
 1.17000000e+00  1.04352201e-05 
 1.16000000e+00  1.20357425e-05 
 1.15000000e+00  1.37504091e-05 
 1.14000000e+00  1.55792198e-05 
 1.13000000e+00  1.75221747e-05 
 1.12000000e+00  1.95792738e-05 
 1.11000000e+00  2.17505170e-05 
 1.10000000e+00  2.40359044e-05 
 1.09000000e+00  2.64354360e-05 
 1.08000000e+00  2.89491118e-05 
 1.07000000e+00  3.15769318e-05 
 1.06000000e+00  3.43188959e-05 
 1.05000000e+00  3.71750042e-05 
 1.04000000e+00  4.01452567e-05 
 1.03000000e+00  4.32296534e-05 
 1.02000000e+00  4.64281942e-05 
 1.01000000e+00  4.97408792e-05 
 1.00000000e+00  5.31677084e-05 
 9.90000000e-01  5.67086817e-05 
 9.80000000e-01  6.03067272e-05 
 9.70000000e-01  6.40759889e-05 
 9.60000000e-01  6.79593948e-05 
 9.50000000e-01  7.19569449e-05 
 9.40000000e-01  7.60686391e-05 
 9.30000000e-01  8.02944775e-05 
 9.20000000e-01  8.46344601e-05 
 9.10000000e-01  8.90885869e-05 
 9.00000000e-01  9.36568578e-05 
 8.90000000e-01  9.83392729e-05 
 8.80000000e-01  1.03135832e-04 
 8.70000000e-01  1.08046536e-04 
 8.60000000e-01  1.13071383e-04 
 8.50000000e-01  1.18210375e-04 
 8.40000000e-01  1.23463511e-04 
 8.30000000e-01  1.28830791e-04 
 8.20000000e-01  1.34312216e-04 
 8.10000000e-01  1.39907784e-04 
 8.00000000e-01  1.45617497e-04 
 7.90000000e-01  1.51441354e-04 
 7.80000000e-01  1.57379355e-04 
 7.70000000e-01  1.63431500e-04 
 7.60000000e-01  1.69597789e-04 
 7.50000000e-01  1.75878223e-04 
 7.40000000e-01  1.82272801e-04 
 7.30000000e-01  1.88781523e-04 
 7.20000000e-01  1.95404389e-04 
 7.10000000e-01  2.02141399e-04 
 7.00000000e-01  2.08992554e-04 
 6.90000000e-01  2.15957852e-04 
 6.80000000e-01  2.23037295e-04 
 6.70000000e-01  2.30230882e-04 
 6.60000000e-01  2.37538613e-04 
 6.50000000e-01  2.44960488e-04 
 6.40000000e-01  2.52496508e-04 
 6.30000000e-01  2.60146672e-04 
 6.20000000e-01  2.67910979e-04 
 6.10000000e-01  2.75789432e-04 
 6.00000000e-01  2.83782028e-04 
 5.90000000e-01  2.91888768e-04 
 5.80000000e-01  3.00109653e-04 
 5.70000000e-01  3.08444681e-04 
 5.60000000e-01  3.16893854e-04 
 5.50000000e-01  3.25457171e-04 
 5.40000000e-01  3.34134633e-04 
 5.30000000e-01  3.42926238e-04 
 5.20000000e-01  3.51831988e-04 
 5.10000000e-01  3.60851882e-04 
 5.00000000e-01  3.69985920e-04 
 4.90000000e-01  3.79234102e-04 
 4.80000000e-01  3.88596428e-04 
 4.70000000e-01  3.98072898e-04 
 4.60000000e-01  4.07663513e-04 
 4.50000000e-01  4.17368272e-04 
 4.40000000e-01  4.27187175e-04 
 4.30000000e-01  4.37120222e-04 
 4.20000000e-01  4.47167414e-04 
 4.10000000e-01  4.57328749e-04 
 4.00000000e-01  4.67604229e-04 
 3.90000000e-01  4.77993853e-04 
 3.80000000e-01  4.88497621e-04 
 3.70000000e-01  4.99115533e-04 
 3.60000000e-01  5.09847590e-04 
 3.50000000e-01  5.20693790e-04 
 3.40000000e-01  5.31654135e-04 
 3.30000000e-01  5.42728624e-04 
 3.20000000e-01  5.53917257e-04 
 3.10000000e-01  5.65220034e-04 
 3.00000000e-01  5.76636956e-04 
 2.90000000e-01  5.88168021e-04 
 2.80000000e-01  5.99813231e-04 
 2.70000000e-01  6.11572585e-04 
 2.60000000e-01  6.23446083e-04 
 2.50000000e-01  6.35433726e-04 
 2.40000000e-01  6.47535512e-04 
 2.30000000e-01  6.59751443e-04 
 2.20000000e-01  6.72081518e-04 
 2.10000000e-01  6.84525737e-04 
 2.00000000e-01  6.97084100e-04 
 1.90000000e-01  7.09756608e-04 
 1.80000000e-01  7.22543259e-04 
 1.70000000e-01  7.35444055e-04 
 1.60000000e-01  7.48458995e-04 
 1.50000000e-01  7.61588079e-04 
 1.40000000e-01  7.74831307e-04 
 1.30000000e-01  7.88188680e-04 
 1.20000000e-01  8.01660196e-04 
 1.10000000e-01  8.15245857e-04 
 1.00000000e-01  8.28945662e-04 
 9.00000000e-02  8.42759611e-04 
 8.00000000e-02  8.56687705e-04 
 7.00000000e-02  8.70729942e-04 
 6.00000000e-02  8.84886324e-04 
 5.00000000e-02  8.99156850e-04 
 4.00000000e-02  9.13541520e-04 
 3.00000000e-02  9.28040334e-04 
 2.00000000e-02  9.42653293e-04 
 1.00000000e-02  9.57380395e-04 
-1.41900380e-15  9.72221642e-04 
