 0.00000000e+00  1.81000000e-12 
 1.00000000e-02  1.81000000e-12 
 2.00000000e-02  1.81000000e-12 
 3.00000000e-02  1.81000000e-12 
 4.00000000e-02  1.81000000e-12 
 5.00000000e-02  1.81000000e-12 
 6.00000000e-02  1.81000000e-12 
 7.00000000e-02  1.81000000e-12 
 8.00000000e-02  1.81000000e-12 
 9.00000000e-02  1.81000000e-12 
 1.00000000e-01  1.81000000e-12 
 1.10000000e-01  1.81000000e-12 
 1.20000000e-01  1.81000000e-12 
 1.30000000e-01  1.81000000e-12 
 1.40000000e-01  1.81000000e-12 
 1.50000000e-01  1.81000000e-12 
 1.60000000e-01  1.81000000e-12 
 1.70000000e-01  1.81000000e-12 
 1.80000000e-01  1.81000000e-12 
 1.90000000e-01  1.81000000e-12 
 2.00000000e-01  1.81000000e-12 
 2.10000000e-01  1.81000000e-12 
 2.20000000e-01  1.81000000e-12 
 2.30000000e-01  1.81000000e-12 
 2.40000000e-01  1.81000000e-12 
 2.50000000e-01  1.81000000e-12 
 2.60000000e-01  1.81000000e-12 
 2.70000000e-01  1.81000000e-12 
 2.80000000e-01  1.81000000e-12 
 2.90000000e-01  1.81000000e-12 
 3.00000000e-01  1.81000000e-12 
 3.10000000e-01  1.81000000e-12 
 3.20000000e-01  1.81000000e-12 
 3.30000000e-01  1.81000000e-12 
 3.40000000e-01  1.81000000e-12 
 3.50000000e-01  1.81000000e-12 
 3.60000000e-01  1.81000000e-12 
 3.70000000e-01  1.81000000e-12 
 3.80000000e-01  1.81000000e-12 
 3.90000000e-01  1.81000000e-12 
 4.00000000e-01  1.81000000e-12 
 4.10000000e-01  1.81000000e-12 
 4.20000000e-01  1.81000000e-12 
 4.30000000e-01  1.81000000e-12 
 4.40000000e-01  1.81000000e-12 
 4.50000000e-01  1.81000000e-12 
 4.60000000e-01  1.81000000e-12 
 4.70000000e-01  1.81000000e-12 
 4.80000000e-01  1.81000000e-12 
 4.90000000e-01  1.81000000e-12 
 5.00000000e-01  1.82429250e-08 
 5.10000000e-01  1.48024891e-07 
 5.20000000e-01  4.02485072e-07 
 5.30000000e-01  7.81623466e-07 
 5.40000000e-01  1.28544007e-06 
 5.50000000e-01  1.91393490e-06 
 5.60000000e-01  2.66710793e-06 
 5.70000000e-01  3.54495918e-06 
 5.80000000e-01  4.54748865e-06 
 5.90000000e-01  5.67469632e-06 
 6.00000000e-01  6.92658222e-06 
 6.10000000e-01  8.30314632e-06 
 6.20000000e-01  9.80438864e-06 
 6.30000000e-01  1.14303092e-05 
 6.40000000e-01  1.31809079e-05 
 6.50000000e-01  1.50561849e-05 
 6.60000000e-01  1.70561401e-05 
 6.70000000e-01  1.91807734e-05 
 6.80000000e-01  2.14300851e-05 
 6.90000000e-01  2.38040749e-05 
 7.00000000e-01  2.63027429e-05 
 7.10000000e-01  2.89260891e-05 
 7.20000000e-01  3.16741136e-05 
 7.30000000e-01  3.45468163e-05 
 7.40000000e-01  3.75441972e-05 
 7.50000000e-01  4.06662563e-05 
 7.60000000e-01  4.39129936e-05 
 7.70000000e-01  4.72844091e-05 
 7.80000000e-01  5.07805029e-05 
 7.90000000e-01  5.44012748e-05 
 8.00000000e-01  5.81467250e-05 
 8.10000000e-01  6.20168534e-05 
 8.20000000e-01  6.59493209e-05 
 8.30000000e-01  7.00688057e-05 
 8.40000000e-01  7.43129687e-05 
 8.50000000e-01  7.86818099e-05 
 8.60000000e-01  8.31753294e-05 
 8.70000000e-01  8.77935271e-05 
 8.80000000e-01  9.25364029e-05 
 8.90000000e-01  9.74039570e-05 
 9.00000000e-01  1.02396189e-04 
 9.10000000e-01  1.07513100e-04 
 9.20000000e-01  1.12754689e-04 
 9.30000000e-01  1.18120956e-04 
 9.40000000e-01  1.23611901e-04 
 9.50000000e-01  1.29227524e-04 
 9.60000000e-01  1.34967826e-04 
 9.70000000e-01  1.40832806e-04 
 9.80000000e-01  1.46822464e-04 
 9.90000000e-01  1.52936800e-04 
 1.00000000e+00  1.59175814e-04 
 1.01000000e+00  1.65539507e-04 
 1.02000000e+00  1.72027878e-04 
 1.03000000e+00  1.78640927e-04 
 1.04000000e+00  1.85378654e-04 
 1.05000000e+00  1.92241060e-04 
 1.06000000e+00  1.99228143e-04 
 1.07000000e+00  2.06339905e-04 
 1.08000000e+00  2.13576346e-04 
 1.09000000e+00  2.20937464e-04 
 1.10000000e+00  2.28423260e-04 
 1.11000000e+00  2.36033735e-04 
 1.12000000e+00  2.43768888e-04 
 1.13000000e+00  2.51628720e-04 
 1.14000000e+00  2.59613229e-04 
 1.15000000e+00  2.67722417e-04 
 1.16000000e+00  2.75956283e-04 
 1.17000000e+00  2.84314827e-04 
 1.18000000e+00  2.92798049e-04 
 1.19000000e+00  3.01405949e-04 
 1.20000000e+00  3.10138528e-04 
 1.21000000e+00  3.18995785e-04 
 1.22000000e+00  3.27977720e-04 
 1.23000000e+00  3.37084334e-04 
 1.24000000e+00  3.46315625e-04 
 1.25000000e+00  3.55671595e-04 
 1.26000000e+00  3.65152243e-04 
 1.27000000e+00  3.74757569e-04 
 1.28000000e+00  3.84487574e-04 
 1.29000000e+00  3.94342256e-04 
 1.30000000e+00  4.04321617e-04 
 1.31000000e+00  4.14425656e-04 
 1.32000000e+00  4.24654374e-04 
 1.33000000e+00  4.35007769e-04 
 1.34000000e+00  4.45485843e-04 
 1.35000000e+00  4.56088595e-04 
 1.36000000e+00  4.66816025e-04 
 1.37000000e+00  4.77668133e-04 
 1.38000000e+00  4.88644920e-04 
 1.39000000e+00  4.99746385e-04 
 1.40000000e+00  5.10972528e-04 
 1.41000000e+00  5.22323349e-04 
 1.42000000e+00  5.33798848e-04 
 1.43000000e+00  5.45399026e-04 
 1.44000000e+00  5.57123882e-04 
 1.45000000e+00  5.68973416e-04 
 1.46000000e+00  5.80947628e-04 
 1.47000000e+00  5.93046519e-04 
 1.48000000e+00  6.05270087e-04 
 1.49000000e+00  6.17618334e-04 
 1.50000000e+00  6.30091259e-04 
 1.51000000e+00  6.42688863e-04 
 1.52000000e+00  6.55411144e-04 
 1.53000000e+00  6.68258104e-04 
 1.54000000e+00  6.81229742e-04 
 1.55000000e+00  6.94326058e-04 
 1.56000000e+00  7.07547053e-04 
 1.57000000e+00  7.20892725e-04 
 1.58000000e+00  7.34363076e-04 
 1.59000000e+00  7.47958105e-04 
 1.60000000e+00  7.61677813e-04 
 1.61000000e+00  7.75522198e-04 
 1.62000000e+00  7.89491262e-04 
 1.63000000e+00  8.03585004e-04 
 1.64000000e+00  8.17803424e-04 
 1.65000000e+00  8.32146522e-04 
 1.66000000e+00  8.46614299e-04 
 1.67000000e+00  8.61206754e-04 
 1.68000000e+00  8.75923887e-04 
 1.69000000e+00  8.90765698e-04 
 1.70000000e+00  9.05732187e-04 
 1.71000000e+00  9.20823355e-04 
 1.72000000e+00  9.36039201e-04 
 1.73000000e+00  9.51379725e-04 
 1.74000000e+00  9.66844927e-04 
 1.75000000e+00  9.82434808e-04 
 1.76000000e+00  9.98149366e-04 
 1.77000000e+00  1.01398860e-03 
 1.78000000e+00  1.02995252e-03 
 1.79000000e+00  1.04604111e-03 
 1.80000000e+00  1.06225438e-03 
