 0.00000000e+00  1.81000000e-12 
 1.00000000e-02  1.81000000e-12 
 2.00000000e-02  1.81000000e-12 
 3.00000000e-02  1.81000000e-12 
 4.00000000e-02  1.81000000e-12 
 5.00000000e-02  1.81000000e-12 
 6.00000000e-02  1.81000000e-12 
 7.00000000e-02  1.81000000e-12 
 8.00000000e-02  1.81000000e-12 
 9.00000000e-02  1.81000000e-12 
 1.00000000e-01  1.81000000e-12 
 1.10000000e-01  1.81000000e-12 
 1.20000000e-01  1.81000000e-12 
 1.30000000e-01  1.81000000e-12 
 1.40000000e-01  1.81000000e-12 
 1.50000000e-01  1.81000000e-12 
 1.60000000e-01  1.81000000e-12 
 1.70000000e-01  1.81000000e-12 
 1.80000000e-01  1.81000000e-12 
 1.90000000e-01  1.81000000e-12 
 2.00000000e-01  1.81000000e-12 
 2.10000000e-01  1.81000000e-12 
 2.20000000e-01  1.81000000e-12 
 2.30000000e-01  1.81000000e-12 
 2.40000000e-01  1.81000000e-12 
 2.50000000e-01  1.81000000e-12 
 2.60000000e-01  1.81000000e-12 
 2.70000000e-01  1.81000000e-12 
 2.80000000e-01  1.81000000e-12 
 2.90000000e-01  1.81000000e-12 
 3.00000000e-01  1.81000000e-12 
 3.10000000e-01  1.81000000e-12 
 3.20000000e-01  1.81000000e-12 
 3.30000000e-01  1.81000000e-12 
 3.40000000e-01  1.81000000e-12 
 3.50000000e-01  1.81000000e-12 
 3.60000000e-01  1.81000000e-12 
 3.70000000e-01  1.81000000e-12 
 3.80000000e-01  1.81000000e-12 
 3.90000000e-01  1.81000000e-12 
 4.00000000e-01  1.81000000e-12 
 4.10000000e-01  1.81000000e-12 
 4.20000000e-01  1.81000000e-12 
 4.30000000e-01  1.81000000e-12 
 4.40000000e-01  1.81000000e-12 
 4.50000000e-01  1.81000000e-12 
 4.60000000e-01  1.81000000e-12 
 4.70000000e-01  1.81000000e-12 
 4.80000000e-01  1.81000000e-12 
 4.90000000e-01  1.81000000e-12 
 5.00000000e-01  1.31848223e-08 
 5.10000000e-01  1.28498623e-07 
 5.20000000e-01  3.62540363e-07 
 5.30000000e-01  7.15310040e-07 
 5.40000000e-01  1.18680765e-06 
 5.50000000e-01  1.77703321e-06 
 5.60000000e-01  2.48598670e-06 
 5.70000000e-01  3.31366813e-06 
 5.80000000e-01  4.26007749e-06 
 5.90000000e-01  5.32521480e-06 
 6.00000000e-01  6.50908004e-06 
 6.10000000e-01  7.81167322e-06 
 6.20000000e-01  9.23299434e-06 
 6.30000000e-01  1.07730434e-05 
 6.40000000e-01  1.24318204e-05 
 6.50000000e-01  1.42093253e-05 
 6.60000000e-01  1.61055582e-05 
 6.70000000e-01  1.81205190e-05 
 6.80000000e-01  2.02542077e-05 
 6.90000000e-01  2.25066244e-05 
 7.00000000e-01  2.48777690e-05 
 7.10000000e-01  2.73676416e-05 
 7.20000000e-01  2.99762421e-05 
 7.30000000e-01  3.27035705e-05 
 7.40000000e-01  3.55496269e-05 
 7.50000000e-01  3.85144112e-05 
 7.60000000e-01  4.15979235e-05 
 7.70000000e-01  4.48001637e-05 
 7.80000000e-01  4.81211318e-05 
 7.90000000e-01  5.15608278e-05 
 8.00000000e-01  5.51192518e-05 
 8.10000000e-01  5.87964038e-05 
 8.20000000e-01  6.25329197e-05 
 8.30000000e-01  6.64475275e-05 
 8.40000000e-01  7.04808632e-05 
 8.50000000e-01  7.46329269e-05 
 8.60000000e-01  7.89037186e-05 
 8.70000000e-01  8.32932381e-05 
 8.80000000e-01  8.78014856e-05 
 8.90000000e-01  9.24284611e-05 
 9.00000000e-01  9.71741645e-05 
 9.10000000e-01  1.02038596e-04 
 9.20000000e-01  1.07021755e-04 
 9.30000000e-01  1.12123642e-04 
 9.40000000e-01  1.17344257e-04 
 9.50000000e-01  1.22683600e-04 
 9.60000000e-01  1.28141671e-04 
 9.70000000e-01  1.33718470e-04 
 9.80000000e-01  1.39413997e-04 
 9.90000000e-01  1.45228252e-04 
 1.00000000e+00  1.51161235e-04 
 1.01000000e+00  1.57212946e-04 
 1.02000000e+00  1.63383384e-04 
 1.03000000e+00  1.69672551e-04 
 1.04000000e+00  1.76080445e-04 
 1.05000000e+00  1.82607068e-04 
 1.06000000e+00  1.89252418e-04 
 1.07000000e+00  1.96016496e-04 
 1.08000000e+00  2.02899303e-04 
 1.09000000e+00  2.09900837e-04 
 1.10000000e+00  2.17021099e-04 
 1.11000000e+00  2.24260089e-04 
 1.12000000e+00  2.31617807e-04 
 1.13000000e+00  2.39094253e-04 
 1.14000000e+00  2.46689427e-04 
 1.15000000e+00  2.54403329e-04 
 1.16000000e+00  2.62235958e-04 
 1.17000000e+00  2.70187316e-04 
 1.18000000e+00  2.78257402e-04 
 1.19000000e+00  2.86446215e-04 
 1.20000000e+00  2.94753757e-04 
 1.21000000e+00  3.03180026e-04 
 1.22000000e+00  3.11725024e-04 
 1.23000000e+00  3.20388749e-04 
 1.24000000e+00  3.29171202e-04 
 1.25000000e+00  3.38072384e-04 
 1.26000000e+00  3.47092293e-04 
 1.27000000e+00  3.56230930e-04 
 1.28000000e+00  3.65488295e-04 
 1.29000000e+00  3.74864388e-04 
 1.30000000e+00  3.84359209e-04 
 1.31000000e+00  3.93972758e-04 
 1.32000000e+00  4.03705034e-04 
 1.33000000e+00  4.13556039e-04 
 1.34000000e+00  4.23525772e-04 
 1.35000000e+00  4.33614232e-04 
 1.36000000e+00  4.43821421e-04 
 1.37000000e+00  4.54147337e-04 
 1.38000000e+00  4.64591982e-04 
 1.39000000e+00  4.75155354e-04 
 1.40000000e+00  4.85837454e-04 
 1.41000000e+00  4.96638282e-04 
 1.42000000e+00  5.07557839e-04 
 1.43000000e+00  5.18596123e-04 
 1.44000000e+00  5.29753135e-04 
 1.45000000e+00  5.41028875e-04 
 1.46000000e+00  5.52423343e-04 
 1.47000000e+00  5.63936538e-04 
 1.48000000e+00  5.75568462e-04 
 1.49000000e+00  5.87319114e-04 
 1.50000000e+00  5.99188494e-04 
 1.51000000e+00  6.11176601e-04 
 1.52000000e+00  6.23283437e-04 
 1.53000000e+00  6.35509000e-04 
 1.54000000e+00  6.47853291e-04 
 1.55000000e+00  6.60316311e-04 
 1.56000000e+00  6.72898058e-04 
 1.57000000e+00  6.85598533e-04 
 1.58000000e+00  6.98417736e-04 
 1.59000000e+00  7.11355668e-04 
 1.60000000e+00  7.24412327e-04 
 1.61000000e+00  7.37587714e-04 
 1.62000000e+00  7.50881828e-04 
 1.63000000e+00  7.64294671e-04 
 1.64000000e+00  7.77826242e-04 
 1.65000000e+00  7.91476541e-04 
 1.66000000e+00  8.05245567e-04 
 1.67000000e+00  8.19133322e-04 
 1.68000000e+00  8.33139805e-04 
 1.69000000e+00  8.47265015e-04 
 1.70000000e+00  8.61508954e-04 
 1.71000000e+00  8.75871620e-04 
 1.72000000e+00  8.90353014e-04 
 1.73000000e+00  9.04953136e-04 
 1.74000000e+00  9.19671987e-04 
 1.75000000e+00  9.34509565e-04 
 1.76000000e+00  9.49465871e-04 
 1.77000000e+00  9.64540905e-04 
 1.78000000e+00  9.79734667e-04 
 1.79000000e+00  9.95047156e-04 
 1.80000000e+00  1.01047837e-03 
