 1.80000000e+00  1.81000000e-12 
 1.79000000e+00  1.81000000e-12 
 1.78000000e+00  1.81000000e-12 
 1.77000000e+00  1.81000000e-12 
 1.76000000e+00  1.81000000e-12 
 1.75000000e+00  1.81000000e-12 
 1.74000000e+00  1.81000000e-12 
 1.73000000e+00  1.81000000e-12 
 1.72000000e+00  1.81000000e-12 
 1.71000000e+00  1.81000000e-12 
 1.70000000e+00  1.81000000e-12 
 1.69000000e+00  1.81000000e-12 
 1.68000000e+00  1.81000000e-12 
 1.67000000e+00  1.81000000e-12 
 1.66000000e+00  1.81000000e-12 
 1.65000000e+00  1.81000000e-12 
 1.64000000e+00  1.81000000e-12 
 1.63000000e+00  1.81000000e-12 
 1.62000000e+00  1.81000000e-12 
 1.61000000e+00  1.81000000e-12 
 1.60000000e+00  1.81000000e-12 
 1.59000000e+00  1.81000000e-12 
 1.58000000e+00  1.81000000e-12 
 1.57000000e+00  1.81000000e-12 
 1.56000000e+00  1.81000000e-12 
 1.55000000e+00  1.81000000e-12 
 1.54000000e+00  1.81000000e-12 
 1.53000000e+00  1.81000000e-12 
 1.52000000e+00  1.81000000e-12 
 1.51000000e+00  1.81000000e-12 
 1.50000000e+00  1.81000000e-12 
 1.49000000e+00  1.81000000e-12 
 1.48000000e+00  1.81000000e-12 
 1.47000000e+00  1.81000000e-12 
 1.46000000e+00  1.81000000e-12 
 1.45000000e+00  1.81000000e-12 
 1.44000000e+00  1.81000000e-12 
 1.43000000e+00  1.81000000e-12 
 1.42000000e+00  1.81000000e-12 
 1.41000000e+00  1.81000000e-12 
 1.40000000e+00  1.81000000e-12 
 1.39000000e+00  1.81000000e-12 
 1.38000000e+00  1.81000000e-12 
 1.37000000e+00  1.81000000e-12 
 1.36000000e+00  1.81000000e-12 
 1.35000000e+00  1.81000000e-12 
 1.34000000e+00  1.81000000e-12 
 1.33000000e+00  1.81000000e-12 
 1.32000000e+00  1.81000000e-12 
 1.31000000e+00  1.81000000e-12 
 1.30000000e+00  5.60657620e-09 
 1.29000000e+00  1.01949299e-07 
 1.28000000e+00  3.17781318e-07 
 1.27000000e+00  6.53102633e-07 
 1.26000000e+00  1.10791324e-06 
 1.25000000e+00  1.68221315e-06 
 1.24000000e+00  2.37600235e-06 
 1.23000000e+00  3.18928085e-06 
 1.22000000e+00  4.12204864e-06 
 1.21000000e+00  5.17430573e-06 
 1.20000000e+00  6.34605211e-06 
 1.19000000e+00  7.63728779e-06 
 1.18000000e+00  9.04801276e-06 
 1.17000000e+00  1.05782270e-05 
 1.16000000e+00  1.22279306e-05 
 1.15000000e+00  1.39971235e-05 
 1.14000000e+00  1.58858056e-05 
 1.13000000e+00  1.78939771e-05 
 1.12000000e+00  2.00216378e-05 
 1.11000000e+00  2.22687879e-05 
 1.10000000e+00  2.46354272e-05 
 1.09000000e+00  2.71215558e-05 
 1.08000000e+00  2.97271738e-05 
 1.07000000e+00  3.24522810e-05 
 1.06000000e+00  3.52968775e-05 
 1.05000000e+00  3.82609633e-05 
 1.04000000e+00  4.13445384e-05 
 1.03000000e+00  4.45476028e-05 
 1.02000000e+00  4.78701565e-05 
 1.01000000e+00  5.13121995e-05 
 1.00000000e+00  5.48737318e-05 
 9.90000000e-01  5.85547534e-05 
 9.80000000e-01  6.22955197e-05 
 9.70000000e-01  6.62155198e-05 
 9.60000000e-01  7.02550093e-05 
 9.50000000e-01  7.44139881e-05 
 9.40000000e-01  7.86924562e-05 
 9.30000000e-01  8.30904135e-05 
 9.20000000e-01  8.76078602e-05 
 9.10000000e-01  9.22447961e-05 
 9.00000000e-01  9.70012214e-05 
 8.90000000e-01  1.01877136e-04 
 8.80000000e-01  1.06872540e-04 
 8.70000000e-01  1.11987433e-04 
 8.60000000e-01  1.17221815e-04 
 8.50000000e-01  1.22575687e-04 
 8.40000000e-01  1.28049048e-04 
 8.30000000e-01  1.33641898e-04 
 8.20000000e-01  1.39354238e-04 
 8.10000000e-01  1.45186067e-04 
 8.00000000e-01  1.51137385e-04 
 7.90000000e-01  1.57208193e-04 
 7.80000000e-01  1.63398489e-04 
 7.70000000e-01  1.69708276e-04 
 7.60000000e-01  1.76137551e-04 
 7.50000000e-01  1.82686316e-04 
 7.40000000e-01  1.89354570e-04 
 7.30000000e-01  1.96142313e-04 
 7.20000000e-01  2.03049545e-04 
 7.10000000e-01  2.10076267e-04 
 7.00000000e-01  2.17222478e-04 
 6.90000000e-01  2.24488179e-04 
 6.80000000e-01  2.31873369e-04 
 6.70000000e-01  2.39378048e-04 
 6.60000000e-01  2.47002216e-04 
 6.50000000e-01  2.54745874e-04 
 6.40000000e-01  2.62609021e-04 
 6.30000000e-01  2.70591657e-04 
 6.20000000e-01  2.78693782e-04 
 6.10000000e-01  2.86915397e-04 
 6.00000000e-01  2.95256501e-04 
 5.90000000e-01  3.03717095e-04 
 5.80000000e-01  3.12297177e-04 
 5.70000000e-01  3.20996749e-04 
 5.60000000e-01  3.29815811e-04 
 5.50000000e-01  3.38754361e-04 
 5.40000000e-01  3.47812401e-04 
 5.30000000e-01  3.56989930e-04 
 5.20000000e-01  3.66286949e-04 
 5.10000000e-01  3.75703457e-04 
 5.00000000e-01  3.85239454e-04 
 4.90000000e-01  3.94894940e-04 
 4.80000000e-01  4.04669916e-04 
 4.70000000e-01  4.14564381e-04 
 4.60000000e-01  4.24578335e-04 
 4.50000000e-01  4.34711778e-04 
 4.40000000e-01  4.44964711e-04 
 4.30000000e-01  4.55337133e-04 
 4.20000000e-01  4.65829045e-04 
 4.10000000e-01  4.76440446e-04 
 4.00000000e-01  4.87171336e-04 
 3.90000000e-01  4.98021715e-04 
 3.80000000e-01  5.08991584e-04 
 3.70000000e-01  5.20080942e-04 
 3.60000000e-01  5.31289789e-04 
 3.50000000e-01  5.42618125e-04 
 3.40000000e-01  5.54065951e-04 
 3.30000000e-01  5.65633266e-04 
 3.20000000e-01  5.77320071e-04 
 3.10000000e-01  5.89126364e-04 
 3.00000000e-01  6.01052147e-04 
 2.90000000e-01  6.13097419e-04 
 2.80000000e-01  6.25262181e-04 
 2.70000000e-01  6.37546432e-04 
 2.60000000e-01  6.49950172e-04 
 2.50000000e-01  6.62473402e-04 
 2.40000000e-01  6.75116120e-04 
 2.30000000e-01  6.87878328e-04 
 2.20000000e-01  7.00760026e-04 
 2.10000000e-01  7.13761212e-04 
 2.00000000e-01  7.26881888e-04 
 1.90000000e-01  7.40122053e-04 
 1.80000000e-01  7.53481708e-04 
 1.70000000e-01  7.66960852e-04 
 1.60000000e-01  7.80559485e-04 
 1.50000000e-01  7.94277607e-04 
 1.40000000e-01  8.08115219e-04 
 1.30000000e-01  8.22072320e-04 
 1.20000000e-01  8.36148910e-04 
 1.10000000e-01  8.50344990e-04 
 1.00000000e-01  8.64660559e-04 
 9.00000000e-02  8.79095617e-04 
 8.00000000e-02  8.93650165e-04 
 7.00000000e-02  9.08324201e-04 
 6.00000000e-02  9.23117727e-04 
 5.00000000e-02  9.38030743e-04 
 4.00000000e-02  9.53063247e-04 
 3.00000000e-02  9.68215241e-04 
 2.00000000e-02  9.83486725e-04 
 1.00000000e-02  9.98877697e-04 
-1.41900380e-15  1.01438816e-03 
