 0.00000000e+00  1.81000000e-12 
 1.00000000e-02  1.81000000e-12 
 2.00000000e-02  1.81000000e-12 
 3.00000000e-02  1.81000000e-12 
 4.00000000e-02  1.81000000e-12 
 5.00000000e-02  1.81000000e-12 
 6.00000000e-02  1.81000000e-12 
 7.00000000e-02  1.81000000e-12 
 8.00000000e-02  1.81000000e-12 
 9.00000000e-02  1.81000000e-12 
 1.00000000e-01  1.81000000e-12 
 1.10000000e-01  1.81000000e-12 
 1.20000000e-01  1.81000000e-12 
 1.30000000e-01  1.81000000e-12 
 1.40000000e-01  1.81000000e-12 
 1.50000000e-01  1.81000000e-12 
 1.60000000e-01  1.81000000e-12 
 1.70000000e-01  1.81000000e-12 
 1.80000000e-01  1.81000000e-12 
 1.90000000e-01  1.81000000e-12 
 2.00000000e-01  1.81000000e-12 
 2.10000000e-01  1.81000000e-12 
 2.20000000e-01  1.81000000e-12 
 2.30000000e-01  1.81000000e-12 
 2.40000000e-01  1.81000000e-12 
 2.50000000e-01  1.81000000e-12 
 2.60000000e-01  1.81000000e-12 
 2.70000000e-01  1.81000000e-12 
 2.80000000e-01  1.81000000e-12 
 2.90000000e-01  1.81000000e-12 
 3.00000000e-01  1.81000000e-12 
 3.10000000e-01  1.81000000e-12 
 3.20000000e-01  1.81000000e-12 
 3.30000000e-01  1.81000000e-12 
 3.40000000e-01  1.81000000e-12 
 3.50000000e-01  1.81000000e-12 
 3.60000000e-01  1.81000000e-12 
 3.70000000e-01  1.81000000e-12 
 3.80000000e-01  1.81000000e-12 
 3.90000000e-01  1.81000000e-12 
 4.00000000e-01  1.81000000e-12 
 4.10000000e-01  1.81000000e-12 
 4.20000000e-01  1.81000000e-12 
 4.30000000e-01  1.81000000e-12 
 4.40000000e-01  1.81000000e-12 
 4.50000000e-01  1.81000000e-12 
 4.60000000e-01  1.81000000e-12 
 4.70000000e-01  1.81000000e-12 
 4.80000000e-01  4.58654303e-08 
 4.90000000e-01  2.13573455e-07 
 5.00000000e-01  5.04269830e-07 
 5.10000000e-01  9.17954554e-07 
 5.20000000e-01  1.45462763e-06 
 5.30000000e-01  2.11428905e-06 
 5.40000000e-01  2.89693882e-06 
 5.50000000e-01  3.80257695e-06 
 5.60000000e-01  4.83120342e-06 
 5.70000000e-01  5.98281824e-06 
 5.80000000e-01  7.25742141e-06 
 5.90000000e-01  8.65501293e-06 
 6.00000000e-01  1.01755928e-05 
 6.10000000e-01  1.18191610e-05 
 6.20000000e-01  1.35857176e-05 
 6.30000000e-01  1.54752625e-05 
 6.40000000e-01  1.74877958e-05 
 6.50000000e-01  1.96233174e-05 
 6.60000000e-01  2.18818274e-05 
 6.70000000e-01  2.42633257e-05 
 6.80000000e-01  2.67678124e-05 
 6.90000000e-01  2.93952874e-05 
 7.00000000e-01  3.21457507e-05 
 7.10000000e-01  3.50192025e-05 
 7.20000000e-01  3.80156425e-05 
 7.30000000e-01  4.11350709e-05 
 7.40000000e-01  4.43774877e-05 
 7.50000000e-01  4.77428928e-05 
 7.60000000e-01  5.12312863e-05 
 7.70000000e-01  5.48426681e-05 
 7.80000000e-01  5.85770383e-05 
 7.90000000e-01  6.23729026e-05 
 8.00000000e-01  6.63532495e-05 
 8.10000000e-01  7.04565847e-05 
 8.20000000e-01  7.46829082e-05 
 8.30000000e-01  7.90322201e-05 
 8.40000000e-01  8.35045204e-05 
 8.50000000e-01  8.80998090e-05 
 8.60000000e-01  9.28180860e-05 
 8.70000000e-01  9.76593513e-05 
 8.80000000e-01  1.02623605e-04 
 8.90000000e-01  1.07710847e-04 
 9.00000000e-01  1.12921077e-04 
 9.10000000e-01  1.18254296e-04 
 9.20000000e-01  1.23710503e-04 
 9.30000000e-01  1.29289698e-04 
 9.40000000e-01  1.34991882e-04 
 9.50000000e-01  1.40817054e-04 
 9.60000000e-01  1.46765215e-04 
 9.70000000e-01  1.52836364e-04 
 9.80000000e-01  1.59030501e-04 
 9.90000000e-01  1.65347626e-04 
 1.00000000e+00  1.71787740e-04 
 1.01000000e+00  1.78350842e-04 
 1.02000000e+00  1.85036933e-04 
 1.03000000e+00  1.91846012e-04 
 1.04000000e+00  1.98778079e-04 
 1.05000000e+00  2.05833135e-04 
 1.06000000e+00  2.13011179e-04 
 1.07000000e+00  2.20312211e-04 
 1.08000000e+00  2.27736232e-04 
 1.09000000e+00  2.35283241e-04 
 1.10000000e+00  2.42953238e-04 
 1.11000000e+00  2.50746224e-04 
 1.12000000e+00  2.58662198e-04 
 1.13000000e+00  2.66701160e-04 
 1.14000000e+00  2.74863111e-04 
 1.15000000e+00  2.83148050e-04 
 1.16000000e+00  2.91555977e-04 
 1.17000000e+00  3.00086893e-04 
 1.18000000e+00  3.08740797e-04 
 1.19000000e+00  3.17517690e-04 
 1.20000000e+00  3.26417571e-04 
 1.21000000e+00  3.35440440e-04 
 1.22000000e+00  3.44586297e-04 
 1.23000000e+00  3.53855143e-04 
 1.24000000e+00  3.63246978e-04 
 1.25000000e+00  3.72761800e-04 
 1.26000000e+00  3.82399611e-04 
 1.27000000e+00  3.92160410e-04 
 1.28000000e+00  4.02044198e-04 
 1.29000000e+00  4.12050974e-04 
 1.30000000e+00  4.22180738e-04 
 1.31000000e+00  4.32433491e-04 
 1.32000000e+00  4.42809232e-04 
 1.33000000e+00  4.53307961e-04 
 1.34000000e+00  4.63929679e-04 
 1.35000000e+00  4.74674385e-04 
 1.36000000e+00  4.85542080e-04 
 1.37000000e+00  4.96532763e-04 
 1.38000000e+00  5.07646434e-04 
 1.39000000e+00  5.18883093e-04 
 1.40000000e+00  5.30242741e-04 
 1.41000000e+00  5.41725377e-04 
 1.42000000e+00  5.53331002e-04 
 1.43000000e+00  5.65059615e-04 
 1.44000000e+00  5.76911216e-04 
 1.45000000e+00  5.88885805e-04 
 1.46000000e+00  6.00983383e-04 
 1.47000000e+00  6.13203950e-04 
 1.48000000e+00  6.25547504e-04 
 1.49000000e+00  6.38014047e-04 
 1.50000000e+00  6.50603579e-04 
 1.51000000e+00  6.63316098e-04 
 1.52000000e+00  6.76151606e-04 
 1.53000000e+00  6.89110103e-04 
 1.54000000e+00  7.02191587e-04 
 1.55000000e+00  7.15396061e-04 
 1.56000000e+00  7.28723522e-04 
 1.57000000e+00  7.42173972e-04 
 1.58000000e+00  7.55747410e-04 
 1.59000000e+00  7.69443836e-04 
 1.60000000e+00  7.83263251e-04 
 1.61000000e+00  7.97205654e-04 
 1.62000000e+00  8.11271046e-04 
 1.63000000e+00  8.25459426e-04 
 1.64000000e+00  8.39770794e-04 
 1.65000000e+00  8.54205151e-04 
 1.66000000e+00  8.68762496e-04 
 1.67000000e+00  8.83442829e-04 
 1.68000000e+00  8.98246150e-04 
 1.69000000e+00  9.13172460e-04 
 1.70000000e+00  9.28221759e-04 
 1.71000000e+00  9.43394045e-04 
 1.72000000e+00  9.58689320e-04 
 1.73000000e+00  9.74107584e-04 
 1.74000000e+00  9.89648836e-04 
 1.75000000e+00  1.00531308e-03 
 1.76000000e+00  1.02110030e-03 
 1.77000000e+00  1.03701052e-03 
 1.78000000e+00  1.05304373e-03 
 1.79000000e+00  1.06919992e-03 
 1.80000000e+00  1.08547910e-03 
