 1.80000000e+00  1.81000000e-12 
 1.79000000e+00  1.81000000e-12 
 1.78000000e+00  1.81000000e-12 
 1.77000000e+00  1.81000000e-12 
 1.76000000e+00  1.81000000e-12 
 1.75000000e+00  1.81000000e-12 
 1.74000000e+00  1.81000000e-12 
 1.73000000e+00  1.81000000e-12 
 1.72000000e+00  1.81000000e-12 
 1.71000000e+00  1.81000000e-12 
 1.70000000e+00  1.81000000e-12 
 1.69000000e+00  1.81000000e-12 
 1.68000000e+00  1.81000000e-12 
 1.67000000e+00  1.81000000e-12 
 1.66000000e+00  1.81000000e-12 
 1.65000000e+00  1.81000000e-12 
 1.64000000e+00  1.81000000e-12 
 1.63000000e+00  1.81000000e-12 
 1.62000000e+00  1.81000000e-12 
 1.61000000e+00  1.81000000e-12 
 1.60000000e+00  1.81000000e-12 
 1.59000000e+00  1.81000000e-12 
 1.58000000e+00  1.81000000e-12 
 1.57000000e+00  1.81000000e-12 
 1.56000000e+00  1.81000000e-12 
 1.55000000e+00  1.81000000e-12 
 1.54000000e+00  1.81000000e-12 
 1.53000000e+00  1.81000000e-12 
 1.52000000e+00  1.81000000e-12 
 1.51000000e+00  1.81000000e-12 
 1.50000000e+00  1.81000000e-12 
 1.49000000e+00  1.81000000e-12 
 1.48000000e+00  1.81000000e-12 
 1.47000000e+00  1.81000000e-12 
 1.46000000e+00  1.81000000e-12 
 1.45000000e+00  1.81000000e-12 
 1.44000000e+00  1.81000000e-12 
 1.43000000e+00  1.81000000e-12 
 1.42000000e+00  1.81000000e-12 
 1.41000000e+00  1.81000000e-12 
 1.40000000e+00  1.81000000e-12 
 1.39000000e+00  1.81000000e-12 
 1.38000000e+00  1.81000000e-12 
 1.37000000e+00  1.81000000e-12 
 1.36000000e+00  1.81000000e-12 
 1.35000000e+00  1.81000000e-12 
 1.34000000e+00  1.81000000e-12 
 1.33000000e+00  1.81000000e-12 
 1.32000000e+00  1.81000000e-12 
 1.31000000e+00  1.81000000e-12 
 1.30000000e+00  1.81000000e-12 
 1.29000000e+00  1.81000000e-12 
 1.28000000e+00  1.81000000e-12 
 1.27000000e+00  1.81000000e-12 
 1.26000000e+00  1.81000000e-12 
 1.25000000e+00  1.33988562e-09 
 1.24000000e+00  8.15776793e-08 
 1.23000000e+00  2.85852516e-07 
 1.22000000e+00  6.14164395e-07 
 1.21000000e+00  1.06651332e-06 
 1.20000000e+00  1.64289928e-06 
 1.19000000e+00  2.34332229e-06 
 1.18000000e+00  3.16778234e-06 
 1.17000000e+00  4.11627943e-06 
 1.16000000e+00  5.18881357e-06 
 1.15000000e+00  6.38538474e-06 
 1.14000000e+00  7.70599297e-06 
 1.13000000e+00  9.15063823e-06 
 1.12000000e+00  1.07193205e-05 
 1.11000000e+00  1.24120399e-05 
 1.10000000e+00  1.42287963e-05 
 1.09000000e+00  1.61695897e-05 
 1.08000000e+00  1.82344202e-05 
 1.07000000e+00  2.04232877e-05 
 1.06000000e+00  2.27361923e-05 
 1.05000000e+00  2.51731339e-05 
 1.04000000e+00  2.77341125e-05 
 1.03000000e+00  3.04191282e-05 
 1.02000000e+00  3.32281809e-05 
 1.01000000e+00  3.61612707e-05 
 1.00000000e+00  3.92183975e-05 
 9.90000000e-01  4.23995614e-05 
 9.80000000e-01  4.57047623e-05 
 9.70000000e-01  4.91340003e-05 
 9.60000000e-01  5.26872752e-05 
 9.50000000e-01  5.63645873e-05 
 9.40000000e-01  6.01659364e-05 
 9.30000000e-01  6.40293039e-05 
 9.20000000e-01  6.80787271e-05 
 9.10000000e-01  7.22521873e-05 
 9.00000000e-01  7.65496846e-05 
 8.90000000e-01  8.09712188e-05 
 8.80000000e-01  8.55167902e-05 
 8.70000000e-01  9.01863985e-05 
 8.60000000e-01  9.49800440e-05 
 8.50000000e-01  9.98977264e-05 
 8.40000000e-01  1.04939446e-04 
 8.30000000e-01  1.10105202e-04 
 8.20000000e-01  1.15394996e-04 
 8.10000000e-01  1.20808827e-04 
 8.00000000e-01  1.26346694e-04 
 7.90000000e-01  1.32008599e-04 
 7.80000000e-01  1.37794541e-04 
 7.70000000e-01  1.43704520e-04 
 7.60000000e-01  1.49738535e-04 
 7.50000000e-01  1.55896588e-04 
 7.40000000e-01  1.62178678e-04 
 7.30000000e-01  1.68584805e-04 
 7.20000000e-01  1.75114969e-04 
 7.10000000e-01  1.81769170e-04 
 7.00000000e-01  1.88547408e-04 
 6.90000000e-01  1.95449684e-04 
 6.80000000e-01  2.02475996e-04 
 6.70000000e-01  2.09626345e-04 
 6.60000000e-01  2.16900731e-04 
 6.50000000e-01  2.24299155e-04 
 6.40000000e-01  2.31821615e-04 
 6.30000000e-01  2.39468112e-04 
 6.20000000e-01  2.47238647e-04 
 6.10000000e-01  2.55133218e-04 
 6.00000000e-01  2.63151827e-04 
 5.90000000e-01  2.71294472e-04 
 5.80000000e-01  2.79561155e-04 
 5.70000000e-01  2.87951875e-04 
 5.60000000e-01  2.96466631e-04 
 5.50000000e-01  3.05105425e-04 
 5.40000000e-01  3.13868256e-04 
 5.30000000e-01  3.22755124e-04 
 5.20000000e-01  3.31766029e-04 
 5.10000000e-01  3.40900970e-04 
 5.00000000e-01  3.50159949e-04 
 4.90000000e-01  3.59542965e-04 
 4.80000000e-01  3.69050018e-04 
 4.70000000e-01  3.78681109e-04 
 4.60000000e-01  3.88436236e-04 
 4.50000000e-01  3.98315400e-04 
 4.40000000e-01  4.08318601e-04 
 4.30000000e-01  4.18445839e-04 
 4.20000000e-01  4.28697115e-04 
 4.10000000e-01  4.39072427e-04 
 4.00000000e-01  4.49571776e-04 
 3.90000000e-01  4.60195163e-04 
 3.80000000e-01  4.70942586e-04 
 3.70000000e-01  4.81814047e-04 
 3.60000000e-01  4.92809544e-04 
 3.50000000e-01  5.03929079e-04 
 3.40000000e-01  5.15172650e-04 
 3.30000000e-01  5.26540259e-04 
 3.20000000e-01  5.38031905e-04 
 3.10000000e-01  5.49647588e-04 
 3.00000000e-01  5.61387307e-04 
 2.90000000e-01  5.73251064e-04 
 2.80000000e-01  5.85238858e-04 
 2.70000000e-01  5.97350689e-04 
 2.60000000e-01  6.09586557e-04 
 2.50000000e-01  6.21946462e-04 
 2.40000000e-01  6.34430404e-04 
 2.30000000e-01  6.47038383e-04 
 2.20000000e-01  6.59770399e-04 
 2.10000000e-01  6.72626453e-04 
 2.00000000e-01  6.85606543e-04 
 1.90000000e-01  6.98710670e-04 
 1.80000000e-01  7.11938834e-04 
 1.70000000e-01  7.25291036e-04 
 1.60000000e-01  7.38767274e-04 
 1.50000000e-01  7.52367550e-04 
 1.40000000e-01  7.66091862e-04 
 1.30000000e-01  7.79940212e-04 
 1.20000000e-01  7.93912598e-04 
 1.10000000e-01  8.08009022e-04 
 1.00000000e-01  8.22229483e-04 
 9.00000000e-02  8.36573980e-04 
 8.00000000e-02  8.51042515e-04 
 7.00000000e-02  8.65635087e-04 
 6.00000000e-02  8.80351696e-04 
 5.00000000e-02  8.95192342e-04 
 4.00000000e-02  9.10157024e-04 
 3.00000000e-02  9.25245744e-04 
 2.00000000e-02  9.40458501e-04 
 1.00000000e-02  9.55795295e-04 
-1.41900380e-15  9.71256127e-04 
