 1.80000000e+00  1.81000000e-12 
 1.79000000e+00  1.81000000e-12 
 1.78000000e+00  1.81000000e-12 
 1.77000000e+00  1.81000000e-12 
 1.76000000e+00  1.81000000e-12 
 1.75000000e+00  1.81000000e-12 
 1.74000000e+00  1.81000000e-12 
 1.73000000e+00  1.81000000e-12 
 1.72000000e+00  1.81000000e-12 
 1.71000000e+00  1.81000000e-12 
 1.70000000e+00  1.81000000e-12 
 1.69000000e+00  1.81000000e-12 
 1.68000000e+00  1.81000000e-12 
 1.67000000e+00  1.81000000e-12 
 1.66000000e+00  1.81000000e-12 
 1.65000000e+00  1.81000000e-12 
 1.64000000e+00  1.81000000e-12 
 1.63000000e+00  1.81000000e-12 
 1.62000000e+00  1.81000000e-12 
 1.61000000e+00  1.81000000e-12 
 1.60000000e+00  1.81000000e-12 
 1.59000000e+00  1.81000000e-12 
 1.58000000e+00  1.81000000e-12 
 1.57000000e+00  1.81000000e-12 
 1.56000000e+00  1.81000000e-12 
 1.55000000e+00  1.81000000e-12 
 1.54000000e+00  1.81000000e-12 
 1.53000000e+00  1.81000000e-12 
 1.52000000e+00  1.81000000e-12 
 1.51000000e+00  1.81000000e-12 
 1.50000000e+00  1.81000000e-12 
 1.49000000e+00  1.81000000e-12 
 1.48000000e+00  1.81000000e-12 
 1.47000000e+00  1.81000000e-12 
 1.46000000e+00  1.81000000e-12 
 1.45000000e+00  1.81000000e-12 
 1.44000000e+00  1.81000000e-12 
 1.43000000e+00  1.81000000e-12 
 1.42000000e+00  1.81000000e-12 
 1.41000000e+00  1.81000000e-12 
 1.40000000e+00  1.81000000e-12 
 1.39000000e+00  1.81000000e-12 
 1.38000000e+00  1.81000000e-12 
 1.37000000e+00  1.81000000e-12 
 1.36000000e+00  1.81000000e-12 
 1.35000000e+00  1.81000000e-12 
 1.34000000e+00  1.81000000e-12 
 1.33000000e+00  1.81000000e-12 
 1.32000000e+00  1.81000000e-12 
 1.31000000e+00  1.81000000e-12 
 1.30000000e+00  1.81000000e-12 
 1.29000000e+00  1.81000000e-12 
 1.28000000e+00  1.81000000e-12 
 1.27000000e+00  2.47705573e-08 
 1.26000000e+00  1.58723469e-07 
 1.25000000e+00  4.08855703e-07 
 1.24000000e+00  7.75167262e-07 
 1.23000000e+00  1.25765814e-06 
 1.22000000e+00  1.85632835e-06 
 1.21000000e+00  2.57117788e-06 
 1.20000000e+00  3.40220673e-06 
 1.19000000e+00  4.34941491e-06 
 1.18000000e+00  5.41280241e-06 
 1.17000000e+00  6.59236923e-06 
 1.16000000e+00  7.88811537e-06 
 1.15000000e+00  9.30004084e-06 
 1.14000000e+00  1.08281456e-05 
 1.13000000e+00  1.24724298e-05 
 1.12000000e+00  1.42328932e-05 
 1.11000000e+00  1.61095360e-05 
 1.10000000e+00  1.81023580e-05 
 1.09000000e+00  2.02113595e-05 
 1.08000000e+00  2.24365402e-05 
 1.07000000e+00  2.47779003e-05 
 1.06000000e+00  2.72354396e-05 
 1.05000000e+00  2.98091583e-05 
 1.04000000e+00  3.24990564e-05 
 1.03000000e+00  3.53051337e-05 
 1.02000000e+00  3.82273904e-05 
 1.01000000e+00  4.12658264e-05 
 1.00000000e+00  4.44204417e-05 
 9.90000000e-01  4.76912364e-05 
 9.80000000e-01  5.10782103e-05 
 9.70000000e-01  5.45813636e-05 
 9.60000000e-01  5.81426066e-05 
 9.50000000e-01  6.18781185e-05 
 9.40000000e-01  6.57298098e-05 
 9.30000000e-01  6.96976804e-05 
 9.20000000e-01  7.37817303e-05 
 9.10000000e-01  7.79819595e-05 
 9.00000000e-01  8.22983681e-05 
 8.90000000e-01  8.67309560e-05 
 8.80000000e-01  9.12797232e-05 
 8.70000000e-01  9.59446697e-05 
 8.60000000e-01  1.00725796e-04 
 8.50000000e-01  1.05623101e-04 
 8.40000000e-01  1.10636585e-04 
 8.30000000e-01  1.15766249e-04 
 8.20000000e-01  1.21012092e-04 
 8.10000000e-01  1.26374115e-04 
 8.00000000e-01  1.31852316e-04 
 7.90000000e-01  1.37446698e-04 
 7.80000000e-01  1.43157258e-04 
 7.70000000e-01  1.48983998e-04 
 7.60000000e-01  1.54926917e-04 
 7.50000000e-01  1.60986015e-04 
 7.40000000e-01  1.67161293e-04 
 7.30000000e-01  1.73452750e-04 
 7.20000000e-01  1.79860386e-04 
 7.10000000e-01  1.86384202e-04 
 7.00000000e-01  1.93024197e-04 
 6.90000000e-01  1.99780372e-04 
 6.80000000e-01  2.06652725e-04 
 6.70000000e-01  2.13641258e-04 
 6.60000000e-01  2.20745971e-04 
 6.50000000e-01  2.27966862e-04 
 6.40000000e-01  2.35303933e-04 
 6.30000000e-01  2.42757183e-04 
 6.20000000e-01  2.50326613e-04 
 6.10000000e-01  2.58012222e-04 
 6.00000000e-01  2.65814010e-04 
 5.90000000e-01  2.73731978e-04 
 5.80000000e-01  2.81766125e-04 
 5.70000000e-01  2.89916451e-04 
 5.60000000e-01  2.98182957e-04 
 5.50000000e-01  3.06565641e-04 
 5.40000000e-01  3.15064506e-04 
 5.30000000e-01  3.23679549e-04 
 5.20000000e-01  3.32410772e-04 
 5.10000000e-01  3.41258174e-04 
 5.00000000e-01  3.50221756e-04 
 4.90000000e-01  3.59301517e-04 
 4.80000000e-01  3.68497457e-04 
 4.70000000e-01  3.77809576e-04 
 4.60000000e-01  3.87237875e-04 
 4.50000000e-01  3.96782353e-04 
 4.40000000e-01  4.06443010e-04 
 4.30000000e-01  4.16219847e-04 
 4.20000000e-01  4.26112863e-04 
 4.10000000e-01  4.36122059e-04 
 4.00000000e-01  4.46247433e-04 
 3.90000000e-01  4.56488988e-04 
 3.80000000e-01  4.66846721e-04 
 3.70000000e-01  4.77320634e-04 
 3.60000000e-01  4.87910726e-04 
 3.50000000e-01  4.98616997e-04 
 3.40000000e-01  5.09439448e-04 
 3.30000000e-01  5.20378078e-04 
 3.20000000e-01  5.31432887e-04 
 3.10000000e-01  5.42603876e-04 
 3.00000000e-01  5.53891044e-04 
 2.90000000e-01  5.65294391e-04 
 2.80000000e-01  5.76813918e-04 
 2.70000000e-01  5.88449623e-04 
 2.60000000e-01  6.00201509e-04 
 2.50000000e-01  6.12069573e-04 
 2.40000000e-01  6.24053817e-04 
 2.30000000e-01  6.36154240e-04 
 2.20000000e-01  6.48370843e-04 
 2.10000000e-01  6.60703625e-04 
 2.00000000e-01  6.73152586e-04 
 1.90000000e-01  6.85717727e-04 
 1.80000000e-01  6.98399047e-04 
 1.70000000e-01  7.11196546e-04 
 1.60000000e-01  7.24110224e-04 
 1.50000000e-01  7.37140082e-04 
 1.40000000e-01  7.50286119e-04 
 1.30000000e-01  7.63548336e-04 
 1.20000000e-01  7.76926731e-04 
 1.10000000e-01  7.90421307e-04 
 1.00000000e-01  8.04032061e-04 
 9.00000000e-02  8.17758995e-04 
 8.00000000e-02  8.31602108e-04 
 7.00000000e-02  8.45561400e-04 
 6.00000000e-02  8.59636872e-04 
 5.00000000e-02  8.73828523e-04 
 4.00000000e-02  8.88136353e-04 
 3.00000000e-02  9.02560363e-04 
 2.00000000e-02  9.17100552e-04 
 1.00000000e-02  9.31756920e-04 
-1.41900380e-15  9.46529468e-04 
