 1.80000000e+00  1.81000000e-12 
 1.79000000e+00  1.81000000e-12 
 1.78000000e+00  1.81000000e-12 
 1.77000000e+00  1.81000000e-12 
 1.76000000e+00  1.81000000e-12 
 1.75000000e+00  1.81000000e-12 
 1.74000000e+00  1.81000000e-12 
 1.73000000e+00  1.81000000e-12 
 1.72000000e+00  1.81000000e-12 
 1.71000000e+00  1.81000000e-12 
 1.70000000e+00  1.81000000e-12 
 1.69000000e+00  1.81000000e-12 
 1.68000000e+00  1.81000000e-12 
 1.67000000e+00  1.81000000e-12 
 1.66000000e+00  1.81000000e-12 
 1.65000000e+00  1.81000000e-12 
 1.64000000e+00  1.81000000e-12 
 1.63000000e+00  1.81000000e-12 
 1.62000000e+00  1.81000000e-12 
 1.61000000e+00  1.81000000e-12 
 1.60000000e+00  1.81000000e-12 
 1.59000000e+00  1.81000000e-12 
 1.58000000e+00  1.81000000e-12 
 1.57000000e+00  1.81000000e-12 
 1.56000000e+00  1.81000000e-12 
 1.55000000e+00  1.81000000e-12 
 1.54000000e+00  1.81000000e-12 
 1.53000000e+00  1.81000000e-12 
 1.52000000e+00  1.81000000e-12 
 1.51000000e+00  1.81000000e-12 
 1.50000000e+00  1.81000000e-12 
 1.49000000e+00  1.81000000e-12 
 1.48000000e+00  1.81000000e-12 
 1.47000000e+00  1.81000000e-12 
 1.46000000e+00  1.81000000e-12 
 1.45000000e+00  1.81000000e-12 
 1.44000000e+00  1.81000000e-12 
 1.43000000e+00  1.81000000e-12 
 1.42000000e+00  1.81000000e-12 
 1.41000000e+00  1.81000000e-12 
 1.40000000e+00  1.81000000e-12 
 1.39000000e+00  1.81000000e-12 
 1.38000000e+00  1.81000000e-12 
 1.37000000e+00  1.81000000e-12 
 1.36000000e+00  1.81000000e-12 
 1.35000000e+00  1.81000000e-12 
 1.34000000e+00  1.81000000e-12 
 1.33000000e+00  1.62599596e-08 
 1.32000000e+00  1.43940715e-07 
 1.31000000e+00  3.98513943e-07 
 1.30000000e+00  7.79979642e-07 
 1.29000000e+00  1.28833781e-06 
 1.28000000e+00  1.92358845e-06 
 1.27000000e+00  2.68573157e-06 
 1.26000000e+00  3.57476715e-06 
 1.25000000e+00  4.59069521e-06 
 1.24000000e+00  5.73351574e-06 
 1.23000000e+00  7.00322874e-06 
 1.22000000e+00  8.39983421e-06 
 1.21000000e+00  9.92333215e-06 
 1.20000000e+00  1.15737226e-05 
 1.19000000e+00  1.33510055e-05 
 1.18000000e+00  1.52551808e-05 
 1.17000000e+00  1.72862486e-05 
 1.16000000e+00  1.94442089e-05 
 1.15000000e+00  2.17290617e-05 
 1.14000000e+00  2.41408070e-05 
 1.13000000e+00  2.66794447e-05 
 1.12000000e+00  2.93449749e-05 
 1.11000000e+00  3.21373975e-05 
 1.10000000e+00  3.50567126e-05 
 1.09000000e+00  3.81029202e-05 
 1.08000000e+00  4.12760203e-05 
 1.07000000e+00  4.45760129e-05 
 1.06000000e+00  4.80028979e-05 
 1.05000000e+00  5.15566754e-05 
 1.04000000e+00  5.52373453e-05 
 1.03000000e+00  5.90449078e-05 
 1.02000000e+00  6.29793627e-05 
 1.01000000e+00  6.69772638e-05 
 1.00000000e+00  7.11655036e-05 
 9.90000000e-01  7.54806360e-05 
 9.80000000e-01  7.99226607e-05 
 9.70000000e-01  8.44915780e-05 
 9.60000000e-01  8.91873877e-05 
 9.50000000e-01  9.40100899e-05 
 9.40000000e-01  9.89596846e-05 
 9.30000000e-01  1.04036172e-04 
 9.20000000e-01  1.09239551e-04 
 9.10000000e-01  1.14569823e-04 
 9.00000000e-01  1.20026988e-04 
 8.90000000e-01  1.25611045e-04 
 8.80000000e-01  1.31321995e-04 
 8.70000000e-01  1.37159837e-04 
 8.60000000e-01  1.43124571e-04 
 8.50000000e-01  1.49216198e-04 
 8.40000000e-01  1.55434717e-04 
 8.30000000e-01  1.61780129e-04 
 8.20000000e-01  1.68252433e-04 
 8.10000000e-01  1.74851630e-04 
 8.00000000e-01  1.81577720e-04 
 7.90000000e-01  1.88430701e-04 
 7.80000000e-01  1.95410576e-04 
 7.70000000e-01  2.02517342e-04 
 7.60000000e-01  2.09751001e-04 
 7.50000000e-01  2.17111553e-04 
 7.40000000e-01  2.24598997e-04 
 7.30000000e-01  2.32213334e-04 
 7.20000000e-01  2.39954563e-04 
 7.10000000e-01  2.47822684e-04 
 7.00000000e-01  2.55817698e-04 
 6.90000000e-01  2.63939605e-04 
 6.80000000e-01  2.72188404e-04 
 6.70000000e-01  2.80564095e-04 
 6.60000000e-01  2.89066679e-04 
 6.50000000e-01  2.97696155e-04 
 6.40000000e-01  3.06452524e-04 
 6.30000000e-01  3.15335785e-04 
 6.20000000e-01  3.24345939e-04 
 6.10000000e-01  3.33482985e-04 
 6.00000000e-01  3.42746924e-04 
 5.90000000e-01  3.52137755e-04 
 5.80000000e-01  3.61655479e-04 
 5.70000000e-01  3.71300095e-04 
 5.60000000e-01  3.81071604e-04 
 5.50000000e-01  3.90970005e-04 
 5.40000000e-01  4.00995298e-04 
 5.30000000e-01  4.11147484e-04 
 5.20000000e-01  4.21426563e-04 
 5.10000000e-01  4.31832534e-04 
 5.00000000e-01  4.42365397e-04 
 4.90000000e-01  4.53025153e-04 
 4.80000000e-01  4.63811801e-04 
 4.70000000e-01  4.74725342e-04 
 4.60000000e-01  4.85765776e-04 
 4.50000000e-01  4.96933101e-04 
 4.40000000e-01  5.08227320e-04 
 4.30000000e-01  5.19648430e-04 
 4.20000000e-01  5.31196433e-04 
 4.10000000e-01  5.42871329e-04 
 4.00000000e-01  5.54673117e-04 
 3.90000000e-01  5.66601798e-04 
 3.80000000e-01  5.78657371e-04 
 3.70000000e-01  5.90839837e-04 
 3.60000000e-01  6.03149195e-04 
 3.50000000e-01  6.15585445e-04 
 3.40000000e-01  6.28148588e-04 
 3.30000000e-01  6.40838623e-04 
 3.20000000e-01  6.53655551e-04 
 3.10000000e-01  6.66599372e-04 
 3.00000000e-01  6.79670085e-04 
 2.90000000e-01  6.92867690e-04 
 2.80000000e-01  7.06192188e-04 
 2.70000000e-01  7.19643578e-04 
 2.60000000e-01  7.33221861e-04 
 2.50000000e-01  7.46927036e-04 
 2.40000000e-01  7.60759104e-04 
 2.30000000e-01  7.74718064e-04 
 2.20000000e-01  7.88803916e-04 
 2.10000000e-01  8.03016661e-04 
 2.00000000e-01  8.17356299e-04 
 1.90000000e-01  8.31822829e-04 
 1.80000000e-01  8.46416252e-04 
 1.70000000e-01  8.61136567e-04 
 1.60000000e-01  8.75983774e-04 
 1.50000000e-01  8.90957874e-04 
 1.40000000e-01  9.06058866e-04 
 1.30000000e-01  9.21286751e-04 
 1.20000000e-01  9.36641529e-04 
 1.10000000e-01  9.52123198e-04 
 1.00000000e-01  9.67731761e-04 
 9.00000000e-02  9.83467215e-04 
 8.00000000e-02  9.99329563e-04 
 7.00000000e-02  1.01531880e-03 
 6.00000000e-02  1.03143493e-03 
 5.00000000e-02  1.04767796e-03 
 4.00000000e-02  1.06404788e-03 
 3.00000000e-02  1.08054469e-03 
 2.00000000e-02  1.09716839e-03 
 1.00000000e-02  1.11391898e-03 
-1.41900380e-15  1.13079647e-03 
