 0.00000000e+00  1.81000000e-12 
 1.00000000e-02  1.81000000e-12 
 2.00000000e-02  1.81000000e-12 
 3.00000000e-02  1.81000000e-12 
 4.00000000e-02  1.81000000e-12 
 5.00000000e-02  1.81000000e-12 
 6.00000000e-02  1.81000000e-12 
 7.00000000e-02  1.81000000e-12 
 8.00000000e-02  1.81000000e-12 
 9.00000000e-02  1.81000000e-12 
 1.00000000e-01  1.81000000e-12 
 1.10000000e-01  1.81000000e-12 
 1.20000000e-01  1.81000000e-12 
 1.30000000e-01  1.81000000e-12 
 1.40000000e-01  1.81000000e-12 
 1.50000000e-01  1.81000000e-12 
 1.60000000e-01  1.81000000e-12 
 1.70000000e-01  1.81000000e-12 
 1.80000000e-01  1.81000000e-12 
 1.90000000e-01  1.81000000e-12 
 2.00000000e-01  1.81000000e-12 
 2.10000000e-01  1.81000000e-12 
 2.20000000e-01  1.81000000e-12 
 2.30000000e-01  1.81000000e-12 
 2.40000000e-01  1.81000000e-12 
 2.50000000e-01  1.81000000e-12 
 2.60000000e-01  1.81000000e-12 
 2.70000000e-01  1.81000000e-12 
 2.80000000e-01  1.81000000e-12 
 2.90000000e-01  1.81000000e-12 
 3.00000000e-01  1.81000000e-12 
 3.10000000e-01  1.81000000e-12 
 3.20000000e-01  1.81000000e-12 
 3.30000000e-01  1.81000000e-12 
 3.40000000e-01  1.81000000e-12 
 3.50000000e-01  1.81000000e-12 
 3.60000000e-01  1.81000000e-12 
 3.70000000e-01  1.81000000e-12 
 3.80000000e-01  1.81000000e-12 
 3.90000000e-01  1.81000000e-12 
 4.00000000e-01  1.81000000e-12 
 4.10000000e-01  1.81000000e-12 
 4.20000000e-01  1.81000000e-12 
 4.30000000e-01  1.81000000e-12 
 4.40000000e-01  1.81000000e-12 
 4.50000000e-01  1.81000000e-12 
 4.60000000e-01  1.81000000e-12 
 4.70000000e-01  1.81000000e-12 
 4.80000000e-01  1.81000000e-12 
 4.90000000e-01  1.81000000e-12 
 5.00000000e-01  1.81000000e-12 
 5.10000000e-01  1.81000000e-12 
 5.20000000e-01  8.61770894e-09 
 5.30000000e-01  1.10616437e-07 
 5.40000000e-01  3.27590546e-07 
 5.50000000e-01  6.59540035e-07 
 5.60000000e-01  1.10646490e-06 
 5.70000000e-01  1.66836515e-06 
 5.80000000e-01  2.34524078e-06 
 5.90000000e-01  3.13709179e-06 
 6.00000000e-01  4.04391818e-06 
 6.10000000e-01  5.06571996e-06 
 6.20000000e-01  6.20249711e-06 
 6.30000000e-01  7.45424964e-06 
 6.40000000e-01  8.82097755e-06 
 6.50000000e-01  1.03026808e-05 
 6.60000000e-01  1.18993595e-05 
 6.70000000e-01  1.36110136e-05 
 6.80000000e-01  1.54376430e-05 
 6.90000000e-01  1.73792478e-05 
 7.00000000e-01  1.94358280e-05 
 7.10000000e-01  2.16073836e-05 
 7.20000000e-01  2.38939145e-05 
 7.30000000e-01  2.62954209e-05 
 7.40000000e-01  2.88119026e-05 
 7.50000000e-01  3.14433597e-05 
 7.60000000e-01  3.41897922e-05 
 7.70000000e-01  3.70512000e-05 
 7.80000000e-01  4.00275833e-05 
 7.90000000e-01  4.31189419e-05 
 8.00000000e-01  4.63252759e-05 
 8.10000000e-01  4.96465852e-05 
 8.20000000e-01  5.30828700e-05 
 8.30000000e-01  5.66341301e-05 
 8.40000000e-01  6.02428780e-05 
 8.50000000e-01  6.40240889e-05 
 8.60000000e-01  6.79202752e-05 
 8.70000000e-01  7.19314368e-05 
 8.80000000e-01  7.60575739e-05 
 8.90000000e-01  8.02986863e-05 
 9.00000000e-01  8.46547741e-05 
 9.10000000e-01  8.91258373e-05 
 9.20000000e-01  9.37118758e-05 
 9.30000000e-01  9.84128898e-05 
 9.40000000e-01  1.03228879e-04 
 9.50000000e-01  1.08159844e-04 
 9.60000000e-01  1.13205784e-04 
 9.70000000e-01  1.18366699e-04 
 9.80000000e-01  1.23642590e-04 
 9.90000000e-01  1.29033456e-04 
 1.00000000e+00  1.34539298e-04 
 1.01000000e+00  1.40160115e-04 
 1.02000000e+00  1.45895907e-04 
 1.03000000e+00  1.51746675e-04 
 1.04000000e+00  1.57712418e-04 
 1.05000000e+00  1.63793137e-04 
 1.06000000e+00  1.69988831e-04 
 1.07000000e+00  1.76299500e-04 
 1.08000000e+00  1.82725145e-04 
 1.09000000e+00  1.89265765e-04 
 1.10000000e+00  1.95921360e-04 
 1.11000000e+00  2.02691931e-04 
 1.12000000e+00  2.09577477e-04 
 1.13000000e+00  2.16577998e-04 
 1.14000000e+00  2.23693495e-04 
 1.15000000e+00  2.30923968e-04 
 1.16000000e+00  2.38269415e-04 
 1.17000000e+00  2.45729838e-04 
 1.18000000e+00  2.53305237e-04 
 1.19000000e+00  2.60995611e-04 
 1.20000000e+00  2.68800960e-04 
 1.21000000e+00  2.76721285e-04 
 1.22000000e+00  2.84756585e-04 
 1.23000000e+00  2.92906860e-04 
 1.24000000e+00  3.01172111e-04 
 1.25000000e+00  3.09552337e-04 
 1.26000000e+00  3.18047538e-04 
 1.27000000e+00  3.26657715e-04 
 1.28000000e+00  3.35382867e-04 
 1.29000000e+00  3.44222995e-04 
 1.30000000e+00  3.53178098e-04 
 1.31000000e+00  3.62248176e-04 
 1.32000000e+00  3.71433230e-04 
 1.33000000e+00  3.80733259e-04 
 1.34000000e+00  3.90148264e-04 
 1.35000000e+00  3.99678244e-04 
 1.36000000e+00  4.09323199e-04 
 1.37000000e+00  4.19083130e-04 
 1.38000000e+00  4.28958036e-04 
 1.39000000e+00  4.38947917e-04 
 1.40000000e+00  4.49052774e-04 
 1.41000000e+00  4.59272606e-04 
 1.42000000e+00  4.69607414e-04 
 1.43000000e+00  4.80057197e-04 
 1.44000000e+00  4.90621955e-04 
 1.45000000e+00  5.01301689e-04 
 1.46000000e+00  5.12096398e-04 
 1.47000000e+00  5.23006082e-04 
 1.48000000e+00  5.34030742e-04 
 1.49000000e+00  5.45170378e-04 
 1.50000000e+00  5.56424988e-04 
 1.51000000e+00  5.67794574e-04 
 1.52000000e+00  5.79279136e-04 
 1.53000000e+00  5.90878672e-04 
 1.54000000e+00  6.02593184e-04 
 1.55000000e+00  6.14422672e-04 
 1.56000000e+00  6.26367135e-04 
 1.57000000e+00  6.38426573e-04 
 1.58000000e+00  6.50600987e-04 
 1.59000000e+00  6.62890376e-04 
 1.60000000e+00  6.75294740e-04 
 1.61000000e+00  6.87814080e-04 
 1.62000000e+00  7.00448395e-04 
 1.63000000e+00  7.13197686e-04 
 1.64000000e+00  7.26061952e-04 
 1.65000000e+00  7.39041193e-04 
 1.66000000e+00  7.52135410e-04 
 1.67000000e+00  7.65344602e-04 
 1.68000000e+00  7.78668769e-04 
 1.69000000e+00  7.92107912e-04 
 1.70000000e+00  8.05662030e-04 
 1.71000000e+00  8.19331124e-04 
 1.72000000e+00  8.33115193e-04 
 1.73000000e+00  8.47014237e-04 
 1.74000000e+00  8.61028257e-04 
 1.75000000e+00  8.75157252e-04 
 1.76000000e+00  8.89401223e-04 
 1.77000000e+00  9.03760169e-04 
 1.78000000e+00  9.18234090e-04 
 1.79000000e+00  9.32822987e-04 
 1.80000000e+00  9.47526859e-04 
