 0.00000000e+00  1.81000000e-12 
 1.00000000e-02  1.81000000e-12 
 2.00000000e-02  1.81000000e-12 
 3.00000000e-02  1.81000000e-12 
 4.00000000e-02  1.81000000e-12 
 5.00000000e-02  1.81000000e-12 
 6.00000000e-02  1.81000000e-12 
 7.00000000e-02  1.81000000e-12 
 8.00000000e-02  1.81000000e-12 
 9.00000000e-02  1.81000000e-12 
 1.00000000e-01  1.81000000e-12 
 1.10000000e-01  1.81000000e-12 
 1.20000000e-01  1.81000000e-12 
 1.30000000e-01  1.81000000e-12 
 1.40000000e-01  1.81000000e-12 
 1.50000000e-01  1.81000000e-12 
 1.60000000e-01  1.81000000e-12 
 1.70000000e-01  1.81000000e-12 
 1.80000000e-01  1.81000000e-12 
 1.90000000e-01  1.81000000e-12 
 2.00000000e-01  1.81000000e-12 
 2.10000000e-01  1.81000000e-12 
 2.20000000e-01  1.81000000e-12 
 2.30000000e-01  1.81000000e-12 
 2.40000000e-01  1.81000000e-12 
 2.50000000e-01  1.81000000e-12 
 2.60000000e-01  1.81000000e-12 
 2.70000000e-01  1.81000000e-12 
 2.80000000e-01  1.81000000e-12 
 2.90000000e-01  1.81000000e-12 
 3.00000000e-01  1.81000000e-12 
 3.10000000e-01  1.81000000e-12 
 3.20000000e-01  1.81000000e-12 
 3.30000000e-01  1.81000000e-12 
 3.40000000e-01  1.81000000e-12 
 3.50000000e-01  1.81000000e-12 
 3.60000000e-01  1.81000000e-12 
 3.70000000e-01  1.81000000e-12 
 3.80000000e-01  1.81000000e-12 
 3.90000000e-01  1.81000000e-12 
 4.00000000e-01  1.81000000e-12 
 4.10000000e-01  1.81000000e-12 
 4.20000000e-01  1.81000000e-12 
 4.30000000e-01  1.81000000e-12 
 4.40000000e-01  1.81000000e-12 
 4.50000000e-01  1.81000000e-12 
 4.60000000e-01  1.81000000e-12 
 4.70000000e-01  1.81000000e-12 
 4.80000000e-01  1.81000000e-12 
 4.90000000e-01  1.81000000e-12 
 5.00000000e-01  9.95422629e-09 
 5.10000000e-01  1.24099265e-07 
 5.20000000e-01  3.65769821e-07 
 5.30000000e-01  7.34965896e-07 
 5.40000000e-01  1.23168749e-06 
 5.50000000e-01  1.85593460e-06 
 5.60000000e-01  2.60770723e-06 
 5.70000000e-01  3.48700537e-06 
 5.80000000e-01  4.49382904e-06 
 5.90000000e-01  5.62817822e-06 
 6.00000000e-01  6.89005292e-06 
 6.10000000e-01  8.27945314e-06 
 6.20000000e-01  9.79637887e-06 
 6.30000000e-01  1.14408301e-05 
 6.40000000e-01  1.32128069e-05 
 6.50000000e-01  1.51123092e-05 
 6.60000000e-01  1.71393370e-05 
 6.70000000e-01  1.92938903e-05 
 6.80000000e-01  2.15759692e-05 
 6.90000000e-01  2.39855735e-05 
 7.00000000e-01  2.65227034e-05 
 7.10000000e-01  2.91873588e-05 
 7.20000000e-01  3.19795397e-05 
 7.30000000e-01  3.48992462e-05 
 7.40000000e-01  3.79464781e-05 
 7.50000000e-01  4.11212356e-05 
 7.60000000e-01  4.44235186e-05 
 7.70000000e-01  4.78533271e-05 
 7.80000000e-01  5.14106611e-05 
 7.90000000e-01  5.50955206e-05 
 8.00000000e-01  5.89079057e-05 
 8.10000000e-01  6.28478163e-05 
 8.20000000e-01  6.68514896e-05 
 8.30000000e-01  7.10464512e-05 
 8.40000000e-01  7.53689384e-05 
 8.50000000e-01  7.98189510e-05 
 8.60000000e-01  8.43964892e-05 
 8.70000000e-01  8.91015529e-05 
 8.80000000e-01  9.39341421e-05 
 8.90000000e-01  9.88942568e-05 
 9.00000000e-01  1.03981897e-04 
 9.10000000e-01  1.09197063e-04 
 9.20000000e-01  1.14539754e-04 
 9.30000000e-01  1.20009971e-04 
 9.40000000e-01  1.25607713e-04 
 9.50000000e-01  1.31332981e-04 
 9.60000000e-01  1.37185774e-04 
 9.70000000e-01  1.43166093e-04 
 9.80000000e-01  1.49273938e-04 
 9.90000000e-01  1.55509307e-04 
 1.00000000e+00  1.61872203e-04 
 1.01000000e+00  1.68362624e-04 
 1.02000000e+00  1.74980570e-04 
 1.03000000e+00  1.81726042e-04 
 1.04000000e+00  1.88599040e-04 
 1.05000000e+00  1.95599563e-04 
 1.06000000e+00  2.02727611e-04 
 1.07000000e+00  2.09983185e-04 
 1.08000000e+00  2.17366285e-04 
 1.09000000e+00  2.24876910e-04 
 1.10000000e+00  2.32515061e-04 
 1.11000000e+00  2.40280737e-04 
 1.12000000e+00  2.48173938e-04 
 1.13000000e+00  2.56194666e-04 
 1.14000000e+00  2.64342918e-04 
 1.15000000e+00  2.72618696e-04 
 1.16000000e+00  2.81022000e-04 
 1.17000000e+00  2.89552829e-04 
 1.18000000e+00  2.98211184e-04 
 1.19000000e+00  3.06997064e-04 
 1.20000000e+00  3.15910470e-04 
 1.21000000e+00  3.24951401e-04 
 1.22000000e+00  3.34119858e-04 
 1.23000000e+00  3.43415841e-04 
 1.24000000e+00  3.52839348e-04 
 1.25000000e+00  3.62390382e-04 
 1.26000000e+00  3.72068941e-04 
 1.27000000e+00  3.81875025e-04 
 1.28000000e+00  3.91808635e-04 
 1.29000000e+00  4.01869770e-04 
 1.30000000e+00  4.12058431e-04 
 1.31000000e+00  4.22374618e-04 
 1.32000000e+00  4.32818330e-04 
 1.33000000e+00  4.43389567e-04 
 1.34000000e+00  4.54088330e-04 
 1.35000000e+00  4.64914619e-04 
 1.36000000e+00  4.75868433e-04 
 1.37000000e+00  4.86949773e-04 
 1.38000000e+00  4.98158638e-04 
 1.39000000e+00  5.09495028e-04 
 1.40000000e+00  5.20958944e-04 
 1.41000000e+00  5.32550386e-04 
 1.42000000e+00  5.44269353e-04 
 1.43000000e+00  5.56115846e-04 
 1.44000000e+00  5.68089864e-04 
 1.45000000e+00  5.80191408e-04 
 1.46000000e+00  5.92420477e-04 
 1.47000000e+00  6.04777072e-04 
 1.48000000e+00  6.17261192e-04 
 1.49000000e+00  6.29872838e-04 
 1.50000000e+00  6.42612009e-04 
 1.51000000e+00  6.55478706e-04 
 1.52000000e+00  6.68472929e-04 
 1.53000000e+00  6.81594676e-04 
 1.54000000e+00  6.94843950e-04 
 1.55000000e+00  7.08220749e-04 
 1.56000000e+00  7.21725073e-04 
 1.57000000e+00  7.35356923e-04 
 1.58000000e+00  7.49116299e-04 
 1.59000000e+00  7.63003199e-04 
 1.60000000e+00  7.77017626e-04 
 1.61000000e+00  7.91159578e-04 
 1.62000000e+00  8.05429056e-04 
 1.63000000e+00  8.19826059e-04 
 1.64000000e+00  8.34350587e-04 
 1.65000000e+00  8.49002641e-04 
 1.66000000e+00  8.63782221e-04 
 1.67000000e+00  8.78689326e-04 
 1.68000000e+00  8.93723957e-04 
 1.69000000e+00  9.08886113e-04 
 1.70000000e+00  9.24175794e-04 
 1.71000000e+00  9.39593002e-04 
 1.72000000e+00  9.55137734e-04 
 1.73000000e+00  9.70809993e-04 
 1.74000000e+00  9.86609776e-04 
 1.75000000e+00  1.00253709e-03 
 1.76000000e+00  1.01859192e-03 
 1.77000000e+00  1.03477428e-03 
 1.78000000e+00  1.05108417e-03 
 1.79000000e+00  1.06752158e-03 
 1.80000000e+00  1.08408651e-03 
