 1.80000000e+00  1.81000000e-12 
 1.79000000e+00  1.81000000e-12 
 1.78000000e+00  1.81000000e-12 
 1.77000000e+00  1.81000000e-12 
 1.76000000e+00  1.81000000e-12 
 1.75000000e+00  1.81000000e-12 
 1.74000000e+00  1.81000000e-12 
 1.73000000e+00  1.81000000e-12 
 1.72000000e+00  1.81000000e-12 
 1.71000000e+00  1.81000000e-12 
 1.70000000e+00  1.81000000e-12 
 1.69000000e+00  1.81000000e-12 
 1.68000000e+00  1.81000000e-12 
 1.67000000e+00  1.81000000e-12 
 1.66000000e+00  1.81000000e-12 
 1.65000000e+00  1.81000000e-12 
 1.64000000e+00  1.81000000e-12 
 1.63000000e+00  1.81000000e-12 
 1.62000000e+00  1.81000000e-12 
 1.61000000e+00  1.81000000e-12 
 1.60000000e+00  1.81000000e-12 
 1.59000000e+00  1.81000000e-12 
 1.58000000e+00  1.81000000e-12 
 1.57000000e+00  1.81000000e-12 
 1.56000000e+00  1.81000000e-12 
 1.55000000e+00  1.81000000e-12 
 1.54000000e+00  1.81000000e-12 
 1.53000000e+00  1.81000000e-12 
 1.52000000e+00  1.81000000e-12 
 1.51000000e+00  1.81000000e-12 
 1.50000000e+00  1.81000000e-12 
 1.49000000e+00  1.81000000e-12 
 1.48000000e+00  1.81000000e-12 
 1.47000000e+00  1.81000000e-12 
 1.46000000e+00  1.81000000e-12 
 1.45000000e+00  1.81000000e-12 
 1.44000000e+00  1.81000000e-12 
 1.43000000e+00  1.81000000e-12 
 1.42000000e+00  1.81000000e-12 
 1.41000000e+00  1.81000000e-12 
 1.40000000e+00  1.81000000e-12 
 1.39000000e+00  1.81000000e-12 
 1.38000000e+00  1.81000000e-12 
 1.37000000e+00  1.81000000e-12 
 1.36000000e+00  1.81000000e-12 
 1.35000000e+00  1.81000000e-12 
 1.34000000e+00  1.81000000e-12 
 1.33000000e+00  1.81000000e-12 
 1.32000000e+00  1.81000000e-12 
 1.31000000e+00  1.81000000e-12 
 1.30000000e+00  1.81000000e-12 
 1.29000000e+00  1.81000000e-12 
 1.28000000e+00  2.01959642e-08 
 1.27000000e+00  1.53464960e-07 
 1.26000000e+00  4.11371813e-07 
 1.25000000e+00  7.93916521e-07 
 1.24000000e+00  1.30109909e-06 
 1.23000000e+00  1.93291951e-06 
 1.22000000e+00  2.68937778e-06 
 1.21000000e+00  3.57047392e-06 
 1.20000000e+00  4.57620790e-06 
 1.19000000e+00  5.70657975e-06 
 1.18000000e+00  6.96158945e-06 
 1.17000000e+00  8.34123701e-06 
 1.16000000e+00  9.84552242e-06 
 1.15000000e+00  1.14744457e-05 
 1.14000000e+00  1.32280068e-05 
 1.13000000e+00  1.51062058e-05 
 1.12000000e+00  1.71090426e-05 
 1.11000000e+00  1.92365173e-05 
 1.10000000e+00  2.14886299e-05 
 1.09000000e+00  2.38653803e-05 
 1.08000000e+00  2.63667685e-05 
 1.07000000e+00  2.89927947e-05 
 1.06000000e+00  3.17434586e-05 
 1.05000000e+00  3.46187605e-05 
 1.04000000e+00  3.76187002e-05 
 1.03000000e+00  4.07432777e-05 
 1.02000000e+00  4.39924931e-05 
 1.01000000e+00  4.73663464e-05 
 1.00000000e+00  5.08648375e-05 
 9.90000000e-01  5.44879664e-05 
 9.80000000e-01  5.82357333e-05 
 9.70000000e-01  6.21081379e-05 
 9.60000000e-01  6.60428615e-05 
 9.50000000e-01  7.01645419e-05 
 9.40000000e-01  7.44108602e-05 
 9.30000000e-01  7.87818163e-05 
 9.20000000e-01  8.32774102e-05 
 9.10000000e-01  8.78976421e-05 
 9.00000000e-01  9.26425117e-05 
 8.90000000e-01  9.75120193e-05 
 8.80000000e-01  1.02506165e-04 
 8.70000000e-01  1.07624948e-04 
 8.60000000e-01  1.12868369e-04 
 8.50000000e-01  1.18236428e-04 
 8.40000000e-01  1.23729125e-04 
 8.30000000e-01  1.29346459e-04 
 8.20000000e-01  1.35088432e-04 
 8.10000000e-01  1.40955042e-04 
 8.00000000e-01  1.46946291e-04 
 7.90000000e-01  1.53062177e-04 
 7.80000000e-01  1.59302701e-04 
 7.70000000e-01  1.65667862e-04 
 7.60000000e-01  1.72157662e-04 
 7.50000000e-01  1.78772100e-04 
 7.40000000e-01  1.85511175e-04 
 7.30000000e-01  1.92374888e-04 
 7.20000000e-01  1.99363239e-04 
 7.10000000e-01  2.06476228e-04 
 7.00000000e-01  2.13713855e-04 
 6.90000000e-01  2.21076120e-04 
 6.80000000e-01  2.28563022e-04 
 6.70000000e-01  2.36174562e-04 
 6.60000000e-01  2.43910741e-04 
 6.50000000e-01  2.51771557e-04 
 6.40000000e-01  2.59757011e-04 
 6.30000000e-01  2.67867102e-04 
 6.20000000e-01  2.76101832e-04 
 6.10000000e-01  2.84461200e-04 
 6.00000000e-01  2.92945205e-04 
 5.90000000e-01  3.01553848e-04 
 5.80000000e-01  3.10287129e-04 
 5.70000000e-01  3.19145048e-04 
 5.60000000e-01  3.28127605e-04 
 5.50000000e-01  3.37234800e-04 
 5.40000000e-01  3.46466632e-04 
 5.30000000e-01  3.55823102e-04 
 5.20000000e-01  3.65304211e-04 
 5.10000000e-01  3.74909957e-04 
 5.00000000e-01  3.84640341e-04 
 4.90000000e-01  3.94495362e-04 
 4.80000000e-01  4.04475022e-04 
 4.70000000e-01  4.14579319e-04 
 4.60000000e-01  4.24808255e-04 
 4.50000000e-01  4.35161828e-04 
 4.40000000e-01  4.45640039e-04 
 4.30000000e-01  4.56242888e-04 
 4.20000000e-01  4.66970375e-04 
 4.10000000e-01  4.77822499e-04 
 4.00000000e-01  4.88799262e-04 
 3.90000000e-01  4.99900662e-04 
 3.80000000e-01  5.11126700e-04 
 3.70000000e-01  5.22477376e-04 
 3.60000000e-01  5.33952690e-04 
 3.50000000e-01  5.45552642e-04 
 3.40000000e-01  5.57277232e-04 
 3.30000000e-01  5.69126459e-04 
 3.20000000e-01  5.81100324e-04 
 3.10000000e-01  5.93198828e-04 
 3.00000000e-01  6.05421969e-04 
 2.90000000e-01  6.17769748e-04 
 2.80000000e-01  6.30242164e-04 
 2.70000000e-01  6.42839219e-04 
 2.60000000e-01  6.55560911e-04 
 2.50000000e-01  6.68407242e-04 
 2.40000000e-01  6.81378210e-04 
 2.30000000e-01  6.94473816e-04 
 2.20000000e-01  7.07694060e-04 
 2.10000000e-01  7.21038942e-04 
 2.00000000e-01  7.34508461e-04 
 1.90000000e-01  7.48102619e-04 
 1.80000000e-01  7.61821414e-04 
 1.70000000e-01  7.75664847e-04 
 1.60000000e-01  7.89632918e-04 
 1.50000000e-01  8.03725627e-04 
 1.40000000e-01  8.17942974e-04 
 1.30000000e-01  8.32284958e-04 
 1.20000000e-01  8.46751581e-04 
 1.10000000e-01  8.61342841e-04 
 1.00000000e-01  8.76058739e-04 
 9.00000000e-02  8.90899275e-04 
 8.00000000e-02  9.05864449e-04 
 7.00000000e-02  9.20954261e-04 
 6.00000000e-02  9.36168710e-04 
 5.00000000e-02  9.51507798e-04 
 4.00000000e-02  9.66971523e-04 
 3.00000000e-02  9.82559886e-04 
 2.00000000e-02  9.98272887e-04 
 1.00000000e-02  1.01411053e-03 
-1.41900380e-15  1.03007280e-03 
