 1.80000000e+00  1.81000000e-12 
 1.79000000e+00  1.81000000e-12 
 1.78000000e+00  1.81000000e-12 
 1.77000000e+00  1.81000000e-12 
 1.76000000e+00  1.81000000e-12 
 1.75000000e+00  1.81000000e-12 
 1.74000000e+00  1.81000000e-12 
 1.73000000e+00  1.81000000e-12 
 1.72000000e+00  1.81000000e-12 
 1.71000000e+00  1.81000000e-12 
 1.70000000e+00  1.81000000e-12 
 1.69000000e+00  1.81000000e-12 
 1.68000000e+00  1.81000000e-12 
 1.67000000e+00  1.81000000e-12 
 1.66000000e+00  1.81000000e-12 
 1.65000000e+00  1.81000000e-12 
 1.64000000e+00  1.81000000e-12 
 1.63000000e+00  1.81000000e-12 
 1.62000000e+00  1.81000000e-12 
 1.61000000e+00  1.81000000e-12 
 1.60000000e+00  1.81000000e-12 
 1.59000000e+00  1.81000000e-12 
 1.58000000e+00  1.81000000e-12 
 1.57000000e+00  1.81000000e-12 
 1.56000000e+00  1.81000000e-12 
 1.55000000e+00  1.81000000e-12 
 1.54000000e+00  1.81000000e-12 
 1.53000000e+00  1.81000000e-12 
 1.52000000e+00  1.81000000e-12 
 1.51000000e+00  1.81000000e-12 
 1.50000000e+00  1.81000000e-12 
 1.49000000e+00  1.81000000e-12 
 1.48000000e+00  1.81000000e-12 
 1.47000000e+00  1.81000000e-12 
 1.46000000e+00  1.81000000e-12 
 1.45000000e+00  1.81000000e-12 
 1.44000000e+00  1.81000000e-12 
 1.43000000e+00  1.81000000e-12 
 1.42000000e+00  1.81000000e-12 
 1.41000000e+00  1.81000000e-12 
 1.40000000e+00  1.81000000e-12 
 1.39000000e+00  1.81000000e-12 
 1.38000000e+00  1.81000000e-12 
 1.37000000e+00  1.81000000e-12 
 1.36000000e+00  1.81000000e-12 
 1.35000000e+00  1.81000000e-12 
 1.34000000e+00  1.81000000e-12 
 1.33000000e+00  1.81000000e-12 
 1.32000000e+00  1.81000000e-12 
 1.31000000e+00  2.33531361e-09 
 1.30000000e+00  8.67470220e-08 
 1.29000000e+00  2.92406371e-07 
 1.28000000e+00  6.19313361e-07 
 1.27000000e+00  1.06746799e-06 
 1.26000000e+00  1.63687026e-06 
 1.25000000e+00  2.32752017e-06 
 1.24000000e+00  3.13941773e-06 
 1.23000000e+00  4.07256292e-06 
 1.22000000e+00  5.12695575e-06 
 1.21000000e+00  6.30259623e-06 
 1.20000000e+00  7.59948435e-06 
 1.19000000e+00  9.01762010e-06 
 1.18000000e+00  1.05570035e-05 
 1.17000000e+00  1.22176345e-05 
 1.16000000e+00  1.39995132e-05 
 1.15000000e+00  1.59026395e-05 
 1.14000000e+00  1.79270135e-05 
 1.13000000e+00  2.00726351e-05 
 1.12000000e+00  2.23395043e-05 
 1.11000000e+00  2.47276212e-05 
 1.10000000e+00  2.72369857e-05 
 1.09000000e+00  2.98675979e-05 
 1.08000000e+00  3.26194577e-05 
 1.07000000e+00  3.54925652e-05 
 1.06000000e+00  3.84869202e-05 
 1.05000000e+00  4.16025230e-05 
 1.04000000e+00  4.48393733e-05 
 1.03000000e+00  4.81974713e-05 
 1.02000000e+00  5.16768170e-05 
 1.01000000e+00  5.52774103e-05 
 1.00000000e+00  5.89992512e-05 
 9.90000000e-01  6.27817160e-05 
 9.80000000e-01  6.67460522e-05 
 9.70000000e-01  7.08316360e-05 
 9.60000000e-01  7.50384675e-05 
 9.50000000e-01  7.93665466e-05 
 9.40000000e-01  8.38158734e-05 
 9.30000000e-01  8.83864478e-05 
 9.20000000e-01  9.30782699e-05 
 9.10000000e-01  9.78913396e-05 
 9.00000000e-01  1.02825657e-04 
 8.90000000e-01  1.07881222e-04 
 8.80000000e-01  1.13058035e-04 
 8.70000000e-01  1.18356095e-04 
 8.60000000e-01  1.23775403e-04 
 8.50000000e-01  1.29315958e-04 
 8.40000000e-01  1.34977761e-04 
 8.30000000e-01  1.40760812e-04 
 8.20000000e-01  1.46665111e-04 
 8.10000000e-01  1.52690657e-04 
 8.00000000e-01  1.58837451e-04 
 7.90000000e-01  1.65105492e-04 
 7.80000000e-01  1.71494781e-04 
 7.70000000e-01  1.78005318e-04 
 7.60000000e-01  1.84637102e-04 
 7.50000000e-01  1.91390134e-04 
 7.40000000e-01  1.98264413e-04 
 7.30000000e-01  2.05259941e-04 
 7.20000000e-01  2.12376716e-04 
 7.10000000e-01  2.19614738e-04 
 7.00000000e-01  2.26974008e-04 
 6.90000000e-01  2.34454526e-04 
 6.80000000e-01  2.42056291e-04 
 6.70000000e-01  2.49779305e-04 
 6.60000000e-01  2.57623565e-04 
 6.50000000e-01  2.65589074e-04 
 6.40000000e-01  2.73675830e-04 
 6.30000000e-01  2.81883833e-04 
 6.20000000e-01  2.90213084e-04 
 6.10000000e-01  2.98663583e-04 
 6.00000000e-01  3.07235330e-04 
 5.90000000e-01  3.15928324e-04 
 5.80000000e-01  3.24742566e-04 
 5.70000000e-01  3.33678055e-04 
 5.60000000e-01  3.42734793e-04 
 5.50000000e-01  3.51912777e-04 
 5.40000000e-01  3.61212010e-04 
 5.30000000e-01  3.70632490e-04 
 5.20000000e-01  3.80174218e-04 
 5.10000000e-01  3.89837193e-04 
 5.00000000e-01  3.99621416e-04 
 4.90000000e-01  4.09526886e-04 
 4.80000000e-01  4.19553605e-04 
 4.70000000e-01  4.29701571e-04 
 4.60000000e-01  4.39970784e-04 
 4.50000000e-01  4.50361245e-04 
 4.40000000e-01  4.60872954e-04 
 4.30000000e-01  4.71505910e-04 
 4.20000000e-01  4.82260115e-04 
 4.10000000e-01  4.93135566e-04 
 4.00000000e-01  5.04132266e-04 
 3.90000000e-01  5.15250213e-04 
 3.80000000e-01  5.26489407e-04 
 3.70000000e-01  5.37849850e-04 
 3.60000000e-01  5.49331540e-04 
 3.50000000e-01  5.60934477e-04 
 3.40000000e-01  5.72658662e-04 
 3.30000000e-01  5.84504095e-04 
 3.20000000e-01  5.96470776e-04 
 3.10000000e-01  6.08558704e-04 
 3.00000000e-01  6.20767880e-04 
 2.90000000e-01  6.33098303e-04 
 2.80000000e-01  6.45549974e-04 
 2.70000000e-01  6.58122893e-04 
 2.60000000e-01  6.70817059e-04 
 2.50000000e-01  6.83632473e-04 
 2.40000000e-01  6.96569135e-04 
 2.30000000e-01  7.09627044e-04 
 2.20000000e-01  7.22806201e-04 
 2.10000000e-01  7.36106606e-04 
 2.00000000e-01  7.49528258e-04 
 1.90000000e-01  7.63071158e-04 
 1.80000000e-01  7.76735305e-04 
 1.70000000e-01  7.90520700e-04 
 1.60000000e-01  8.04427343e-04 
 1.50000000e-01  8.18455233e-04 
 1.40000000e-01  8.32604371e-04 
 1.30000000e-01  8.46874757e-04 
 1.20000000e-01  8.61266390e-04 
 1.10000000e-01  8.75779271e-04 
 1.00000000e-01  8.90413400e-04 
 9.00000000e-02  9.05168776e-04 
 8.00000000e-02  9.20045400e-04 
 7.00000000e-02  9.35043271e-04 
 6.00000000e-02  9.50162391e-04 
 5.00000000e-02  9.65402757e-04 
 4.00000000e-02  9.80764372e-04 
 3.00000000e-02  9.96247234e-04 
 2.00000000e-02  1.01185134e-03 
 1.00000000e-02  1.02757670e-03 
-1.41900380e-15  1.04342331e-03 
