 0.00000000e+00  1.81000000e-12 
 1.00000000e-02  1.81000000e-12 
 2.00000000e-02  1.81000000e-12 
 3.00000000e-02  1.81000000e-12 
 4.00000000e-02  1.81000000e-12 
 5.00000000e-02  1.81000000e-12 
 6.00000000e-02  1.81000000e-12 
 7.00000000e-02  1.81000000e-12 
 8.00000000e-02  1.81000000e-12 
 9.00000000e-02  1.81000000e-12 
 1.00000000e-01  1.81000000e-12 
 1.10000000e-01  1.81000000e-12 
 1.20000000e-01  1.81000000e-12 
 1.30000000e-01  1.81000000e-12 
 1.40000000e-01  1.81000000e-12 
 1.50000000e-01  1.81000000e-12 
 1.60000000e-01  1.81000000e-12 
 1.70000000e-01  1.81000000e-12 
 1.80000000e-01  1.81000000e-12 
 1.90000000e-01  1.81000000e-12 
 2.00000000e-01  1.81000000e-12 
 2.10000000e-01  1.81000000e-12 
 2.20000000e-01  1.81000000e-12 
 2.30000000e-01  1.81000000e-12 
 2.40000000e-01  1.81000000e-12 
 2.50000000e-01  1.81000000e-12 
 2.60000000e-01  1.81000000e-12 
 2.70000000e-01  1.81000000e-12 
 2.80000000e-01  1.81000000e-12 
 2.90000000e-01  1.81000000e-12 
 3.00000000e-01  1.81000000e-12 
 3.10000000e-01  1.81000000e-12 
 3.20000000e-01  1.81000000e-12 
 3.30000000e-01  1.81000000e-12 
 3.40000000e-01  1.81000000e-12 
 3.50000000e-01  1.81000000e-12 
 3.60000000e-01  1.81000000e-12 
 3.70000000e-01  1.81000000e-12 
 3.80000000e-01  1.81000000e-12 
 3.90000000e-01  1.81000000e-12 
 4.00000000e-01  1.81000000e-12 
 4.10000000e-01  1.81000000e-12 
 4.20000000e-01  1.81000000e-12 
 4.30000000e-01  1.81000000e-12 
 4.40000000e-01  1.81000000e-12 
 4.50000000e-01  1.81000000e-12 
 4.60000000e-01  1.81000000e-12 
 4.70000000e-01  1.81000000e-12 
 4.80000000e-01  1.81000000e-12 
 4.90000000e-01  4.15113666e-09 
 5.00000000e-01  9.60191847e-08 
 5.10000000e-01  3.08380049e-07 
 5.20000000e-01  6.41233730e-07 
 5.30000000e-01  1.09458023e-06 
 5.40000000e-01  1.66841954e-06 
 5.50000000e-01  2.36275167e-06 
 5.60000000e-01  3.17757662e-06 
 5.70000000e-01  4.11289438e-06 
 5.80000000e-01  5.16870496e-06 
 5.90000000e-01  6.34500835e-06 
 6.00000000e-01  7.64180456e-06 
 6.10000000e-01  9.05909359e-06 
 6.20000000e-01  1.05968754e-05 
 6.30000000e-01  1.22551501e-05 
 6.40000000e-01  1.40339176e-05 
 6.50000000e-01  1.59331779e-05 
 6.60000000e-01  1.79529310e-05 
 6.70000000e-01  2.00931769e-05 
 6.80000000e-01  2.23539156e-05 
 6.90000000e-01  2.47351472e-05 
 7.00000000e-01  2.72368716e-05 
 7.10000000e-01  2.98590888e-05 
 7.20000000e-01  3.26017988e-05 
 7.30000000e-01  3.54650016e-05 
 7.40000000e-01  3.84486972e-05 
 7.50000000e-01  4.15528857e-05 
 7.60000000e-01  4.47775670e-05 
 7.70000000e-01  4.81227410e-05 
 7.80000000e-01  5.15884079e-05 
 7.90000000e-01  5.51745677e-05 
 8.00000000e-01  5.88812202e-05 
 8.10000000e-01  6.26481192e-05 
 8.20000000e-01  6.65957573e-05 
 8.30000000e-01  7.06638883e-05 
 8.40000000e-01  7.48525121e-05 
 8.50000000e-01  7.91616287e-05 
 8.60000000e-01  8.35912382e-05 
 8.70000000e-01  8.81413404e-05 
 8.80000000e-01  9.28119355e-05 
 8.90000000e-01  9.76030234e-05 
 9.00000000e-01  1.02514604e-04 
 9.10000000e-01  1.07546678e-04 
 9.20000000e-01  1.12699244e-04 
 9.30000000e-01  1.17972303e-04 
 9.40000000e-01  1.23365855e-04 
 9.50000000e-01  1.28879900e-04 
 9.60000000e-01  1.34514437e-04 
 9.70000000e-01  1.40269468e-04 
 9.80000000e-01  1.46144991e-04 
 9.90000000e-01  1.52141007e-04 
 1.00000000e+00  1.58257516e-04 
 1.01000000e+00  1.64494518e-04 
 1.02000000e+00  1.70852012e-04 
 1.03000000e+00  1.77329999e-04 
 1.04000000e+00  1.83928480e-04 
 1.05000000e+00  1.90647453e-04 
 1.06000000e+00  1.97486918e-04 
 1.07000000e+00  2.04446877e-04 
 1.08000000e+00  2.11527328e-04 
 1.09000000e+00  2.18728272e-04 
 1.10000000e+00  2.26049709e-04 
 1.11000000e+00  2.33491639e-04 
 1.12000000e+00  2.41054062e-04 
 1.13000000e+00  2.48736977e-04 
 1.14000000e+00  2.56540386e-04 
 1.15000000e+00  2.64464287e-04 
 1.16000000e+00  2.72508681e-04 
 1.17000000e+00  2.80673568e-04 
 1.18000000e+00  2.88958947e-04 
 1.19000000e+00  2.97364819e-04 
 1.20000000e+00  3.05891185e-04 
 1.21000000e+00  3.14538043e-04 
 1.22000000e+00  3.23305393e-04 
 1.23000000e+00  3.32193237e-04 
 1.24000000e+00  3.41201574e-04 
 1.25000000e+00  3.50330403e-04 
 1.26000000e+00  3.59579725e-04 
 1.27000000e+00  3.68949540e-04 
 1.28000000e+00  3.78439848e-04 
 1.29000000e+00  3.88050648e-04 
 1.30000000e+00  3.97781941e-04 
 1.31000000e+00  4.07633728e-04 
 1.32000000e+00  4.17606007e-04 
 1.33000000e+00  4.27698778e-04 
 1.34000000e+00  4.37912043e-04 
 1.35000000e+00  4.48245800e-04 
 1.36000000e+00  4.58700051e-04 
 1.37000000e+00  4.69274794e-04 
 1.38000000e+00  4.79970030e-04 
 1.39000000e+00  4.90785758e-04 
 1.40000000e+00  5.01721980e-04 
 1.41000000e+00  5.12778694e-04 
 1.42000000e+00  5.23955901e-04 
 1.43000000e+00  5.35253601e-04 
 1.44000000e+00  5.46671794e-04 
 1.45000000e+00  5.58210480e-04 
 1.46000000e+00  5.69869658e-04 
 1.47000000e+00  5.81649329e-04 
 1.48000000e+00  5.93549493e-04 
 1.49000000e+00  6.05570150e-04 
 1.50000000e+00  6.17711300e-04 
 1.51000000e+00  6.29972942e-04 
 1.52000000e+00  6.42355078e-04 
 1.53000000e+00  6.54857706e-04 
 1.54000000e+00  6.67480827e-04 
 1.55000000e+00  6.80224441e-04 
 1.56000000e+00  6.93088547e-04 
 1.57000000e+00  7.06073147e-04 
 1.58000000e+00  7.19178239e-04 
 1.59000000e+00  7.32403824e-04 
 1.60000000e+00  7.45749902e-04 
 1.61000000e+00  7.59216472e-04 
 1.62000000e+00  7.72803536e-04 
 1.63000000e+00  7.86511092e-04 
 1.64000000e+00  8.00339141e-04 
 1.65000000e+00  8.14287683e-04 
 1.66000000e+00  8.28356718e-04 
 1.67000000e+00  8.42546245e-04 
 1.68000000e+00  8.56856266e-04 
 1.69000000e+00  8.71286779e-04 
 1.70000000e+00  8.85837785e-04 
 1.71000000e+00  9.00509284e-04 
 1.72000000e+00  9.15301275e-04 
 1.73000000e+00  9.30213760e-04 
 1.74000000e+00  9.45246737e-04 
 1.75000000e+00  9.60400207e-04 
 1.76000000e+00  9.75674170e-04 
 1.77000000e+00  9.91068626e-04 
 1.78000000e+00  1.00658357e-03 
 1.79000000e+00  1.02221902e-03 
 1.80000000e+00  1.03797495e-03 
