 0.00000000e+00  1.81000000e-12 
 1.00000000e-02  1.81000000e-12 
 2.00000000e-02  1.81000000e-12 
 3.00000000e-02  1.81000000e-12 
 4.00000000e-02  1.81000000e-12 
 5.00000000e-02  1.81000000e-12 
 6.00000000e-02  1.81000000e-12 
 7.00000000e-02  1.81000000e-12 
 8.00000000e-02  1.81000000e-12 
 9.00000000e-02  1.81000000e-12 
 1.00000000e-01  1.81000000e-12 
 1.10000000e-01  1.81000000e-12 
 1.20000000e-01  1.81000000e-12 
 1.30000000e-01  1.81000000e-12 
 1.40000000e-01  1.81000000e-12 
 1.50000000e-01  1.81000000e-12 
 1.60000000e-01  1.81000000e-12 
 1.70000000e-01  1.81000000e-12 
 1.80000000e-01  1.81000000e-12 
 1.90000000e-01  1.81000000e-12 
 2.00000000e-01  1.81000000e-12 
 2.10000000e-01  1.81000000e-12 
 2.20000000e-01  1.81000000e-12 
 2.30000000e-01  1.81000000e-12 
 2.40000000e-01  1.81000000e-12 
 2.50000000e-01  1.81000000e-12 
 2.60000000e-01  1.81000000e-12 
 2.70000000e-01  1.81000000e-12 
 2.80000000e-01  1.81000000e-12 
 2.90000000e-01  1.81000000e-12 
 3.00000000e-01  1.81000000e-12 
 3.10000000e-01  1.81000000e-12 
 3.20000000e-01  1.81000000e-12 
 3.30000000e-01  1.81000000e-12 
 3.40000000e-01  1.81000000e-12 
 3.50000000e-01  1.81000000e-12 
 3.60000000e-01  1.81000000e-12 
 3.70000000e-01  1.81000000e-12 
 3.80000000e-01  1.81000000e-12 
 3.90000000e-01  1.81000000e-12 
 4.00000000e-01  1.81000000e-12 
 4.10000000e-01  1.81000000e-12 
 4.20000000e-01  1.81000000e-12 
 4.30000000e-01  1.81000000e-12 
 4.40000000e-01  1.81000000e-12 
 4.50000000e-01  1.81000000e-12 
 4.60000000e-01  1.81000000e-12 
 4.70000000e-01  5.17720868e-08 
 4.80000000e-01  2.21418971e-07 
 4.90000000e-01  5.09182347e-07 
 5.00000000e-01  9.15062215e-07 
 5.10000000e-01  1.43905857e-06 
 5.20000000e-01  2.08117143e-06 
 5.30000000e-01  2.84140077e-06 
 5.40000000e-01  3.71974660e-06 
 5.50000000e-01  4.71620893e-06 
 5.60000000e-01  5.83078775e-06 
 5.70000000e-01  7.06348306e-06 
 5.80000000e-01  8.41429486e-06 
 5.90000000e-01  9.88322315e-06 
 6.00000000e-01  1.14702679e-05 
 6.10000000e-01  1.31754292e-05 
 6.20000000e-01  1.49987070e-05 
 6.30000000e-01  1.69401012e-05 
 6.40000000e-01  1.89996120e-05 
 6.50000000e-01  2.11772392e-05 
 6.60000000e-01  2.34729830e-05 
 6.70000000e-01  2.58868432e-05 
 6.80000000e-01  2.84188199e-05 
 6.90000000e-01  3.10689131e-05 
 7.00000000e-01  3.38371228e-05 
 7.10000000e-01  3.67234490e-05 
 7.20000000e-01  3.97278917e-05 
 7.30000000e-01  4.28504509e-05 
 7.40000000e-01  4.60911266e-05 
 7.50000000e-01  4.94499187e-05 
 7.60000000e-01  5.29268274e-05 
 7.70000000e-01  5.65218525e-05 
 7.80000000e-01  6.01759359e-05 
 7.90000000e-01  6.40071940e-05 
 8.00000000e-01  6.79565687e-05 
 8.10000000e-01  7.20240598e-05 
 8.20000000e-01  7.62096674e-05 
 8.30000000e-01  8.05133915e-05 
 8.40000000e-01  8.49352320e-05 
 8.50000000e-01  8.94751891e-05 
 8.60000000e-01  9.41332627e-05 
 8.70000000e-01  9.89094528e-05 
 8.80000000e-01  1.03803759e-04 
 8.90000000e-01  1.08816182e-04 
 9.00000000e-01  1.13946722e-04 
 9.10000000e-01  1.19195378e-04 
 9.20000000e-01  1.24562150e-04 
 9.30000000e-01  1.30047039e-04 
 9.40000000e-01  1.35650045e-04 
 9.50000000e-01  1.41371167e-04 
 9.60000000e-01  1.47210405e-04 
 9.70000000e-01  1.53167760e-04 
 9.80000000e-01  1.59243232e-04 
 9.90000000e-01  1.65436820e-04 
 1.00000000e+00  1.71748524e-04 
 1.01000000e+00  1.78178345e-04 
 1.02000000e+00  1.84726283e-04 
 1.03000000e+00  1.91392337e-04 
 1.04000000e+00  1.98176507e-04 
 1.05000000e+00  2.05078794e-04 
 1.06000000e+00  2.12099197e-04 
 1.07000000e+00  2.19237717e-04 
 1.08000000e+00  2.26494354e-04 
 1.09000000e+00  2.33869107e-04 
 1.10000000e+00  2.41361976e-04 
 1.11000000e+00  2.48972962e-04 
 1.12000000e+00  2.56702064e-04 
 1.13000000e+00  2.64549283e-04 
 1.14000000e+00  2.72514618e-04 
 1.15000000e+00  2.80598070e-04 
 1.16000000e+00  2.88799638e-04 
 1.17000000e+00  2.97119323e-04 
 1.18000000e+00  3.05557125e-04 
 1.19000000e+00  3.14113042e-04 
 1.20000000e+00  3.22787077e-04 
 1.21000000e+00  3.31579227e-04 
 1.22000000e+00  3.40489495e-04 
 1.23000000e+00  3.49517878e-04 
 1.24000000e+00  3.58664379e-04 
 1.25000000e+00  3.67928995e-04 
 1.26000000e+00  3.77311729e-04 
 1.27000000e+00  3.86812578e-04 
 1.28000000e+00  3.96431545e-04 
 1.29000000e+00  4.06168627e-04 
 1.30000000e+00  4.16023827e-04 
 1.31000000e+00  4.25997142e-04 
 1.32000000e+00  4.36088574e-04 
 1.33000000e+00  4.46298123e-04 
 1.34000000e+00  4.56625788e-04 
 1.35000000e+00  4.67071570e-04 
 1.36000000e+00  4.77635468e-04 
 1.37000000e+00  4.88317483e-04 
 1.38000000e+00  4.99117614e-04 
 1.39000000e+00  5.10035862e-04 
 1.40000000e+00  5.21072226e-04 
 1.41000000e+00  5.32226706e-04 
 1.42000000e+00  5.43499303e-04 
 1.43000000e+00  5.54890017e-04 
 1.44000000e+00  5.66398847e-04 
 1.45000000e+00  5.78025794e-04 
 1.46000000e+00  5.89770857e-04 
 1.47000000e+00  6.01634036e-04 
 1.48000000e+00  6.13615332e-04 
 1.49000000e+00  6.25714745e-04 
 1.50000000e+00  6.37932274e-04 
 1.51000000e+00  6.50267919e-04 
 1.52000000e+00  6.62721681e-04 
 1.53000000e+00  6.75293560e-04 
 1.54000000e+00  6.87983555e-04 
 1.55000000e+00  7.00791667e-04 
 1.56000000e+00  7.13717895e-04 
 1.57000000e+00  7.26762239e-04 
 1.58000000e+00  7.39924700e-04 
 1.59000000e+00  7.53205277e-04 
 1.60000000e+00  7.66603971e-04 
 1.61000000e+00  7.80120782e-04 
 1.62000000e+00  7.93755709e-04 
 1.63000000e+00  8.07508752e-04 
 1.64000000e+00  8.21379912e-04 
 1.65000000e+00  8.35369189e-04 
 1.66000000e+00  8.49476581e-04 
 1.67000000e+00  8.63702091e-04 
 1.68000000e+00  8.78045717e-04 
 1.69000000e+00  8.92507459e-04 
 1.70000000e+00  9.07087318e-04 
 1.71000000e+00  9.21785293e-04 
 1.72000000e+00  9.36601385e-04 
 1.73000000e+00  9.51535594e-04 
 1.74000000e+00  9.66587918e-04 
 1.75000000e+00  9.81758360e-04 
 1.76000000e+00  9.97046918e-04 
 1.77000000e+00  1.01245359e-03 
 1.78000000e+00  1.02797838e-03 
 1.79000000e+00  1.04362129e-03 
 1.80000000e+00  1.05938231e-03 
