 1.80000000e+00  1.80000002e-12 
 1.79000000e+00  1.80000002e-12 
 1.78000000e+00  1.80000002e-12 
 1.77000000e+00  1.80000002e-12 
 1.76000000e+00  1.80000002e-12 
 1.75000000e+00  1.80000002e-12 
 1.74000000e+00  1.80000002e-12 
 1.73000000e+00  1.80000002e-12 
 1.72000000e+00  1.80000002e-12 
 1.71000000e+00  1.80000002e-12 
 1.70000000e+00  1.80000002e-12 
 1.69000000e+00  1.80000002e-12 
 1.68000000e+00  1.80000002e-12 
 1.67000000e+00  1.80000002e-12 
 1.66000000e+00  1.80000002e-12 
 1.65000000e+00  1.80000002e-12 
 1.64000000e+00  1.80000002e-12 
 1.63000000e+00  1.80000002e-12 
 1.62000000e+00  1.80000002e-12 
 1.61000000e+00  1.80000002e-12 
 1.60000000e+00  1.80000002e-12 
 1.59000000e+00  1.80000002e-12 
 1.58000000e+00  1.80000002e-12 
 1.57000000e+00  1.80000002e-12 
 1.56000000e+00  1.80000002e-12 
 1.55000000e+00  1.80000002e-12 
 1.54000000e+00  1.80000002e-12 
 1.53000000e+00  1.80000002e-12 
 1.52000000e+00  1.80000002e-12 
 1.51000000e+00  1.80000002e-12 
 1.50000000e+00  1.80000002e-12 
 1.49000000e+00  1.80000002e-12 
 1.48000000e+00  1.80000002e-12 
 1.47000000e+00  1.80000002e-12 
 1.46000000e+00  1.80000002e-12 
 1.45000000e+00  1.80000002e-12 
 1.44000000e+00  1.80000002e-12 
 1.43000000e+00  1.80000002e-12 
 1.42000000e+00  1.80000002e-12 
 1.41000000e+00  1.80000002e-12 
 1.40000000e+00  1.80000002e-12 
 1.39000000e+00  1.80000002e-12 
 1.38000000e+00  1.80000002e-12 
 1.37000000e+00  1.80000002e-12 
 1.36000000e+00  1.80000002e-12 
 1.35000000e+00  1.80000002e-12 
 1.34000000e+00  1.80000002e-12 
 1.33000000e+00  1.80000002e-12 
 1.32000000e+00  1.80000002e-12 
 1.31000000e+00  1.80000002e-12 
 1.30000000e+00  1.80000002e-12 
 1.29000000e+00  1.80000002e-12 
 1.28000000e+00  1.80000002e-12 
 1.27000000e+00  1.80000002e-12 
 1.26000000e+00  1.80000002e-12 
 1.25000000e+00  1.80000002e-12 
 1.24000000e+00  1.80000002e-12 
 1.23000000e+00  1.80000002e-12 
 1.22000000e+00  1.80000002e-12 
 1.21000000e+00  1.80000002e-12 
 1.20000000e+00  1.05487544e-09 
 1.19000000e+00  1.08809540e-07 
 1.18000000e+00  3.93468501e-07 
 1.17000000e+00  8.55031758e-07 
 1.16000000e+00  1.49349931e-06 
 1.15000000e+00  2.30887116e-06 
 1.14000000e+00  3.30114731e-06 
 1.13000000e+00  4.47032775e-06 
 1.12000000e+00  5.81641249e-06 
 1.11000000e+00  7.33940152e-06 
 1.10000000e+00  9.03929486e-06 
 1.09000000e+00  1.09160925e-05 
 1.08000000e+00  1.29697944e-05 
 1.07000000e+00  1.52004006e-05 
 1.06000000e+00  1.76079111e-05 
 1.05000000e+00  2.01923260e-05 
 1.04000000e+00  2.29536451e-05 
 1.03000000e+00  2.58918685e-05 
 1.02000000e+00  2.90069962e-05 
 1.01000000e+00  3.22990282e-05 
 1.00000000e+00  3.57679645e-05 
 9.90000000e-01  3.94138051e-05 
 9.80000000e-01  4.32365499e-05 
 9.70000000e-01  4.72361991e-05 
 9.60000000e-01  5.14127526e-05 
 9.50000000e-01  5.57662104e-05 
 9.40000000e-01  6.02965725e-05 
 9.30000000e-01  6.50038388e-05 
 9.20000000e-01  6.98880095e-05 
 9.10000000e-01  7.49490845e-05 
 9.00000000e-01  8.01870637e-05 
 8.90000000e-01  8.56019473e-05 
 8.80000000e-01  9.11052830e-05 
 8.70000000e-01  9.68739751e-05 
 8.60000000e-01  1.02819572e-04 
 8.50000000e-01  1.08942072e-04 
 8.40000000e-01  1.15241477e-04 
 8.30000000e-01  1.21717787e-04 
 8.20000000e-01  1.28371000e-04 
 8.10000000e-01  1.35201118e-04 
 8.00000000e-01  1.42208140e-04 
 7.90000000e-01  1.49392067e-04 
 7.80000000e-01  1.56752898e-04 
 7.70000000e-01  1.64290633e-04 
 7.60000000e-01  1.72005272e-04 
 7.50000000e-01  1.79896816e-04 
 7.40000000e-01  1.87965264e-04 
 7.30000000e-01  1.96210616e-04 
 7.20000000e-01  2.04632873e-04 
 7.10000000e-01  2.13232034e-04 
 7.00000000e-01  2.22008099e-04 
 6.90000000e-01  2.30961068e-04 
 6.80000000e-01  2.40090942e-04 
 6.70000000e-01  2.49397720e-04 
 6.60000000e-01  2.58881403e-04 
 6.50000000e-01  2.68541989e-04 
 6.40000000e-01  2.78379480e-04 
 6.30000000e-01  2.88393876e-04 
 6.20000000e-01  2.98585175e-04 
 6.10000000e-01  3.08953379e-04 
 6.00000000e-01  3.19498487e-04 
 5.90000000e-01  3.30220500e-04 
 5.80000000e-01  3.41119416e-04 
 5.70000000e-01  3.52195237e-04 
 5.60000000e-01  3.63447963e-04 
 5.50000000e-01  3.74877592e-04 
 5.40000000e-01  3.86484126e-04 
 5.30000000e-01  3.98267564e-04 
 5.20000000e-01  4.10227907e-04 
 5.10000000e-01  4.22365154e-04 
 5.00000000e-01  4.34679305e-04 
 4.90000000e-01  4.47170360e-04 
 4.80000000e-01  4.59838320e-04 
 4.70000000e-01  4.72683184e-04 
 4.60000000e-01  4.85704952e-04 
 4.50000000e-01  4.98903625e-04 
 4.40000000e-01  5.12279202e-04 
 4.30000000e-01  5.25831683e-04 
 4.20000000e-01  5.39561068e-04 
 4.10000000e-01  5.53467358e-04 
 4.00000000e-01  5.67550552e-04 
 3.90000000e-01  5.81810651e-04 
 3.80000000e-01  5.96247653e-04 
 3.70000000e-01  6.10861560e-04 
 3.60000000e-01  6.25652372e-04 
 3.50000000e-01  6.40620087e-04 
 3.40000000e-01  6.55764707e-04 
 3.30000000e-01  6.71086231e-04 
 3.20000000e-01  6.86584659e-04 
 3.10000000e-01  7.02259992e-04 
 3.00000000e-01  7.18112229e-04 
 2.90000000e-01  7.34141371e-04 
 2.80000000e-01  7.50347416e-04 
 2.70000000e-01  7.66730366e-04 
 2.60000000e-01  7.83290220e-04 
 2.50000000e-01  8.00026979e-04 
 2.40000000e-01  8.16940642e-04 
 2.30000000e-01  8.34031209e-04 
 2.20000000e-01  8.51298680e-04 
 2.10000000e-01  8.68743056e-04 
 2.00000000e-01  8.86364336e-04 
 1.90000000e-01  9.04162520e-04 
 1.80000000e-01  9.22137609e-04 
 1.70000000e-01  9.40289602e-04 
 1.60000000e-01  9.58618499e-04 
 1.50000000e-01  9.77124300e-04 
 1.40000000e-01  9.95807006e-04 
 1.30000000e-01  1.01466662e-03 
 1.20000000e-01  1.03370313e-03 
 1.10000000e-01  1.05291655e-03 
 1.00000000e-01  1.07230687e-03 
 9.00000000e-02  1.09187410e-03 
 8.00000000e-02  1.11161823e-03 
 7.00000000e-02  1.13153927e-03 
 6.00000000e-02  1.15163721e-03 
 5.00000000e-02  1.17191205e-03 
 4.00000000e-02  1.19236380e-03 
 3.00000000e-02  1.21299245e-03 
 2.00000000e-02  1.23379801e-03 
 1.00000000e-02  1.25478047e-03 
-1.41900380e-15  1.27593984e-03 
