 0.00000000e+00  1.81000000e-12 
 1.00000000e-02  1.81000000e-12 
 2.00000000e-02  1.81000000e-12 
 3.00000000e-02  1.81000000e-12 
 4.00000000e-02  1.81000000e-12 
 5.00000000e-02  1.81000000e-12 
 6.00000000e-02  1.81000000e-12 
 7.00000000e-02  1.81000000e-12 
 8.00000000e-02  1.81000000e-12 
 9.00000000e-02  1.81000000e-12 
 1.00000000e-01  1.81000000e-12 
 1.10000000e-01  1.81000000e-12 
 1.20000000e-01  1.81000000e-12 
 1.30000000e-01  1.81000000e-12 
 1.40000000e-01  1.81000000e-12 
 1.50000000e-01  1.81000000e-12 
 1.60000000e-01  1.81000000e-12 
 1.70000000e-01  1.81000000e-12 
 1.80000000e-01  1.81000000e-12 
 1.90000000e-01  1.81000000e-12 
 2.00000000e-01  1.81000000e-12 
 2.10000000e-01  1.81000000e-12 
 2.20000000e-01  1.81000000e-12 
 2.30000000e-01  1.81000000e-12 
 2.40000000e-01  1.81000000e-12 
 2.50000000e-01  1.81000000e-12 
 2.60000000e-01  1.81000000e-12 
 2.70000000e-01  1.81000000e-12 
 2.80000000e-01  1.81000000e-12 
 2.90000000e-01  1.81000000e-12 
 3.00000000e-01  1.81000000e-12 
 3.10000000e-01  1.81000000e-12 
 3.20000000e-01  1.81000000e-12 
 3.30000000e-01  1.81000000e-12 
 3.40000000e-01  1.81000000e-12 
 3.50000000e-01  1.81000000e-12 
 3.60000000e-01  1.81000000e-12 
 3.70000000e-01  1.81000000e-12 
 3.80000000e-01  1.81000000e-12 
 3.90000000e-01  1.81000000e-12 
 4.00000000e-01  1.81000000e-12 
 4.10000000e-01  1.81000000e-12 
 4.20000000e-01  1.81000000e-12 
 4.30000000e-01  1.81000000e-12 
 4.40000000e-01  1.81000000e-12 
 4.50000000e-01  1.81000000e-12 
 4.60000000e-01  1.81000000e-12 
 4.70000000e-01  1.81000000e-12 
 4.80000000e-01  1.81000000e-12 
 4.90000000e-01  1.81000000e-12 
 5.00000000e-01  2.59434954e-08 
 5.10000000e-01  1.70552657e-07 
 5.20000000e-01  4.42082938e-07 
 5.30000000e-01  8.40534338e-07 
 5.40000000e-01  1.36590686e-06 
 5.50000000e-01  2.01820050e-06 
 5.60000000e-01  2.79741526e-06 
 5.70000000e-01  3.70355114e-06 
 5.80000000e-01  4.73660814e-06 
 5.90000000e-01  5.89658626e-06 
 6.00000000e-01  7.18348550e-06 
 6.10000000e-01  8.59730586e-06 
 6.20000000e-01  1.01380473e-05 
 6.30000000e-01  1.18057099e-05 
 6.40000000e-01  1.36002937e-05 
 6.50000000e-01  1.55217985e-05 
 6.60000000e-01  1.75702244e-05 
 6.70000000e-01  1.97455715e-05 
 6.80000000e-01  2.20478397e-05 
 6.90000000e-01  2.44770290e-05 
 7.00000000e-01  2.70331395e-05 
 7.10000000e-01  2.97161710e-05 
 7.20000000e-01  3.25261237e-05 
 7.30000000e-01  3.54629975e-05 
 7.40000000e-01  3.85267924e-05 
 7.50000000e-01  4.17175085e-05 
 7.60000000e-01  4.50351456e-05 
 7.70000000e-01  4.84797039e-05 
 7.80000000e-01  5.20511833e-05 
 7.90000000e-01  5.57495838e-05 
 8.00000000e-01  5.95749054e-05 
 8.10000000e-01  6.34636876e-05 
 8.20000000e-01  6.75428515e-05 
 8.30000000e-01  7.17489365e-05 
 8.40000000e-01  7.60819426e-05 
 8.50000000e-01  8.05418698e-05 
 8.60000000e-01  8.51287182e-05 
 8.70000000e-01  8.98424877e-05 
 8.80000000e-01  9.46831782e-05 
 8.90000000e-01  9.96507900e-05 
 9.00000000e-01  1.04745323e-04 
 9.10000000e-01  1.09966777e-04 
 9.20000000e-01  1.15315152e-04 
 9.30000000e-01  1.20790448e-04 
 9.40000000e-01  1.26392665e-04 
 9.50000000e-01  1.32121804e-04 
 9.60000000e-01  1.37977863e-04 
 9.70000000e-01  1.43960844e-04 
 9.80000000e-01  1.50070746e-04 
 9.90000000e-01  1.56307569e-04 
 1.00000000e+00  1.62671313e-04 
 1.01000000e+00  1.69161978e-04 
 1.02000000e+00  1.75779564e-04 
 1.03000000e+00  1.82524072e-04 
 1.04000000e+00  1.89395500e-04 
 1.05000000e+00  1.96393850e-04 
 1.06000000e+00  2.03519120e-04 
 1.07000000e+00  2.10771312e-04 
 1.08000000e+00  2.18150425e-04 
 1.09000000e+00  2.25656459e-04 
 1.10000000e+00  2.33289415e-04 
 1.11000000e+00  2.41049291e-04 
 1.12000000e+00  2.48936088e-04 
 1.13000000e+00  2.56949807e-04 
 1.14000000e+00  2.65090447e-04 
 1.15000000e+00  2.73358008e-04 
 1.16000000e+00  2.81752489e-04 
 1.17000000e+00  2.90273893e-04 
 1.18000000e+00  2.98922217e-04 
 1.19000000e+00  3.07697462e-04 
 1.20000000e+00  3.16599628e-04 
 1.21000000e+00  3.25628716e-04 
 1.22000000e+00  3.34784725e-04 
 1.23000000e+00  3.44067654e-04 
 1.24000000e+00  3.53477505e-04 
 1.25000000e+00  3.63014277e-04 
 1.26000000e+00  3.72677970e-04 
 1.27000000e+00  3.82468585e-04 
 1.28000000e+00  3.92386120e-04 
 1.29000000e+00  4.02430577e-04 
 1.30000000e+00  4.12601954e-04 
 1.31000000e+00  4.22900253e-04 
 1.32000000e+00  4.33325473e-04 
 1.33000000e+00  4.43877614e-04 
 1.34000000e+00  4.54556676e-04 
 1.35000000e+00  4.65362659e-04 
 1.36000000e+00  4.76295563e-04 
 1.37000000e+00  4.87355389e-04 
 1.38000000e+00  4.98542136e-04 
 1.39000000e+00  5.09855803e-04 
 1.40000000e+00  5.21296392e-04 
 1.41000000e+00  5.32863902e-04 
 1.42000000e+00  5.44558333e-04 
 1.43000000e+00  5.56379685e-04 
 1.44000000e+00  5.68327959e-04 
 1.45000000e+00  5.80403153e-04 
 1.46000000e+00  5.92605268e-04 
 1.47000000e+00  6.04934305e-04 
 1.48000000e+00  6.17390263e-04 
 1.49000000e+00  6.29973142e-04 
 1.50000000e+00  6.42682942e-04 
 1.51000000e+00  6.55519663e-04 
 1.52000000e+00  6.68483305e-04 
 1.53000000e+00  6.81573869e-04 
 1.54000000e+00  6.94791353e-04 
 1.55000000e+00  7.08135759e-04 
 1.56000000e+00  7.21607085e-04 
 1.57000000e+00  7.35205333e-04 
 1.58000000e+00  7.48930502e-04 
 1.59000000e+00  7.62782592e-04 
 1.60000000e+00  7.76761604e-04 
 1.61000000e+00  7.90867536e-04 
 1.62000000e+00  8.05100389e-04 
 1.63000000e+00  8.19460164e-04 
 1.64000000e+00  8.33946860e-04 
 1.65000000e+00  8.48560476e-04 
 1.66000000e+00  8.63301014e-04 
 1.67000000e+00  8.78168473e-04 
 1.68000000e+00  8.93162854e-04 
 1.69000000e+00  9.08284155e-04 
 1.70000000e+00  9.23532377e-04 
 1.71000000e+00  9.38907521e-04 
 1.72000000e+00  9.54409586e-04 
 1.73000000e+00  9.70038571e-04 
 1.74000000e+00  9.85794478e-04 
 1.75000000e+00  1.00167731e-03 
 1.76000000e+00  1.01768706e-03 
 1.77000000e+00  1.03382373e-03 
 1.78000000e+00  1.05008732e-03 
 1.79000000e+00  1.06647783e-03 
 1.80000000e+00  1.08299526e-03 
