 0.00000000e+00  1.81000000e-12 
 1.00000000e-02  1.81000000e-12 
 2.00000000e-02  1.81000000e-12 
 3.00000000e-02  1.81000000e-12 
 4.00000000e-02  1.81000000e-12 
 5.00000000e-02  1.81000000e-12 
 6.00000000e-02  1.81000000e-12 
 7.00000000e-02  1.81000000e-12 
 8.00000000e-02  1.81000000e-12 
 9.00000000e-02  1.81000000e-12 
 1.00000000e-01  1.81000000e-12 
 1.10000000e-01  1.81000000e-12 
 1.20000000e-01  1.81000000e-12 
 1.30000000e-01  1.81000000e-12 
 1.40000000e-01  1.81000000e-12 
 1.50000000e-01  1.81000000e-12 
 1.60000000e-01  1.81000000e-12 
 1.70000000e-01  1.81000000e-12 
 1.80000000e-01  1.81000000e-12 
 1.90000000e-01  1.81000000e-12 
 2.00000000e-01  1.81000000e-12 
 2.10000000e-01  1.81000000e-12 
 2.20000000e-01  1.81000000e-12 
 2.30000000e-01  1.81000000e-12 
 2.40000000e-01  1.81000000e-12 
 2.50000000e-01  1.81000000e-12 
 2.60000000e-01  1.81000000e-12 
 2.70000000e-01  1.81000000e-12 
 2.80000000e-01  1.81000000e-12 
 2.90000000e-01  1.81000000e-12 
 3.00000000e-01  1.81000000e-12 
 3.10000000e-01  1.81000000e-12 
 3.20000000e-01  1.81000000e-12 
 3.30000000e-01  1.81000000e-12 
 3.40000000e-01  1.81000000e-12 
 3.50000000e-01  1.81000000e-12 
 3.60000000e-01  1.81000000e-12 
 3.70000000e-01  1.81000000e-12 
 3.80000000e-01  1.81000000e-12 
 3.90000000e-01  1.81000000e-12 
 4.00000000e-01  1.81000000e-12 
 4.10000000e-01  1.81000000e-12 
 4.20000000e-01  1.81000000e-12 
 4.30000000e-01  1.81000000e-12 
 4.40000000e-01  1.81000000e-12 
 4.50000000e-01  1.81000000e-12 
 4.60000000e-01  1.81000000e-12 
 4.70000000e-01  1.81000000e-12 
 4.80000000e-01  1.81000000e-12 
 4.90000000e-01  1.81000000e-12 
 5.00000000e-01  1.81000000e-12 
 5.10000000e-01  1.81000000e-12 
 5.20000000e-01  1.81000000e-12 
 5.30000000e-01  2.63636029e-08 
 5.40000000e-01  1.67028899e-07 
 5.50000000e-01  4.29047513e-07 
 5.60000000e-01  8.12419445e-07 
 5.70000000e-01  1.31714470e-06 
 5.80000000e-01  1.94322326e-06 
 5.90000000e-01  2.69065515e-06 
 6.00000000e-01  3.55944035e-06 
 6.10000000e-01  4.54957888e-06 
 6.20000000e-01  5.66107071e-06 
 6.30000000e-01  6.89391587e-06 
 6.40000000e-01  8.24811435e-06 
 6.50000000e-01  9.72366614e-06 
 6.60000000e-01  1.13205713e-05 
 6.70000000e-01  1.30388297e-05 
 6.80000000e-01  1.48784414e-05 
 6.90000000e-01  1.68394065e-05 
 7.00000000e-01  1.89217249e-05 
 7.10000000e-01  2.11253966e-05 
 7.20000000e-01  2.34504216e-05 
 7.30000000e-01  2.58967999e-05 
 7.40000000e-01  2.84645316e-05 
 7.50000000e-01  3.11536166e-05 
 7.60000000e-01  3.39640549e-05 
 7.70000000e-01  3.68958465e-05 
 7.80000000e-01  3.99489914e-05 
 7.90000000e-01  4.31234896e-05 
 8.00000000e-01  4.64193412e-05 
 8.10000000e-01  4.98365461e-05 
 8.20000000e-01  5.33751043e-05 
 8.30000000e-01  5.70350158e-05 
 8.40000000e-01  6.07556040e-05 
 8.50000000e-01  6.46582221e-05 
 8.60000000e-01  6.86821936e-05 
 8.70000000e-01  7.28275184e-05 
 8.80000000e-01  7.70941965e-05 
 8.90000000e-01  8.14822279e-05 
 9.00000000e-01  8.59916127e-05 
 9.10000000e-01  9.06223507e-05 
 9.20000000e-01  9.53744421e-05 
 9.30000000e-01  1.00247887e-04 
 9.40000000e-01  1.05242685e-04 
 9.50000000e-01  1.10358836e-04 
 9.60000000e-01  1.15596341e-04 
 9.70000000e-01  1.20955199e-04 
 9.80000000e-01  1.26435410e-04 
 9.90000000e-01  1.32036975e-04 
 1.00000000e+00  1.37759893e-04 
 1.01000000e+00  1.43604164e-04 
 1.02000000e+00  1.49569788e-04 
 1.03000000e+00  1.55656766e-04 
 1.04000000e+00  1.61865097e-04 
 1.05000000e+00  1.68194782e-04 
 1.06000000e+00  1.74645820e-04 
 1.07000000e+00  1.81218211e-04 
 1.08000000e+00  1.87911955e-04 
 1.09000000e+00  1.94727053e-04 
 1.10000000e+00  2.01663504e-04 
 1.11000000e+00  2.08721309e-04 
 1.12000000e+00  2.15900466e-04 
 1.13000000e+00  2.23200978e-04 
 1.14000000e+00  2.30622842e-04 
 1.15000000e+00  2.38166060e-04 
 1.16000000e+00  2.45830631e-04 
 1.17000000e+00  2.53616555e-04 
 1.18000000e+00  2.61523833e-04 
 1.19000000e+00  2.69552464e-04 
 1.20000000e+00  2.77702448e-04 
 1.21000000e+00  2.85973785e-04 
 1.22000000e+00  2.94366476e-04 
 1.23000000e+00  3.02880521e-04 
 1.24000000e+00  3.11515918e-04 
 1.25000000e+00  3.20272669e-04 
 1.26000000e+00  3.29150773e-04 
 1.27000000e+00  3.38150231e-04 
 1.28000000e+00  3.47271042e-04 
 1.29000000e+00  3.56513206e-04 
 1.30000000e+00  3.65876723e-04 
 1.31000000e+00  3.75361594e-04 
 1.32000000e+00  3.84967818e-04 
 1.33000000e+00  3.94695395e-04 
 1.34000000e+00  4.04544326e-04 
 1.35000000e+00  4.14514610e-04 
 1.36000000e+00  4.24606248e-04 
 1.37000000e+00  4.34819238e-04 
 1.38000000e+00  4.45153582e-04 
 1.39000000e+00  4.55609280e-04 
 1.40000000e+00  4.66186330e-04 
 1.41000000e+00  4.76884734e-04 
 1.42000000e+00  4.87704492e-04 
 1.43000000e+00  4.98645602e-04 
 1.44000000e+00  5.09708066e-04 
 1.45000000e+00  5.20891883e-04 
 1.46000000e+00  5.32197054e-04 
 1.47000000e+00  5.43623578e-04 
 1.48000000e+00  5.55171455e-04 
 1.49000000e+00  5.66840685e-04 
 1.50000000e+00  5.78631269e-04 
 1.51000000e+00  5.90543206e-04 
 1.52000000e+00  6.02576497e-04 
 1.53000000e+00  6.14731141e-04 
 1.54000000e+00  6.27007138e-04 
 1.55000000e+00  6.39404488e-04 
 1.56000000e+00  6.51923192e-04 
 1.57000000e+00  6.64563249e-04 
 1.58000000e+00  6.77324659e-04 
 1.59000000e+00  6.90207423e-04 
 1.60000000e+00  7.03211540e-04 
 1.61000000e+00  7.16337010e-04 
 1.62000000e+00  7.29583834e-04 
 1.63000000e+00  7.42952011e-04 
 1.64000000e+00  7.56441541e-04 
 1.65000000e+00  7.70052425e-04 
 1.66000000e+00  7.83784662e-04 
 1.67000000e+00  7.97638252e-04 
 1.68000000e+00  8.11613195e-04 
 1.69000000e+00  8.25709492e-04 
 1.70000000e+00  8.39927142e-04 
 1.71000000e+00  8.54266146e-04 
 1.72000000e+00  8.68726503e-04 
 1.73000000e+00  8.83308213e-04 
 1.74000000e+00  8.98011276e-04 
 1.75000000e+00  9.12835693e-04 
 1.76000000e+00  9.27781463e-04 
 1.77000000e+00  9.42848587e-04 
 1.78000000e+00  9.58037063e-04 
 1.79000000e+00  9.73346893e-04 
 1.80000000e+00  9.88778077e-04 
