 1.80000000e+00  1.81000000e-12 
 1.79000000e+00  1.81000000e-12 
 1.78000000e+00  1.81000000e-12 
 1.77000000e+00  1.81000000e-12 
 1.76000000e+00  1.81000000e-12 
 1.75000000e+00  1.81000000e-12 
 1.74000000e+00  1.81000000e-12 
 1.73000000e+00  1.81000000e-12 
 1.72000000e+00  1.81000000e-12 
 1.71000000e+00  1.81000000e-12 
 1.70000000e+00  1.81000000e-12 
 1.69000000e+00  1.81000000e-12 
 1.68000000e+00  1.81000000e-12 
 1.67000000e+00  1.81000000e-12 
 1.66000000e+00  1.81000000e-12 
 1.65000000e+00  1.81000000e-12 
 1.64000000e+00  1.81000000e-12 
 1.63000000e+00  1.81000000e-12 
 1.62000000e+00  1.81000000e-12 
 1.61000000e+00  1.81000000e-12 
 1.60000000e+00  1.81000000e-12 
 1.59000000e+00  1.81000000e-12 
 1.58000000e+00  1.81000000e-12 
 1.57000000e+00  1.81000000e-12 
 1.56000000e+00  1.81000000e-12 
 1.55000000e+00  1.81000000e-12 
 1.54000000e+00  1.81000000e-12 
 1.53000000e+00  1.81000000e-12 
 1.52000000e+00  1.81000000e-12 
 1.51000000e+00  1.81000000e-12 
 1.50000000e+00  1.81000000e-12 
 1.49000000e+00  1.81000000e-12 
 1.48000000e+00  1.81000000e-12 
 1.47000000e+00  1.81000000e-12 
 1.46000000e+00  1.81000000e-12 
 1.45000000e+00  1.81000000e-12 
 1.44000000e+00  1.81000000e-12 
 1.43000000e+00  1.81000000e-12 
 1.42000000e+00  1.81000000e-12 
 1.41000000e+00  1.81000000e-12 
 1.40000000e+00  1.81000000e-12 
 1.39000000e+00  1.81000000e-12 
 1.38000000e+00  1.81000000e-12 
 1.37000000e+00  1.81000000e-12 
 1.36000000e+00  1.81000000e-12 
 1.35000000e+00  1.81000000e-12 
 1.34000000e+00  1.81000000e-12 
 1.33000000e+00  1.81000000e-12 
 1.32000000e+00  1.81000000e-12 
 1.31000000e+00  4.62104045e-08 
 1.30000000e+00  2.06047928e-07 
 1.29000000e+00  4.80090349e-07 
 1.28000000e+00  8.68337666e-07 
 1.27000000e+00  1.37078988e-06 
 1.26000000e+00  1.98744699e-06 
 1.25000000e+00  2.71830900e-06 
 1.24000000e+00  3.56337591e-06 
 1.23000000e+00  4.52264771e-06 
 1.22000000e+00  5.59612442e-06 
 1.21000000e+00  6.78380602e-06 
 1.20000000e+00  8.08569251e-06 
 1.19000000e+00  9.50178390e-06 
 1.18000000e+00  1.10320802e-05 
 1.17000000e+00  1.26765814e-05 
 1.16000000e+00  1.44352875e-05 
 1.15000000e+00  1.63081985e-05 
 1.14000000e+00  1.82953143e-05 
 1.13000000e+00  2.03966351e-05 
 1.12000000e+00  2.26121608e-05 
 1.11000000e+00  2.49418914e-05 
 1.10000000e+00  2.73858268e-05 
 1.09000000e+00  2.99439672e-05 
 1.08000000e+00  3.26163124e-05 
 1.07000000e+00  3.54028626e-05 
 1.06000000e+00  3.83036177e-05 
 1.05000000e+00  4.13185776e-05 
 1.04000000e+00  4.44477425e-05 
 1.03000000e+00  4.76911122e-05 
 1.02000000e+00  5.10486869e-05 
 1.01000000e+00  5.45204664e-05 
 1.00000000e+00  5.80493484e-05 
 9.90000000e-01  6.17495377e-05 
 9.80000000e-01  6.55639320e-05 
 9.70000000e-01  6.94925311e-05 
 9.60000000e-01  7.35353351e-05 
 9.50000000e-01  7.76923441e-05 
 9.40000000e-01  8.19635579e-05 
 9.30000000e-01  8.63489766e-05 
 9.20000000e-01  9.08486002e-05 
 9.10000000e-01  9.54624288e-05 
 9.00000000e-01  1.00190462e-04 
 8.90000000e-01  1.05032700e-04 
 8.80000000e-01  1.09989144e-04 
 8.70000000e-01  1.15059792e-04 
 8.60000000e-01  1.20244645e-04 
 8.50000000e-01  1.25543703e-04 
 8.40000000e-01  1.30956965e-04 
 8.30000000e-01  1.36484433e-04 
 8.20000000e-01  1.42126106e-04 
 8.10000000e-01  1.47881983e-04 
 8.00000000e-01  1.53752066e-04 
 7.90000000e-01  1.59736353e-04 
 7.80000000e-01  1.65834845e-04 
 7.70000000e-01  1.72047542e-04 
 7.60000000e-01  1.78374444e-04 
 7.50000000e-01  1.84815551e-04 
 7.40000000e-01  1.91370863e-04 
 7.30000000e-01  1.98040379e-04 
 7.20000000e-01  2.04824101e-04 
 7.10000000e-01  2.11722028e-04 
 7.00000000e-01  2.18734159e-04 
 6.90000000e-01  2.25860495e-04 
 6.80000000e-01  2.33101036e-04 
 6.70000000e-01  2.40455782e-04 
 6.60000000e-01  2.47924733e-04 
 6.50000000e-01  2.55507889e-04 
 6.40000000e-01  2.63205250e-04 
 6.30000000e-01  2.71016816e-04 
 6.20000000e-01  2.78942586e-04 
 6.10000000e-01  2.86982561e-04 
 6.00000000e-01  2.95136742e-04 
 5.90000000e-01  3.03405127e-04 
 5.80000000e-01  3.11787717e-04 
 5.70000000e-01  3.20284512e-04 
 5.60000000e-01  3.28895512e-04 
 5.50000000e-01  3.37620717e-04 
 5.40000000e-01  3.46460127e-04 
 5.30000000e-01  3.55413741e-04 
 5.20000000e-01  3.64481561e-04 
 5.10000000e-01  3.73663585e-04 
 5.00000000e-01  3.82959814e-04 
 4.90000000e-01  3.92370249e-04 
 4.80000000e-01  4.01894888e-04 
 4.70000000e-01  4.11533732e-04 
 4.60000000e-01  4.21286781e-04 
 4.50000000e-01  4.31154034e-04 
 4.40000000e-01  4.41135493e-04 
 4.30000000e-01  4.51231157e-04 
 4.20000000e-01  4.61441025e-04 
 4.10000000e-01  4.71765099e-04 
 4.00000000e-01  4.82203377e-04 
 3.90000000e-01  4.92755860e-04 
 3.80000000e-01  5.03422548e-04 
 3.70000000e-01  5.14203441e-04 
 3.60000000e-01  5.25098539e-04 
 3.50000000e-01  5.36107842e-04 
 3.40000000e-01  5.47231349e-04 
 3.30000000e-01  5.58469062e-04 
 3.20000000e-01  5.69820979e-04 
 3.10000000e-01  5.81287102e-04 
 3.00000000e-01  5.92867429e-04 
 2.90000000e-01  6.04561961e-04 
 2.80000000e-01  6.16370698e-04 
 2.70000000e-01  6.28293640e-04 
 2.60000000e-01  6.40330787e-04 
 2.50000000e-01  6.52482139e-04 
 2.40000000e-01  6.64747695e-04 
 2.30000000e-01  6.77127457e-04 
 2.20000000e-01  6.89621423e-04 
 2.10000000e-01  7.02229595e-04 
 2.00000000e-01  7.14951971e-04 
 1.90000000e-01  7.27788552e-04 
 1.80000000e-01  7.40739338e-04 
 1.70000000e-01  7.53804329e-04 
 1.60000000e-01  7.66983525e-04 
 1.50000000e-01  7.80276925e-04 
 1.40000000e-01  7.93684531e-04 
 1.30000000e-01  8.07206342e-04 
 1.20000000e-01  8.20842357e-04 
 1.10000000e-01  8.34592577e-04 
 1.00000000e-01  8.48457002e-04 
 9.00000000e-02  8.62435633e-04 
 8.00000000e-02  8.76528467e-04 
 7.00000000e-02  8.90735507e-04 
 6.00000000e-02  9.05056752e-04 
 5.00000000e-02  9.19492202e-04 
 4.00000000e-02  9.34041856e-04 
 3.00000000e-02  9.48705716e-04 
 2.00000000e-02  9.63483780e-04 
 1.00000000e-02  9.78376050e-04 
-1.41900380e-15  9.93382524e-04 
