 1.80000000e+00  1.81000000e-12 
 1.79000000e+00  1.81000000e-12 
 1.78000000e+00  1.81000000e-12 
 1.77000000e+00  1.81000000e-12 
 1.76000000e+00  1.81000000e-12 
 1.75000000e+00  1.81000000e-12 
 1.74000000e+00  1.81000000e-12 
 1.73000000e+00  1.81000000e-12 
 1.72000000e+00  1.81000000e-12 
 1.71000000e+00  1.81000000e-12 
 1.70000000e+00  1.81000000e-12 
 1.69000000e+00  1.81000000e-12 
 1.68000000e+00  1.81000000e-12 
 1.67000000e+00  1.81000000e-12 
 1.66000000e+00  1.81000000e-12 
 1.65000000e+00  1.81000000e-12 
 1.64000000e+00  1.81000000e-12 
 1.63000000e+00  1.81000000e-12 
 1.62000000e+00  1.81000000e-12 
 1.61000000e+00  1.81000000e-12 
 1.60000000e+00  1.81000000e-12 
 1.59000000e+00  1.81000000e-12 
 1.58000000e+00  1.81000000e-12 
 1.57000000e+00  1.81000000e-12 
 1.56000000e+00  1.81000000e-12 
 1.55000000e+00  1.81000000e-12 
 1.54000000e+00  1.81000000e-12 
 1.53000000e+00  1.81000000e-12 
 1.52000000e+00  1.81000000e-12 
 1.51000000e+00  1.81000000e-12 
 1.50000000e+00  1.81000000e-12 
 1.49000000e+00  1.81000000e-12 
 1.48000000e+00  1.81000000e-12 
 1.47000000e+00  1.81000000e-12 
 1.46000000e+00  1.81000000e-12 
 1.45000000e+00  1.81000000e-12 
 1.44000000e+00  1.81000000e-12 
 1.43000000e+00  1.81000000e-12 
 1.42000000e+00  1.81000000e-12 
 1.41000000e+00  1.81000000e-12 
 1.40000000e+00  1.81000000e-12 
 1.39000000e+00  1.81000000e-12 
 1.38000000e+00  1.81000000e-12 
 1.37000000e+00  1.81000000e-12 
 1.36000000e+00  1.81000000e-12 
 1.35000000e+00  1.81000000e-12 
 1.34000000e+00  1.81000000e-12 
 1.33000000e+00  1.81000000e-12 
 1.32000000e+00  1.81000000e-12 
 1.31000000e+00  1.41422912e-08 
 1.30000000e+00  1.34607472e-07 
 1.29000000e+00  3.78053560e-07 
 1.28000000e+00  7.44480556e-07 
 1.27000000e+00  1.23388846e-06 
 1.26000000e+00  1.84627727e-06 
 1.25000000e+00  2.58164699e-06 
 1.24000000e+00  3.43999761e-06 
 1.23000000e+00  4.42132915e-06 
 1.22000000e+00  5.52564159e-06 
 1.21000000e+00  6.75293494e-06 
 1.20000000e+00  8.10320919e-06 
 1.19000000e+00  9.57646436e-06 
 1.18000000e+00  1.11727004e-05 
 1.17000000e+00  1.28919174e-05 
 1.16000000e+00  1.47341153e-05 
 1.15000000e+00  1.66992941e-05 
 1.14000000e+00  1.87874538e-05 
 1.13000000e+00  2.09985944e-05 
 1.12000000e+00  2.33327159e-05 
 1.11000000e+00  2.57898183e-05 
 1.10000000e+00  2.83699017e-05 
 1.09000000e+00  3.10729659e-05 
 1.08000000e+00  3.38990111e-05 
 1.07000000e+00  3.68480371e-05 
 1.06000000e+00  3.99200441e-05 
 1.05000000e+00  4.31150319e-05 
 1.04000000e+00  4.64330007e-05 
 1.03000000e+00  4.98739504e-05 
 1.02000000e+00  5.34378810e-05 
 1.01000000e+00  5.71247925e-05 
 1.00000000e+00  6.09346849e-05 
 9.90000000e-01  6.48060678e-05 
 9.80000000e-01  6.88619220e-05 
 9.70000000e-01  7.30407571e-05 
 9.60000000e-01  7.73425731e-05 
 9.50000000e-01  8.17673701e-05 
 9.40000000e-01  8.63151479e-05 
 9.30000000e-01  9.09859067e-05 
 9.20000000e-01  9.57796464e-05 
 9.10000000e-01  1.00696367e-04 
 9.00000000e-01  1.05736068e-04 
 8.90000000e-01  1.10898751e-04 
 8.80000000e-01  1.16184414e-04 
 8.70000000e-01  1.21593058e-04 
 8.60000000e-01  1.27124683e-04 
 8.50000000e-01  1.32779289e-04 
 8.40000000e-01  1.38556876e-04 
 8.30000000e-01  1.44457444e-04 
 8.20000000e-01  1.50480993e-04 
 8.10000000e-01  1.56627523e-04 
 8.00000000e-01  1.62897033e-04 
 7.90000000e-01  1.69289525e-04 
 7.80000000e-01  1.75804997e-04 
 7.70000000e-01  1.82443450e-04 
 7.60000000e-01  1.89204884e-04 
 7.50000000e-01  1.96089300e-04 
 7.40000000e-01  2.03096696e-04 
 7.30000000e-01  2.10227072e-04 
 7.20000000e-01  2.17480430e-04 
 7.10000000e-01  2.24856769e-04 
 7.00000000e-01  2.32356089e-04 
 6.90000000e-01  2.39978389e-04 
 6.80000000e-01  2.47723671e-04 
 6.70000000e-01  2.55591933e-04 
 6.60000000e-01  2.63583176e-04 
 6.50000000e-01  2.71697400e-04 
 6.40000000e-01  2.79934605e-04 
 6.30000000e-01  2.88294791e-04 
 6.20000000e-01  2.96777958e-04 
 6.10000000e-01  3.05384106e-04 
 6.00000000e-01  3.14113235e-04 
 5.90000000e-01  3.22965344e-04 
 5.80000000e-01  3.31940435e-04 
 5.70000000e-01  3.41038506e-04 
 5.60000000e-01  3.50259559e-04 
 5.50000000e-01  3.59603592e-04 
 5.40000000e-01  3.69070606e-04 
 5.30000000e-01  3.78660601e-04 
 5.20000000e-01  3.88373577e-04 
 5.10000000e-01  3.98209534e-04 
 5.00000000e-01  4.08168472e-04 
 4.90000000e-01  4.18250391e-04 
 4.80000000e-01  4.28455290e-04 
 4.70000000e-01  4.38783171e-04 
 4.60000000e-01  4.49234032e-04 
 4.50000000e-01  4.59807874e-04 
 4.40000000e-01  4.70504698e-04 
 4.30000000e-01  4.81324502e-04 
 4.20000000e-01  4.92267287e-04 
 4.10000000e-01  5.03333053e-04 
 4.00000000e-01  5.14521800e-04 
 3.90000000e-01  5.25833527e-04 
 3.80000000e-01  5.37268236e-04 
 3.70000000e-01  5.48825926e-04 
 3.60000000e-01  5.60506596e-04 
 3.50000000e-01  5.72310248e-04 
 3.40000000e-01  5.84236880e-04 
 3.30000000e-01  5.96286493e-04 
 3.20000000e-01  6.08459087e-04 
 3.10000000e-01  6.20754662e-04 
 3.00000000e-01  6.33173218e-04 
 2.90000000e-01  6.45714755e-04 
 2.80000000e-01  6.58379273e-04 
 2.70000000e-01  6.71166771e-04 
 2.60000000e-01  6.84077251e-04 
 2.50000000e-01  6.97110711e-04 
 2.40000000e-01  7.10267153e-04 
 2.30000000e-01  7.23546575e-04 
 2.20000000e-01  7.36948978e-04 
 2.10000000e-01  7.50474362e-04 
 2.00000000e-01  7.64122727e-04 
 1.90000000e-01  7.77894073e-04 
 1.80000000e-01  7.91788400e-04 
 1.70000000e-01  8.05805708e-04 
 1.60000000e-01  8.19945996e-04 
 1.50000000e-01  8.34209266e-04 
 1.40000000e-01  8.48595516e-04 
 1.30000000e-01  8.63104748e-04 
 1.20000000e-01  8.77736960e-04 
 1.10000000e-01  8.92492153e-04 
 1.00000000e-01  9.07370327e-04 
 9.00000000e-02  9.22371482e-04 
 8.00000000e-02  9.37495618e-04 
 7.00000000e-02  9.52742735e-04 
 6.00000000e-02  9.68112833e-04 
 5.00000000e-02  9.83605911e-04 
 4.00000000e-02  9.99221971e-04 
 3.00000000e-02  1.01496101e-03 
 2.00000000e-02  1.03082303e-03 
 1.00000000e-02  1.04680803e-03 
-1.41900380e-15  1.06291602e-03 
