 0.00000000e+00  1.81000000e-12 
 1.00000000e-02  1.81000000e-12 
 2.00000000e-02  1.81000000e-12 
 3.00000000e-02  1.81000000e-12 
 4.00000000e-02  1.81000000e-12 
 5.00000000e-02  1.81000000e-12 
 6.00000000e-02  1.81000000e-12 
 7.00000000e-02  1.81000000e-12 
 8.00000000e-02  1.81000000e-12 
 9.00000000e-02  1.81000000e-12 
 1.00000000e-01  1.81000000e-12 
 1.10000000e-01  1.81000000e-12 
 1.20000000e-01  1.81000000e-12 
 1.30000000e-01  1.81000000e-12 
 1.40000000e-01  1.81000000e-12 
 1.50000000e-01  1.81000000e-12 
 1.60000000e-01  1.81000000e-12 
 1.70000000e-01  1.81000000e-12 
 1.80000000e-01  1.81000000e-12 
 1.90000000e-01  1.81000000e-12 
 2.00000000e-01  1.81000000e-12 
 2.10000000e-01  1.81000000e-12 
 2.20000000e-01  1.81000000e-12 
 2.30000000e-01  1.81000000e-12 
 2.40000000e-01  1.81000000e-12 
 2.50000000e-01  1.81000000e-12 
 2.60000000e-01  1.81000000e-12 
 2.70000000e-01  1.81000000e-12 
 2.80000000e-01  1.81000000e-12 
 2.90000000e-01  1.81000000e-12 
 3.00000000e-01  1.81000000e-12 
 3.10000000e-01  1.81000000e-12 
 3.20000000e-01  1.81000000e-12 
 3.30000000e-01  1.81000000e-12 
 3.40000000e-01  1.81000000e-12 
 3.50000000e-01  1.81000000e-12 
 3.60000000e-01  1.81000000e-12 
 3.70000000e-01  1.81000000e-12 
 3.80000000e-01  1.81000000e-12 
 3.90000000e-01  1.81000000e-12 
 4.00000000e-01  1.81000000e-12 
 4.10000000e-01  1.81000000e-12 
 4.20000000e-01  1.81000000e-12 
 4.30000000e-01  1.81000000e-12 
 4.40000000e-01  1.81000000e-12 
 4.50000000e-01  1.81000000e-12 
 4.60000000e-01  1.81000000e-12 
 4.70000000e-01  1.81000000e-12 
 4.80000000e-01  1.81000000e-12 
 4.90000000e-01  1.81000000e-12 
 5.00000000e-01  1.30663675e-10 
 5.10000000e-01  6.34944819e-08 
 5.20000000e-01  2.42660188e-07 
 5.30000000e-01  5.37627781e-07 
 5.40000000e-01  9.48397262e-07 
 5.50000000e-01  1.47496863e-06 
 5.60000000e-01  2.11734189e-06 
 5.70000000e-01  2.87551703e-06 
 5.80000000e-01  3.74949406e-06 
 5.90000000e-01  4.73927298e-06 
 6.00000000e-01  5.84485378e-06 
 6.10000000e-01  7.06623648e-06 
 6.20000000e-01  8.40342106e-06 
 6.30000000e-01  9.85640752e-06 
 6.40000000e-01  1.14251959e-05 
 6.50000000e-01  1.31097861e-05 
 6.60000000e-01  1.49101783e-05 
 6.70000000e-01  1.68263723e-05 
 6.80000000e-01  1.88583682e-05 
 6.90000000e-01  2.10061660e-05 
 7.00000000e-01  2.32697657e-05 
 7.10000000e-01  2.56491672e-05 
 7.20000000e-01  2.81443707e-05 
 7.30000000e-01  3.07553760e-05 
 7.40000000e-01  3.34821832e-05 
 7.50000000e-01  3.63247924e-05 
 7.60000000e-01  3.92832034e-05 
 7.70000000e-01  4.23574163e-05 
 7.80000000e-01  4.55474310e-05 
 7.90000000e-01  4.88532477e-05 
 8.00000000e-01  5.22748663e-05 
 8.10000000e-01  5.58122867e-05 
 8.20000000e-01  5.94076081e-05 
 8.30000000e-01  6.31766323e-05 
 8.40000000e-01  6.70614584e-05 
 8.50000000e-01  7.10620864e-05 
 8.60000000e-01  7.51785163e-05 
 8.70000000e-01  7.94107481e-05 
 8.80000000e-01  8.37587817e-05 
 8.90000000e-01  8.82226173e-05 
 9.00000000e-01  9.28022547e-05 
 9.10000000e-01  9.74976940e-05 
 9.20000000e-01  1.02308935e-04 
 9.30000000e-01  1.07235978e-04 
 9.40000000e-01  1.12278823e-04 
 9.50000000e-01  1.17437470e-04 
 9.60000000e-01  1.22711919e-04 
 9.70000000e-01  1.28102170e-04 
 9.80000000e-01  1.33608222e-04 
 9.90000000e-01  1.39230077e-04 
 1.00000000e+00  1.44967733e-04 
 1.01000000e+00  1.50821191e-04 
 1.02000000e+00  1.56790451e-04 
 1.03000000e+00  1.62875513e-04 
 1.04000000e+00  1.69076377e-04 
 1.05000000e+00  1.75393043e-04 
 1.06000000e+00  1.81825510e-04 
 1.07000000e+00  1.88373780e-04 
 1.08000000e+00  1.95037851e-04 
 1.09000000e+00  2.01817724e-04 
 1.10000000e+00  2.08713400e-04 
 1.11000000e+00  2.15724877e-04 
 1.12000000e+00  2.22852156e-04 
 1.13000000e+00  2.30095237e-04 
 1.14000000e+00  2.37454119e-04 
 1.15000000e+00  2.44928804e-04 
 1.16000000e+00  2.52519290e-04 
 1.17000000e+00  2.60225579e-04 
 1.18000000e+00  2.68047669e-04 
 1.19000000e+00  2.75985561e-04 
 1.20000000e+00  2.84039255e-04 
 1.21000000e+00  2.92208751e-04 
 1.22000000e+00  3.00494049e-04 
 1.23000000e+00  3.08895149e-04 
 1.24000000e+00  3.17412050e-04 
 1.25000000e+00  3.26044754e-04 
 1.26000000e+00  3.34793259e-04 
 1.27000000e+00  3.43657567e-04 
 1.28000000e+00  3.52637676e-04 
 1.29000000e+00  3.61733587e-04 
 1.30000000e+00  3.70945300e-04 
 1.31000000e+00  3.80272814e-04 
 1.32000000e+00  3.89716131e-04 
 1.33000000e+00  3.99275250e-04 
 1.34000000e+00  4.08950170e-04 
 1.35000000e+00  4.18740893e-04 
 1.36000000e+00  4.28647417e-04 
 1.37000000e+00  4.38669743e-04 
 1.38000000e+00  4.48807871e-04 
 1.39000000e+00  4.59061801e-04 
 1.40000000e+00  4.69431533e-04 
 1.41000000e+00  4.79917066e-04 
 1.42000000e+00  4.90518402e-04 
 1.43000000e+00  5.01235540e-04 
 1.44000000e+00  5.12068479e-04 
 1.45000000e+00  5.23017220e-04 
 1.46000000e+00  5.34081763e-04 
 1.47000000e+00  5.45262108e-04 
 1.48000000e+00  5.56558255e-04 
 1.49000000e+00  5.67970204e-04 
 1.50000000e+00  5.79497955e-04 
 1.51000000e+00  5.91141507e-04 
 1.52000000e+00  6.02900862e-04 
 1.53000000e+00  6.14776018e-04 
 1.54000000e+00  6.26766976e-04 
 1.55000000e+00  6.38873736e-04 
 1.56000000e+00  6.51096298e-04 
 1.57000000e+00  6.63434662e-04 
 1.58000000e+00  6.75888828e-04 
 1.59000000e+00  6.88458796e-04 
 1.60000000e+00  7.01144565e-04 
 1.61000000e+00  7.13946137e-04 
 1.62000000e+00  7.26863510e-04 
 1.63000000e+00  7.39896685e-04 
 1.64000000e+00  7.53045662e-04 
 1.65000000e+00  7.66310441e-04 
 1.66000000e+00  7.79691022e-04 
 1.67000000e+00  7.93187405e-04 
 1.68000000e+00  8.06799590e-04 
 1.69000000e+00  8.20527576e-04 
 1.70000000e+00  8.34371365e-04 
 1.71000000e+00  8.48330955e-04 
 1.72000000e+00  8.62406347e-04 
 1.73000000e+00  8.76597541e-04 
 1.74000000e+00  8.90904537e-04 
 1.75000000e+00  9.05327335e-04 
 1.76000000e+00  9.19865935e-04 
 1.77000000e+00  9.34520336e-04 
 1.78000000e+00  9.49290540e-04 
 1.79000000e+00  9.64176545e-04 
 1.80000000e+00  9.79178353e-04 
