 1.80000000e+00  1.81000000e-12 
 1.79000000e+00  1.81000000e-12 
 1.78000000e+00  1.81000000e-12 
 1.77000000e+00  1.81000000e-12 
 1.76000000e+00  1.81000000e-12 
 1.75000000e+00  1.81000000e-12 
 1.74000000e+00  1.81000000e-12 
 1.73000000e+00  1.81000000e-12 
 1.72000000e+00  1.81000000e-12 
 1.71000000e+00  1.81000000e-12 
 1.70000000e+00  1.81000000e-12 
 1.69000000e+00  1.81000000e-12 
 1.68000000e+00  1.81000000e-12 
 1.67000000e+00  1.81000000e-12 
 1.66000000e+00  1.81000000e-12 
 1.65000000e+00  1.81000000e-12 
 1.64000000e+00  1.81000000e-12 
 1.63000000e+00  1.81000000e-12 
 1.62000000e+00  1.81000000e-12 
 1.61000000e+00  1.81000000e-12 
 1.60000000e+00  1.81000000e-12 
 1.59000000e+00  1.81000000e-12 
 1.58000000e+00  1.81000000e-12 
 1.57000000e+00  1.81000000e-12 
 1.56000000e+00  1.81000000e-12 
 1.55000000e+00  1.81000000e-12 
 1.54000000e+00  1.81000000e-12 
 1.53000000e+00  1.81000000e-12 
 1.52000000e+00  1.81000000e-12 
 1.51000000e+00  1.81000000e-12 
 1.50000000e+00  1.81000000e-12 
 1.49000000e+00  1.81000000e-12 
 1.48000000e+00  1.81000000e-12 
 1.47000000e+00  1.81000000e-12 
 1.46000000e+00  1.81000000e-12 
 1.45000000e+00  1.81000000e-12 
 1.44000000e+00  1.81000000e-12 
 1.43000000e+00  1.81000000e-12 
 1.42000000e+00  1.81000000e-12 
 1.41000000e+00  1.81000000e-12 
 1.40000000e+00  1.81000000e-12 
 1.39000000e+00  1.81000000e-12 
 1.38000000e+00  1.81000000e-12 
 1.37000000e+00  1.81000000e-12 
 1.36000000e+00  1.81000000e-12 
 1.35000000e+00  1.81000000e-12 
 1.34000000e+00  1.81000000e-12 
 1.33000000e+00  1.81000000e-12 
 1.32000000e+00  1.81000000e-12 
 1.31000000e+00  1.81000000e-12 
 1.30000000e+00  3.63409176e-08 
 1.29000000e+00  1.86324550e-07 
 1.28000000e+00  4.52492342e-07 
 1.27000000e+00  8.34844294e-07 
 1.26000000e+00  1.33338041e-06 
 1.25000000e+00  1.94810068e-06 
 1.24000000e+00  2.67900511e-06 
 1.23000000e+00  3.52609370e-06 
 1.22000000e+00  4.48936645e-06 
 1.21000000e+00  5.56882337e-06 
 1.20000000e+00  6.76446444e-06 
 1.19000000e+00  8.07628967e-06 
 1.18000000e+00  9.50429906e-06 
 1.17000000e+00  1.10484926e-05 
 1.16000000e+00  1.27088703e-05 
 1.15000000e+00  1.44854322e-05 
 1.14000000e+00  1.63781782e-05 
 1.13000000e+00  1.83871084e-05 
 1.12000000e+00  2.05122228e-05 
 1.11000000e+00  2.27535213e-05 
 1.10000000e+00  2.51110040e-05 
 1.09000000e+00  2.75846708e-05 
 1.08000000e+00  3.01745218e-05 
 1.07000000e+00  3.28805569e-05 
 1.06000000e+00  3.57027762e-05 
 1.05000000e+00  3.86411797e-05 
 1.04000000e+00  4.16957673e-05 
 1.03000000e+00  4.48665391e-05 
 1.02000000e+00  4.81534951e-05 
 1.01000000e+00  5.15566352e-05 
 1.00000000e+00  5.50759595e-05 
 9.90000000e-01  5.86533758e-05 
 9.80000000e-01  6.24050684e-05 
 9.70000000e-01  6.62729452e-05 
 9.60000000e-01  7.02570061e-05 
 9.50000000e-01  7.43572511e-05 
 9.40000000e-01  7.85736804e-05 
 9.30000000e-01  8.29062938e-05 
 9.20000000e-01  8.73550913e-05 
 9.10000000e-01  9.19200730e-05 
 9.00000000e-01  9.66012389e-05 
 8.90000000e-01  1.01398589e-04 
 8.80000000e-01  1.06312123e-04 
 8.70000000e-01  1.11341841e-04 
 8.60000000e-01  1.16487744e-04 
 8.50000000e-01  1.21749831e-04 
 8.40000000e-01  1.27128101e-04 
 8.30000000e-01  1.32622556e-04 
 8.20000000e-01  1.38233196e-04 
 8.10000000e-01  1.43960019e-04 
 8.00000000e-01  1.49803026e-04 
 7.90000000e-01  1.55762218e-04 
 7.80000000e-01  1.61837594e-04 
 7.70000000e-01  1.68029154e-04 
 7.60000000e-01  1.74336898e-04 
 7.50000000e-01  1.80760826e-04 
 7.40000000e-01  1.87300939e-04 
 7.30000000e-01  1.93957235e-04 
 7.20000000e-01  2.00729716e-04 
 7.10000000e-01  2.07618381e-04 
 7.00000000e-01  2.14623230e-04 
 6.90000000e-01  2.21744263e-04 
 6.80000000e-01  2.28981481e-04 
 6.70000000e-01  2.36334882e-04 
 6.60000000e-01  2.43804468e-04 
 6.50000000e-01  2.51390238e-04 
 6.40000000e-01  2.59092192e-04 
 6.30000000e-01  2.66910330e-04 
 6.20000000e-01  2.74844652e-04 
 6.10000000e-01  2.82895159e-04 
 6.00000000e-01  2.91061849e-04 
 5.90000000e-01  2.99344724e-04 
 5.80000000e-01  3.07743783e-04 
 5.70000000e-01  3.16259026e-04 
 5.60000000e-01  3.24890454e-04 
 5.50000000e-01  3.33638065e-04 
 5.40000000e-01  3.42501861e-04 
 5.30000000e-01  3.51481841e-04 
 5.20000000e-01  3.60578005e-04 
 5.10000000e-01  3.69790353e-04 
 5.00000000e-01  3.79118885e-04 
 4.90000000e-01  3.88563601e-04 
 4.80000000e-01  3.98124502e-04 
 4.70000000e-01  4.07801587e-04 
 4.60000000e-01  4.17594856e-04 
 4.50000000e-01  4.27504309e-04 
 4.40000000e-01  4.37529946e-04 
 4.30000000e-01  4.47671767e-04 
 4.20000000e-01  4.57929773e-04 
 4.10000000e-01  4.68303963e-04 
 4.00000000e-01  4.78794336e-04 
 3.90000000e-01  4.89400894e-04 
 3.80000000e-01  5.00123637e-04 
 3.70000000e-01  5.10962563e-04 
 3.60000000e-01  5.21917674e-04 
 3.50000000e-01  5.32988968e-04 
 3.40000000e-01  5.44176447e-04 
 3.30000000e-01  5.55480110e-04 
 3.20000000e-01  5.66899957e-04 
 3.10000000e-01  5.78435988e-04 
 3.00000000e-01  5.90088204e-04 
 2.90000000e-01  6.01856604e-04 
 2.80000000e-01  6.13741187e-04 
 2.70000000e-01  6.25741955e-04 
 2.60000000e-01  6.37858907e-04 
 2.50000000e-01  6.50092044e-04 
 2.40000000e-01  6.62441364e-04 
 2.30000000e-01  6.74906869e-04 
 2.20000000e-01  6.87488557e-04 
 2.10000000e-01  7.00186430e-04 
 2.00000000e-01  7.13000487e-04 
 1.90000000e-01  7.25930729e-04 
 1.80000000e-01  7.38977154e-04 
 1.70000000e-01  7.52139764e-04 
 1.60000000e-01  7.65418557e-04 
 1.50000000e-01  7.78813535e-04 
 1.40000000e-01  7.92324697e-04 
 1.30000000e-01  8.05952043e-04 
 1.20000000e-01  8.19695574e-04 
 1.10000000e-01  8.33555288e-04 
 1.00000000e-01  8.47531187e-04 
 9.00000000e-02  8.61623270e-04 
 8.00000000e-02  8.75831537e-04 
 7.00000000e-02  8.90155988e-04 
 6.00000000e-02  9.04596623e-04 
 5.00000000e-02  9.19153443e-04 
 4.00000000e-02  9.33826446e-04 
 3.00000000e-02  9.48615634e-04 
 2.00000000e-02  9.63521006e-04 
 1.00000000e-02  9.78542562e-04 
-1.41900380e-15  9.93680302e-04 
