 1.80000000e+00  1.81000000e-12 
 1.79000000e+00  1.81000000e-12 
 1.78000000e+00  1.81000000e-12 
 1.77000000e+00  1.81000000e-12 
 1.76000000e+00  1.81000000e-12 
 1.75000000e+00  1.81000000e-12 
 1.74000000e+00  1.81000000e-12 
 1.73000000e+00  1.81000000e-12 
 1.72000000e+00  1.81000000e-12 
 1.71000000e+00  1.81000000e-12 
 1.70000000e+00  1.81000000e-12 
 1.69000000e+00  1.81000000e-12 
 1.68000000e+00  1.81000000e-12 
 1.67000000e+00  1.81000000e-12 
 1.66000000e+00  1.81000000e-12 
 1.65000000e+00  1.81000000e-12 
 1.64000000e+00  1.81000000e-12 
 1.63000000e+00  1.81000000e-12 
 1.62000000e+00  1.81000000e-12 
 1.61000000e+00  1.81000000e-12 
 1.60000000e+00  1.81000000e-12 
 1.59000000e+00  1.81000000e-12 
 1.58000000e+00  1.81000000e-12 
 1.57000000e+00  1.81000000e-12 
 1.56000000e+00  1.81000000e-12 
 1.55000000e+00  1.81000000e-12 
 1.54000000e+00  1.81000000e-12 
 1.53000000e+00  1.81000000e-12 
 1.52000000e+00  1.81000000e-12 
 1.51000000e+00  1.81000000e-12 
 1.50000000e+00  1.81000000e-12 
 1.49000000e+00  1.81000000e-12 
 1.48000000e+00  1.81000000e-12 
 1.47000000e+00  1.81000000e-12 
 1.46000000e+00  1.81000000e-12 
 1.45000000e+00  1.81000000e-12 
 1.44000000e+00  1.81000000e-12 
 1.43000000e+00  1.81000000e-12 
 1.42000000e+00  1.81000000e-12 
 1.41000000e+00  1.81000000e-12 
 1.40000000e+00  1.81000000e-12 
 1.39000000e+00  1.81000000e-12 
 1.38000000e+00  1.81000000e-12 
 1.37000000e+00  1.81000000e-12 
 1.36000000e+00  1.81000000e-12 
 1.35000000e+00  1.81000000e-12 
 1.34000000e+00  1.81000000e-12 
 1.33000000e+00  1.81000000e-12 
 1.32000000e+00  1.81000000e-12 
 1.31000000e+00  3.35930697e-08 
 1.30000000e+00  1.80841074e-07 
 1.29000000e+00  4.45190767e-07 
 1.28000000e+00  8.26642146e-07 
 1.27000000e+00  1.32519521e-06 
 1.26000000e+00  1.94084997e-06 
 1.25000000e+00  2.67360641e-06 
 1.24000000e+00  3.52346454e-06 
 1.23000000e+00  4.49042435e-06 
 1.22000000e+00  5.57448586e-06 
 1.21000000e+00  6.77564905e-06 
 1.20000000e+00  8.09391393e-06 
 1.19000000e+00  9.52928050e-06 
 1.18000000e+00  1.10817487e-05 
 1.17000000e+00  1.27513187e-05 
 1.16000000e+00  1.45379903e-05 
 1.15000000e+00  1.64417636e-05 
 1.14000000e+00  1.84626386e-05 
 1.13000000e+00  2.06006153e-05 
 1.12000000e+00  2.28556937e-05 
 1.11000000e+00  2.52278738e-05 
 1.10000000e+00  2.77171555e-05 
 1.09000000e+00  3.03235390e-05 
 1.08000000e+00  3.30470241e-05 
 1.07000000e+00  3.58876109e-05 
 1.06000000e+00  3.88452994e-05 
 1.05000000e+00  4.19200896e-05 
 1.04000000e+00  4.51119815e-05 
 1.03000000e+00  4.84209750e-05 
 1.02000000e+00  5.18470703e-05 
 1.01000000e+00  5.53902672e-05 
 1.00000000e+00  5.89920150e-05 
 9.90000000e-01  6.27694153e-05 
 9.80000000e-01  6.66639173e-05 
 9.70000000e-01  7.06755210e-05 
 9.60000000e-01  7.48042264e-05 
 9.50000000e-01  7.90500335e-05 
 9.40000000e-01  8.34129422e-05 
 9.30000000e-01  8.78929526e-05 
 9.20000000e-01  9.24900648e-05 
 9.10000000e-01  9.72042786e-05 
 9.00000000e-01  1.02035594e-04 
 8.90000000e-01  1.06984011e-04 
 8.80000000e-01  1.12049530e-04 
 8.70000000e-01  1.17232151e-04 
 8.60000000e-01  1.22531873e-04 
 8.50000000e-01  1.27948697e-04 
 8.40000000e-01  1.33482623e-04 
 8.30000000e-01  1.39133650e-04 
 8.20000000e-01  1.44901779e-04 
 8.10000000e-01  1.50787010e-04 
 8.00000000e-01  1.56789342e-04 
 7.90000000e-01  1.62908776e-04 
 7.80000000e-01  1.69145312e-04 
 7.70000000e-01  1.75498949e-04 
 7.60000000e-01  1.81969688e-04 
 7.50000000e-01  1.88557529e-04 
 7.40000000e-01  1.95262472e-04 
 7.30000000e-01  2.02084516e-04 
 7.20000000e-01  2.09023662e-04 
 7.10000000e-01  2.16079909e-04 
 7.00000000e-01  2.23253258e-04 
 6.90000000e-01  2.30543709e-04 
 6.80000000e-01  2.37951262e-04 
 6.70000000e-01  2.45475916e-04 
 6.60000000e-01  2.53117672e-04 
 6.50000000e-01  2.60876530e-04 
 6.40000000e-01  2.68752489e-04 
 6.30000000e-01  2.76745550e-04 
 6.20000000e-01  2.84855713e-04 
 6.10000000e-01  2.93082978e-04 
 6.00000000e-01  3.01427344e-04 
 5.90000000e-01  3.09888812e-04 
 5.80000000e-01  3.18467381e-04 
 5.70000000e-01  3.27163052e-04 
 5.60000000e-01  3.35975825e-04 
 5.50000000e-01  3.44905700e-04 
 5.40000000e-01  3.53952676e-04 
 5.30000000e-01  3.63116754e-04 
 5.20000000e-01  3.72397933e-04 
 5.10000000e-01  3.81796215e-04 
 5.00000000e-01  3.91311598e-04 
 4.90000000e-01  4.00944082e-04 
 4.80000000e-01  4.10693669e-04 
 4.70000000e-01  4.20560357e-04 
 4.60000000e-01  4.30544147e-04 
 4.50000000e-01  4.40645038e-04 
 4.40000000e-01  4.50863031e-04 
 4.30000000e-01  4.61198126e-04 
 4.20000000e-01  4.71650323e-04 
 4.10000000e-01  4.82219621e-04 
 4.00000000e-01  4.92906021e-04 
 3.90000000e-01  5.03709522e-04 
 3.80000000e-01  5.14630125e-04 
 3.70000000e-01  5.25667830e-04 
 3.60000000e-01  5.36822637e-04 
 3.50000000e-01  5.48094545e-04 
 3.40000000e-01  5.59483555e-04 
 3.30000000e-01  5.70989667e-04 
 3.20000000e-01  5.82612880e-04 
 3.10000000e-01  5.94353195e-04 
 3.00000000e-01  6.06210612e-04 
 2.90000000e-01  6.18185131e-04 
 2.80000000e-01  6.30276751e-04 
 2.70000000e-01  6.42485472e-04 
 2.60000000e-01  6.54811296e-04 
 2.50000000e-01  6.67254221e-04 
 2.40000000e-01  6.79814248e-04 
 2.30000000e-01  6.92491377e-04 
 2.20000000e-01  7.05285607e-04 
 2.10000000e-01  7.18196939e-04 
 2.00000000e-01  7.31225372e-04 
 1.90000000e-01  7.44370908e-04 
 1.80000000e-01  7.57633545e-04 
 1.70000000e-01  7.71013283e-04 
 1.60000000e-01  7.84510124e-04 
 1.50000000e-01  7.98124066e-04 
 1.40000000e-01  8.11855109e-04 
 1.30000000e-01  8.25703255e-04 
 1.20000000e-01  8.39668502e-04 
 1.10000000e-01  8.53750851e-04 
 1.00000000e-01  8.67950301e-04 
 9.00000000e-02  8.82266854e-04 
 8.00000000e-02  8.96700507e-04 
 7.00000000e-02  9.11251263e-04 
 6.00000000e-02  9.25919120e-04 
 5.00000000e-02  9.40704079e-04 
 4.00000000e-02  9.55606140e-04 
 3.00000000e-02  9.70625302e-04 
 2.00000000e-02  9.85761566e-04 
 1.00000000e-02  1.00101493e-03 
-1.41900380e-15  1.01638540e-03 
