 0.00000000e+00  1.81000000e-12 
 1.00000000e-02  1.81000000e-12 
 2.00000000e-02  1.81000000e-12 
 3.00000000e-02  1.81000000e-12 
 4.00000000e-02  1.81000000e-12 
 5.00000000e-02  1.81000000e-12 
 6.00000000e-02  1.81000000e-12 
 7.00000000e-02  1.81000000e-12 
 8.00000000e-02  1.81000000e-12 
 9.00000000e-02  1.81000000e-12 
 1.00000000e-01  1.81000000e-12 
 1.10000000e-01  1.81000000e-12 
 1.20000000e-01  1.81000000e-12 
 1.30000000e-01  1.81000000e-12 
 1.40000000e-01  1.81000000e-12 
 1.50000000e-01  1.81000000e-12 
 1.60000000e-01  1.81000000e-12 
 1.70000000e-01  1.81000000e-12 
 1.80000000e-01  1.81000000e-12 
 1.90000000e-01  1.81000000e-12 
 2.00000000e-01  1.81000000e-12 
 2.10000000e-01  1.81000000e-12 
 2.20000000e-01  1.81000000e-12 
 2.30000000e-01  1.81000000e-12 
 2.40000000e-01  1.81000000e-12 
 2.50000000e-01  1.81000000e-12 
 2.60000000e-01  1.81000000e-12 
 2.70000000e-01  1.81000000e-12 
 2.80000000e-01  1.81000000e-12 
 2.90000000e-01  1.81000000e-12 
 3.00000000e-01  1.81000000e-12 
 3.10000000e-01  1.81000000e-12 
 3.20000000e-01  1.81000000e-12 
 3.30000000e-01  1.81000000e-12 
 3.40000000e-01  1.81000000e-12 
 3.50000000e-01  1.81000000e-12 
 3.60000000e-01  1.81000000e-12 
 3.70000000e-01  1.81000000e-12 
 3.80000000e-01  1.81000000e-12 
 3.90000000e-01  1.81000000e-12 
 4.00000000e-01  1.81000000e-12 
 4.10000000e-01  1.81000000e-12 
 4.20000000e-01  1.81000000e-12 
 4.30000000e-01  1.81000000e-12 
 4.40000000e-01  1.81000000e-12 
 4.50000000e-01  1.81000000e-12 
 4.60000000e-01  1.81000000e-12 
 4.70000000e-01  1.81000000e-12 
 4.80000000e-01  1.81000000e-12 
 4.90000000e-01  1.81000000e-12 
 5.00000000e-01  1.81000000e-12 
 5.10000000e-01  9.43844560e-10 
 5.20000000e-01  7.96584437e-08 
 5.30000000e-01  2.84920288e-07 
 5.40000000e-01  6.16729378e-07 
 5.50000000e-01  1.07508571e-06 
 5.60000000e-01  1.65998929e-06 
 5.70000000e-01  2.37144012e-06 
 5.80000000e-01  3.20943819e-06 
 5.90000000e-01  4.17398351e-06 
 6.00000000e-01  5.26507607e-06 
 6.10000000e-01  6.48271587e-06 
 6.20000000e-01  7.82690292e-06 
 6.30000000e-01  9.29763722e-06 
 6.40000000e-01  1.08949188e-05 
 6.50000000e-01  1.26187476e-05 
 6.60000000e-01  1.44691236e-05 
 6.70000000e-01  1.64460469e-05 
 6.80000000e-01  1.85495174e-05 
 6.90000000e-01  2.07795352e-05 
 7.00000000e-01  2.31361002e-05 
 7.10000000e-01  2.56192124e-05 
 7.20000000e-01  2.82288719e-05 
 7.30000000e-01  3.09650787e-05 
 7.40000000e-01  3.38278327e-05 
 7.50000000e-01  3.68171339e-05 
 7.60000000e-01  3.99329824e-05 
 7.70000000e-01  4.31753781e-05 
 7.80000000e-01  4.65443211e-05 
 7.90000000e-01  5.00398113e-05 
 8.00000000e-01  5.36618488e-05 
 8.10000000e-01  5.74104335e-05 
 8.20000000e-01  6.12855655e-05 
 8.30000000e-01  6.52239710e-05 
 8.40000000e-01  6.93521975e-05 
 8.50000000e-01  7.36069712e-05 
 8.60000000e-01  7.79882921e-05 
 8.70000000e-01  8.24961603e-05 
 8.80000000e-01  8.71305757e-05 
 8.90000000e-01  9.18915384e-05 
 9.00000000e-01  9.67790483e-05 
 9.10000000e-01  1.01793105e-04 
 9.20000000e-01  1.06933710e-04 
 9.30000000e-01  1.12200862e-04 
 9.40000000e-01  1.17594560e-04 
 9.50000000e-01  1.23114807e-04 
 9.60000000e-01  1.28761600e-04 
 9.70000000e-01  1.34534941e-04 
 9.80000000e-01  1.40434829e-04 
 9.90000000e-01  1.46461264e-04 
 1.00000000e+00  1.52614246e-04 
 1.01000000e+00  1.58893776e-04 
 1.02000000e+00  1.65299852e-04 
 1.03000000e+00  1.71832477e-04 
 1.04000000e+00  1.78491648e-04 
 1.05000000e+00  1.85277367e-04 
 1.06000000e+00  1.92189632e-04 
 1.07000000e+00  1.99228445e-04 
 1.08000000e+00  2.06393806e-04 
 1.09000000e+00  2.13685713e-04 
 1.10000000e+00  2.21104168e-04 
 1.11000000e+00  2.28649170e-04 
 1.12000000e+00  2.36320720e-04 
 1.13000000e+00  2.44118816e-04 
 1.14000000e+00  2.52043460e-04 
 1.15000000e+00  2.60094651e-04 
 1.16000000e+00  2.68272389e-04 
 1.17000000e+00  2.76576675e-04 
 1.18000000e+00  2.85007508e-04 
 1.19000000e+00  2.93564888e-04 
 1.20000000e+00  3.02248815e-04 
 1.21000000e+00  3.11059289e-04 
 1.22000000e+00  3.19996311e-04 
 1.23000000e+00  3.29059880e-04 
 1.24000000e+00  3.38249996e-04 
 1.25000000e+00  3.47566660e-04 
 1.26000000e+00  3.57009871e-04 
 1.27000000e+00  3.66579629e-04 
 1.28000000e+00  3.76275934e-04 
 1.29000000e+00  3.86098786e-04 
 1.30000000e+00  3.96048186e-04 
 1.31000000e+00  4.06124133e-04 
 1.32000000e+00  4.16326627e-04 
 1.33000000e+00  4.26655669e-04 
 1.34000000e+00  4.37111258e-04 
 1.35000000e+00  4.47693394e-04 
 1.36000000e+00  4.58402077e-04 
 1.37000000e+00  4.69237307e-04 
 1.38000000e+00  4.80199085e-04 
 1.39000000e+00  4.91287410e-04 
 1.40000000e+00  5.02502282e-04 
 1.41000000e+00  5.13843701e-04 
 1.42000000e+00  5.25311668e-04 
 1.43000000e+00  5.36906182e-04 
 1.44000000e+00  5.48627243e-04 
 1.45000000e+00  5.60474852e-04 
 1.46000000e+00  5.72449007e-04 
 1.47000000e+00  5.84549710e-04 
 1.48000000e+00  5.96776960e-04 
 1.49000000e+00  6.09130758e-04 
 1.50000000e+00  6.21611102e-04 
 1.51000000e+00  6.34217994e-04 
 1.52000000e+00  6.46951433e-04 
 1.53000000e+00  6.59811420e-04 
 1.54000000e+00  6.72797953e-04 
 1.55000000e+00  6.85911034e-04 
 1.56000000e+00  6.99150662e-04 
 1.57000000e+00  7.12516838e-04 
 1.58000000e+00  7.26009560e-04 
 1.59000000e+00  7.39628830e-04 
 1.60000000e+00  7.53374647e-04 
 1.61000000e+00  7.67247011e-04 
 1.62000000e+00  7.81245923e-04 
 1.63000000e+00  7.95371382e-04 
 1.64000000e+00  8.09623388e-04 
 1.65000000e+00  8.24001941e-04 
 1.66000000e+00  8.38507042e-04 
 1.67000000e+00  8.53138690e-04 
 1.68000000e+00  8.67896885e-04 
 1.69000000e+00  8.82781627e-04 
 1.70000000e+00  8.97792916e-04 
 1.71000000e+00  9.12930753e-04 
 1.72000000e+00  9.28195137e-04 
 1.73000000e+00  9.43586069e-04 
 1.74000000e+00  9.59103547e-04 
 1.75000000e+00  9.74747573e-04 
 1.76000000e+00  9.90518146e-04 
 1.77000000e+00  1.00641527e-03 
 1.78000000e+00  1.02243893e-03 
 1.79000000e+00  1.03858915e-03 
 1.80000000e+00  1.05486591e-03 
