 0.00000000e+00  1.81000000e-12 
 1.00000000e-02  1.81000000e-12 
 2.00000000e-02  1.81000000e-12 
 3.00000000e-02  1.81000000e-12 
 4.00000000e-02  1.81000000e-12 
 5.00000000e-02  1.81000000e-12 
 6.00000000e-02  1.81000000e-12 
 7.00000000e-02  1.81000000e-12 
 8.00000000e-02  1.81000000e-12 
 9.00000000e-02  1.81000000e-12 
 1.00000000e-01  1.81000000e-12 
 1.10000000e-01  1.81000000e-12 
 1.20000000e-01  1.81000000e-12 
 1.30000000e-01  1.81000000e-12 
 1.40000000e-01  1.81000000e-12 
 1.50000000e-01  1.81000000e-12 
 1.60000000e-01  1.81000000e-12 
 1.70000000e-01  1.81000000e-12 
 1.80000000e-01  1.81000000e-12 
 1.90000000e-01  1.81000000e-12 
 2.00000000e-01  1.81000000e-12 
 2.10000000e-01  1.81000000e-12 
 2.20000000e-01  1.81000000e-12 
 2.30000000e-01  1.81000000e-12 
 2.40000000e-01  1.81000000e-12 
 2.50000000e-01  1.81000000e-12 
 2.60000000e-01  1.81000000e-12 
 2.70000000e-01  1.81000000e-12 
 2.80000000e-01  1.81000000e-12 
 2.90000000e-01  1.81000000e-12 
 3.00000000e-01  1.81000000e-12 
 3.10000000e-01  1.81000000e-12 
 3.20000000e-01  1.81000000e-12 
 3.30000000e-01  1.81000000e-12 
 3.40000000e-01  1.81000000e-12 
 3.50000000e-01  1.81000000e-12 
 3.60000000e-01  1.81000000e-12 
 3.70000000e-01  1.81000000e-12 
 3.80000000e-01  1.81000000e-12 
 3.90000000e-01  1.81000000e-12 
 4.00000000e-01  1.81000000e-12 
 4.10000000e-01  1.81000000e-12 
 4.20000000e-01  1.81000000e-12 
 4.30000000e-01  1.81000000e-12 
 4.40000000e-01  1.81000000e-12 
 4.50000000e-01  1.81000000e-12 
 4.60000000e-01  1.81000000e-12 
 4.70000000e-01  1.81000000e-12 
 4.80000000e-01  1.81000000e-12 
 4.90000000e-01  1.81000000e-12 
 5.00000000e-01  1.81000000e-12 
 5.10000000e-01  6.31992952e-08 
 5.20000000e-01  2.61798823e-07 
 5.30000000e-01  5.95879228e-07 
 5.40000000e-01  1.06544051e-06 
 5.50000000e-01  1.67048267e-06 
 5.60000000e-01  2.41100570e-06 
 5.70000000e-01  3.28700961e-06 
 5.80000000e-01  4.29849440e-06 
 5.90000000e-01  5.44546006e-06 
 6.00000000e-01  6.72790660e-06 
 6.10000000e-01  8.14583402e-06 
 6.20000000e-01  9.69924231e-06 
 6.30000000e-01  1.13881315e-05 
 6.40000000e-01  1.32125015e-05 
 6.50000000e-01  1.51723525e-05 
 6.60000000e-01  1.72676843e-05 
 6.70000000e-01  1.94984969e-05 
 6.80000000e-01  2.18647905e-05 
 6.90000000e-01  2.43665649e-05 
 7.00000000e-01  2.70038202e-05 
 7.10000000e-01  2.97765564e-05 
 7.20000000e-01  3.26847735e-05 
 7.30000000e-01  3.57284714e-05 
 7.40000000e-01  3.89076502e-05 
 7.50000000e-01  4.22223099e-05 
 7.60000000e-01  4.56724505e-05 
 7.70000000e-01  4.92580719e-05 
 7.80000000e-01  5.29791742e-05 
 7.90000000e-01  5.68357574e-05 
 8.00000000e-01  6.08278215e-05 
 8.10000000e-01  6.49553664e-05 
 8.20000000e-01  6.91506518e-05 
 8.30000000e-01  7.35491585e-05 
 8.40000000e-01  7.80831461e-05 
 8.50000000e-01  8.27526145e-05 
 8.60000000e-01  8.75575639e-05 
 8.70000000e-01  9.24979941e-05 
 8.80000000e-01  9.75739052e-05 
 8.90000000e-01  1.02785297e-04 
 9.00000000e-01  1.08132170e-04 
 9.10000000e-01  1.13614524e-04 
 9.20000000e-01  1.19232358e-04 
 9.30000000e-01  1.24985674e-04 
 9.40000000e-01  1.30874470e-04 
 9.50000000e-01  1.36898747e-04 
 9.60000000e-01  1.43058505e-04 
 9.70000000e-01  1.49353744e-04 
 9.80000000e-01  1.55784464e-04 
 9.90000000e-01  1.62350665e-04 
 1.00000000e+00  1.69052347e-04 
 1.01000000e+00  1.75889509e-04 
 1.02000000e+00  1.82862152e-04 
 1.03000000e+00  1.89970277e-04 
 1.04000000e+00  1.97213882e-04 
 1.05000000e+00  2.04592968e-04 
 1.06000000e+00  2.12107535e-04 
 1.07000000e+00  2.19757582e-04 
 1.08000000e+00  2.27543111e-04 
 1.09000000e+00  2.35464120e-04 
 1.10000000e+00  2.43520611e-04 
 1.11000000e+00  2.51712582e-04 
 1.12000000e+00  2.60040034e-04 
 1.13000000e+00  2.68502967e-04 
 1.14000000e+00  2.77101381e-04 
 1.15000000e+00  2.85835276e-04 
 1.16000000e+00  2.94704651e-04 
 1.17000000e+00  3.03709508e-04 
 1.18000000e+00  3.12849845e-04 
 1.19000000e+00  3.22125664e-04 
 1.20000000e+00  3.31536963e-04 
 1.21000000e+00  3.41083743e-04 
 1.22000000e+00  3.50766004e-04 
 1.23000000e+00  3.60583745e-04 
 1.24000000e+00  3.70536968e-04 
 1.25000000e+00  3.80625671e-04 
 1.26000000e+00  3.90849856e-04 
 1.27000000e+00  4.01209521e-04 
 1.28000000e+00  4.11704667e-04 
 1.29000000e+00  4.22335294e-04 
 1.30000000e+00  4.33101402e-04 
 1.31000000e+00  4.44002991e-04 
 1.32000000e+00  4.55040061e-04 
 1.33000000e+00  4.66212611e-04 
 1.34000000e+00  4.77520643e-04 
 1.35000000e+00  4.88964155e-04 
 1.36000000e+00  5.00543148e-04 
 1.37000000e+00  5.12257622e-04 
 1.38000000e+00  5.24107577e-04 
 1.39000000e+00  5.36093013e-04 
 1.40000000e+00  5.48213929e-04 
 1.41000000e+00  5.60470327e-04 
 1.42000000e+00  5.72862205e-04 
 1.43000000e+00  5.85389565e-04 
 1.44000000e+00  5.98052405e-04 
 1.45000000e+00  6.10850726e-04 
 1.46000000e+00  6.23784528e-04 
 1.47000000e+00  6.36853811e-04 
 1.48000000e+00  6.50058574e-04 
 1.49000000e+00  6.63398819e-04 
 1.50000000e+00  6.76874544e-04 
 1.51000000e+00  6.90485751e-04 
 1.52000000e+00  7.04232438e-04 
 1.53000000e+00  7.18114606e-04 
 1.54000000e+00  7.32132255e-04 
 1.55000000e+00  7.46285384e-04 
 1.56000000e+00  7.60573995e-04 
 1.57000000e+00  7.74998087e-04 
 1.58000000e+00  7.89557659e-04 
 1.59000000e+00  8.04252713e-04 
 1.60000000e+00  8.19083247e-04 
 1.61000000e+00  8.34049262e-04 
 1.62000000e+00  8.49150758e-04 
 1.63000000e+00  8.64387735e-04 
 1.64000000e+00  8.79760192e-04 
 1.65000000e+00  8.95268131e-04 
 1.66000000e+00  9.10911550e-04 
 1.67000000e+00  9.26690451e-04 
 1.68000000e+00  9.42604832e-04 
 1.69000000e+00  9.58654694e-04 
 1.70000000e+00  9.74840037e-04 
 1.71000000e+00  9.91160861e-04 
 1.72000000e+00  1.00761717e-03 
 1.73000000e+00  1.02420895e-03 
 1.74000000e+00  1.04093622e-03 
 1.75000000e+00  1.05779896e-03 
 1.76000000e+00  1.07479719e-03 
 1.77000000e+00  1.09193090e-03 
 1.78000000e+00  1.10920009e-03 
 1.79000000e+00  1.12660476e-03 
 1.80000000e+00  1.14414491e-03 
