 1.80000000e+00  1.81000000e-12 
 1.79000000e+00  1.81000000e-12 
 1.78000000e+00  1.81000000e-12 
 1.77000000e+00  1.81000000e-12 
 1.76000000e+00  1.81000000e-12 
 1.75000000e+00  1.81000000e-12 
 1.74000000e+00  1.81000000e-12 
 1.73000000e+00  1.81000000e-12 
 1.72000000e+00  1.81000000e-12 
 1.71000000e+00  1.81000000e-12 
 1.70000000e+00  1.81000000e-12 
 1.69000000e+00  1.81000000e-12 
 1.68000000e+00  1.81000000e-12 
 1.67000000e+00  1.81000000e-12 
 1.66000000e+00  1.81000000e-12 
 1.65000000e+00  1.81000000e-12 
 1.64000000e+00  1.81000000e-12 
 1.63000000e+00  1.81000000e-12 
 1.62000000e+00  1.81000000e-12 
 1.61000000e+00  1.81000000e-12 
 1.60000000e+00  1.81000000e-12 
 1.59000000e+00  1.81000000e-12 
 1.58000000e+00  1.81000000e-12 
 1.57000000e+00  1.81000000e-12 
 1.56000000e+00  1.81000000e-12 
 1.55000000e+00  1.81000000e-12 
 1.54000000e+00  1.81000000e-12 
 1.53000000e+00  1.81000000e-12 
 1.52000000e+00  1.81000000e-12 
 1.51000000e+00  1.81000000e-12 
 1.50000000e+00  1.81000000e-12 
 1.49000000e+00  1.81000000e-12 
 1.48000000e+00  1.81000000e-12 
 1.47000000e+00  1.81000000e-12 
 1.46000000e+00  1.81000000e-12 
 1.45000000e+00  1.81000000e-12 
 1.44000000e+00  1.81000000e-12 
 1.43000000e+00  1.81000000e-12 
 1.42000000e+00  1.81000000e-12 
 1.41000000e+00  1.81000000e-12 
 1.40000000e+00  1.81000000e-12 
 1.39000000e+00  1.81000000e-12 
 1.38000000e+00  1.81000000e-12 
 1.37000000e+00  1.81000000e-12 
 1.36000000e+00  1.81000000e-12 
 1.35000000e+00  1.81000000e-12 
 1.34000000e+00  1.81000000e-12 
 1.33000000e+00  1.81000000e-12 
 1.32000000e+00  1.81000000e-12 
 1.31000000e+00  1.81000000e-12 
 1.30000000e+00  3.43489952e-08 
 1.29000000e+00  1.71834668e-07 
 1.28000000e+00  4.14383177e-07 
 1.27000000e+00  7.61994522e-07 
 1.26000000e+00  1.21466870e-06 
 1.25000000e+00  1.77240572e-06 
 1.24000000e+00  2.43520558e-06 
 1.23000000e+00  3.20306827e-06 
 1.22000000e+00  4.07599379e-06 
 1.21000000e+00  5.05398216e-06 
 1.20000000e+00  6.13703336e-06 
 1.19000000e+00  7.32514739e-06 
 1.18000000e+00  8.61832426e-06 
 1.17000000e+00  1.00165640e-05 
 1.16000000e+00  1.15198665e-05 
 1.15000000e+00  1.31282319e-05 
 1.14000000e+00  1.48416601e-05 
 1.13000000e+00  1.66601512e-05 
 1.12000000e+00  1.85837051e-05 
 1.11000000e+00  2.06123218e-05 
 1.10000000e+00  2.27460013e-05 
 1.09000000e+00  2.49847437e-05 
 1.08000000e+00  2.73285490e-05 
 1.07000000e+00  2.97774170e-05 
 1.06000000e+00  3.23313480e-05 
 1.05000000e+00  3.49903417e-05 
 1.04000000e+00  3.77543983e-05 
 1.03000000e+00  4.06235177e-05 
 1.02000000e+00  4.35976999e-05 
 1.01000000e+00  4.66769450e-05 
 1.00000000e+00  4.98612530e-05 
 9.90000000e-01  5.30980923e-05 
 9.80000000e-01  5.64925259e-05 
 9.70000000e-01  5.99920223e-05 
 9.60000000e-01  6.35965816e-05 
 9.50000000e-01  6.73062037e-05 
 9.40000000e-01  7.11208887e-05 
 9.30000000e-01  7.50406364e-05 
 9.20000000e-01  7.90654470e-05 
 9.10000000e-01  8.31953205e-05 
 9.00000000e-01  8.74302568e-05 
 8.90000000e-01  9.17702559e-05 
 8.80000000e-01  9.62153179e-05 
 8.70000000e-01  1.00765443e-04 
 8.60000000e-01  1.05420630e-04 
 8.50000000e-01  1.10180881e-04 
 8.40000000e-01  1.15046194e-04 
 8.30000000e-01  1.20016570e-04 
 8.20000000e-01  1.25092009e-04 
 8.10000000e-01  1.30272511e-04 
 8.00000000e-01  1.35558076e-04 
 7.90000000e-01  1.40948703e-04 
 7.80000000e-01  1.46444393e-04 
 7.70000000e-01  1.52045147e-04 
 7.60000000e-01  1.57750963e-04 
 7.50000000e-01  1.63561841e-04 
 7.40000000e-01  1.69477783e-04 
 7.30000000e-01  1.75498788e-04 
 7.20000000e-01  1.81624855e-04 
 7.10000000e-01  1.87855985e-04 
 7.00000000e-01  1.94192178e-04 
 6.90000000e-01  2.00633434e-04 
 6.80000000e-01  2.07179753e-04 
 6.70000000e-01  2.13831134e-04 
 6.60000000e-01  2.20587579e-04 
 6.50000000e-01  2.27449086e-04 
 6.40000000e-01  2.34415656e-04 
 6.30000000e-01  2.41487289e-04 
 6.20000000e-01  2.48663984e-04 
 6.10000000e-01  2.55945743e-04 
 6.00000000e-01  2.63332564e-04 
 5.90000000e-01  2.70824449e-04 
 5.80000000e-01  2.78421396e-04 
 5.70000000e-01  2.86123405e-04 
 5.60000000e-01  2.93930478e-04 
 5.50000000e-01  3.01842614e-04 
 5.40000000e-01  3.09859812e-04 
 5.30000000e-01  3.17982073e-04 
 5.20000000e-01  3.26209397e-04 
 5.10000000e-01  3.34541784e-04 
 5.00000000e-01  3.42979234e-04 
 4.90000000e-01  3.51521747e-04 
 4.80000000e-01  3.60169322e-04 
 4.70000000e-01  3.68921960e-04 
 4.60000000e-01  3.77779661e-04 
 4.50000000e-01  3.86742425e-04 
 4.40000000e-01  3.95810252e-04 
 4.30000000e-01  4.04983142e-04 
 4.20000000e-01  4.14261094e-04 
 4.10000000e-01  4.23644109e-04 
 4.00000000e-01  4.33132187e-04 
 3.90000000e-01  4.42725328e-04 
 3.80000000e-01  4.52423532e-04 
 3.70000000e-01  4.62226799e-04 
 3.60000000e-01  4.72135128e-04 
 3.50000000e-01  4.82148520e-04 
 3.40000000e-01  4.92266976e-04 
 3.30000000e-01  5.02490494e-04 
 3.20000000e-01  5.12819074e-04 
 3.10000000e-01  5.23252718e-04 
 3.00000000e-01  5.33791424e-04 
 2.90000000e-01  5.44435194e-04 
 2.80000000e-01  5.55184026e-04 
 2.70000000e-01  5.66037921e-04 
 2.60000000e-01  5.76996879e-04 
 2.50000000e-01  5.88060899e-04 
 2.40000000e-01  5.99229983e-04 
 2.30000000e-01  6.10504129e-04 
 2.20000000e-01  6.21883338e-04 
 2.10000000e-01  6.33367610e-04 
 2.00000000e-01  6.44956945e-04 
 1.90000000e-01  6.56651343e-04 
 1.80000000e-01  6.68450803e-04 
 1.70000000e-01  6.80355327e-04 
 1.60000000e-01  6.92364913e-04 
 1.50000000e-01  7.04479562e-04 
 1.40000000e-01  7.16699274e-04 
 1.30000000e-01  7.29024048e-04 
 1.20000000e-01  7.41453886e-04 
 1.10000000e-01  7.53988786e-04 
 1.00000000e-01  7.66628749e-04 
 9.00000000e-02  7.79373775e-04 
 8.00000000e-02  7.92223864e-04 
 7.00000000e-02  8.05179016e-04 
 6.00000000e-02  8.18239230e-04 
 5.00000000e-02  8.31404508e-04 
 4.00000000e-02  8.44674848e-04 
 3.00000000e-02  8.58050251e-04 
 2.00000000e-02  8.71530717e-04 
 1.00000000e-02  8.85116246e-04 
-1.41900380e-15  8.98806837e-04 
