 0.00000000e+00  1.81000000e-12 
 1.00000000e-02  1.81000000e-12 
 2.00000000e-02  1.81000000e-12 
 3.00000000e-02  1.81000000e-12 
 4.00000000e-02  1.81000000e-12 
 5.00000000e-02  1.81000000e-12 
 6.00000000e-02  1.81000000e-12 
 7.00000000e-02  1.81000000e-12 
 8.00000000e-02  1.81000000e-12 
 9.00000000e-02  1.81000000e-12 
 1.00000000e-01  1.81000000e-12 
 1.10000000e-01  1.81000000e-12 
 1.20000000e-01  1.81000000e-12 
 1.30000000e-01  1.81000000e-12 
 1.40000000e-01  1.81000000e-12 
 1.50000000e-01  1.81000000e-12 
 1.60000000e-01  1.81000000e-12 
 1.70000000e-01  1.81000000e-12 
 1.80000000e-01  1.81000000e-12 
 1.90000000e-01  1.81000000e-12 
 2.00000000e-01  1.81000000e-12 
 2.10000000e-01  1.81000000e-12 
 2.20000000e-01  1.81000000e-12 
 2.30000000e-01  1.81000000e-12 
 2.40000000e-01  1.81000000e-12 
 2.50000000e-01  1.81000000e-12 
 2.60000000e-01  1.81000000e-12 
 2.70000000e-01  1.81000000e-12 
 2.80000000e-01  1.81000000e-12 
 2.90000000e-01  1.81000000e-12 
 3.00000000e-01  1.81000000e-12 
 3.10000000e-01  1.81000000e-12 
 3.20000000e-01  1.81000000e-12 
 3.30000000e-01  1.81000000e-12 
 3.40000000e-01  1.81000000e-12 
 3.50000000e-01  1.81000000e-12 
 3.60000000e-01  1.81000000e-12 
 3.70000000e-01  1.81000000e-12 
 3.80000000e-01  1.81000000e-12 
 3.90000000e-01  1.81000000e-12 
 4.00000000e-01  1.81000000e-12 
 4.10000000e-01  1.81000000e-12 
 4.20000000e-01  1.81000000e-12 
 4.30000000e-01  1.81000000e-12 
 4.40000000e-01  1.81000000e-12 
 4.50000000e-01  1.81000000e-12 
 4.60000000e-01  1.81000000e-12 
 4.70000000e-01  1.81000000e-12 
 4.80000000e-01  3.60684909e-08 
 4.90000000e-01  1.89653988e-07 
 5.00000000e-01  4.63857020e-07 
 5.10000000e-01  8.58677587e-07 
 5.20000000e-01  1.37411569e-06 
 5.30000000e-01  2.01017132e-06 
 5.40000000e-01  2.76684450e-06 
 5.50000000e-01  3.64413520e-06 
 5.60000000e-01  4.64204344e-06 
 5.70000000e-01  5.76056922e-06 
 5.80000000e-01  6.99971253e-06 
 5.90000000e-01  8.35947338e-06 
 6.00000000e-01  9.83985176e-06 
 6.10000000e-01  1.14408477e-05 
 6.20000000e-01  1.31624611e-05 
 6.30000000e-01  1.50046921e-05 
 6.40000000e-01  1.69675406e-05 
 6.50000000e-01  1.90510067e-05 
 6.60000000e-01  2.12550903e-05 
 6.70000000e-01  2.35797914e-05 
 6.80000000e-01  2.60251101e-05 
 6.90000000e-01  2.85910462e-05 
 7.00000000e-01  3.12776000e-05 
 7.10000000e-01  3.40847712e-05 
 7.20000000e-01  3.70125600e-05 
 7.30000000e-01  4.00609664e-05 
 7.40000000e-01  4.32299902e-05 
 7.50000000e-01  4.65196316e-05 
 7.60000000e-01  4.99298906e-05 
 7.70000000e-01  5.34607671e-05 
 7.80000000e-01  5.71122611e-05 
 7.90000000e-01  6.08240638e-05 
 8.00000000e-01  6.47167929e-05 
 8.10000000e-01  6.87301395e-05 
 8.20000000e-01  7.28641037e-05 
 8.30000000e-01  7.71186854e-05 
 8.40000000e-01  8.14938846e-05 
 8.50000000e-01  8.59897013e-05 
 8.60000000e-01  9.06061356e-05 
 8.70000000e-01  9.53431874e-05 
 8.80000000e-01  1.00200857e-04 
 8.90000000e-01  1.05179144e-04 
 9.00000000e-01  1.10278048e-04 
 9.10000000e-01  1.15497570e-04 
 9.20000000e-01  1.20837710e-04 
 9.30000000e-01  1.26298467e-04 
 9.40000000e-01  1.31879841e-04 
 9.50000000e-01  1.37581833e-04 
 9.60000000e-01  1.43404443e-04 
 9.70000000e-01  1.49347670e-04 
 9.80000000e-01  1.55411515e-04 
 9.90000000e-01  1.61595977e-04 
 1.00000000e+00  1.67901057e-04 
 1.01000000e+00  1.74326754e-04 
 1.02000000e+00  1.80873069e-04 
 1.03000000e+00  1.87540001e-04 
 1.04000000e+00  1.94327551e-04 
 1.05000000e+00  2.01235719e-04 
 1.06000000e+00  2.08264504e-04 
 1.07000000e+00  2.15413906e-04 
 1.08000000e+00  2.22683926e-04 
 1.09000000e+00  2.30074564e-04 
 1.10000000e+00  2.37585819e-04 
 1.11000000e+00  2.45217692e-04 
 1.12000000e+00  2.52970182e-04 
 1.13000000e+00  2.60843290e-04 
 1.14000000e+00  2.68837015e-04 
 1.15000000e+00  2.76951358e-04 
 1.16000000e+00  2.85186318e-04 
 1.17000000e+00  2.93541896e-04 
 1.18000000e+00  3.02018091e-04 
 1.19000000e+00  3.10614904e-04 
 1.20000000e+00  3.19332335e-04 
 1.21000000e+00  3.28170383e-04 
 1.22000000e+00  3.37129048e-04 
 1.23000000e+00  3.46208331e-04 
 1.24000000e+00  3.55408232e-04 
 1.25000000e+00  3.64728750e-04 
 1.26000000e+00  3.74169886e-04 
 1.27000000e+00  3.83731639e-04 
 1.28000000e+00  3.93414010e-04 
 1.29000000e+00  4.03216998e-04 
 1.30000000e+00  4.13140604e-04 
 1.31000000e+00  4.23184827e-04 
 1.32000000e+00  4.33349668e-04 
 1.33000000e+00  4.43635126e-04 
 1.34000000e+00  4.54041202e-04 
 1.35000000e+00  4.64567896e-04 
 1.36000000e+00  4.75215207e-04 
 1.37000000e+00  4.85983135e-04 
 1.38000000e+00  4.96871682e-04 
 1.39000000e+00  5.07880845e-04 
 1.40000000e+00  5.19010626e-04 
 1.41000000e+00  5.30261025e-04 
 1.42000000e+00  5.41632041e-04 
 1.43000000e+00  5.53123675e-04 
 1.44000000e+00  5.64735926e-04 
 1.45000000e+00  5.76468795e-04 
 1.46000000e+00  5.88322282e-04 
 1.47000000e+00  6.00296386e-04 
 1.48000000e+00  6.12391107e-04 
 1.49000000e+00  6.24606446e-04 
 1.50000000e+00  6.36942403e-04 
 1.51000000e+00  6.49398977e-04 
 1.52000000e+00  6.61976168e-04 
 1.53000000e+00  6.74673977e-04 
 1.54000000e+00  6.87492404e-04 
 1.55000000e+00  7.00431448e-04 
 1.56000000e+00  7.13491110e-04 
 1.57000000e+00  7.26671389e-04 
 1.58000000e+00  7.39972286e-04 
 1.59000000e+00  7.53393800e-04 
 1.60000000e+00  7.66935932e-04 
 1.61000000e+00  7.80598682e-04 
 1.62000000e+00  7.94382048e-04 
 1.63000000e+00  8.08286033e-04 
 1.64000000e+00  8.22310635e-04 
 1.65000000e+00  8.36455854e-04 
 1.66000000e+00  8.50721692e-04 
 1.67000000e+00  8.65108146e-04 
 1.68000000e+00  8.79615218e-04 
 1.69000000e+00  8.94242908e-04 
 1.70000000e+00  9.08991215e-04 
 1.71000000e+00  9.23860140e-04 
 1.72000000e+00  9.38849682e-04 
 1.73000000e+00  9.53959842e-04 
 1.74000000e+00  9.69190619e-04 
 1.75000000e+00  9.84542014e-04 
 1.76000000e+00  1.00001403e-03 
 1.77000000e+00  1.01560666e-03 
 1.78000000e+00  1.03131990e-03 
 1.79000000e+00  1.04715377e-03 
 1.80000000e+00  1.06310825e-03 
