 0.00000000e+00  1.81000000e-12 
 1.00000000e-02  1.81000000e-12 
 2.00000000e-02  1.81000000e-12 
 3.00000000e-02  1.81000000e-12 
 4.00000000e-02  1.81000000e-12 
 5.00000000e-02  1.81000000e-12 
 6.00000000e-02  1.81000000e-12 
 7.00000000e-02  1.81000000e-12 
 8.00000000e-02  1.81000000e-12 
 9.00000000e-02  1.81000000e-12 
 1.00000000e-01  1.81000000e-12 
 1.10000000e-01  1.81000000e-12 
 1.20000000e-01  1.81000000e-12 
 1.30000000e-01  1.81000000e-12 
 1.40000000e-01  1.81000000e-12 
 1.50000000e-01  1.81000000e-12 
 1.60000000e-01  1.81000000e-12 
 1.70000000e-01  1.81000000e-12 
 1.80000000e-01  1.81000000e-12 
 1.90000000e-01  1.81000000e-12 
 2.00000000e-01  1.81000000e-12 
 2.10000000e-01  1.81000000e-12 
 2.20000000e-01  1.81000000e-12 
 2.30000000e-01  1.81000000e-12 
 2.40000000e-01  1.81000000e-12 
 2.50000000e-01  1.81000000e-12 
 2.60000000e-01  1.81000000e-12 
 2.70000000e-01  1.81000000e-12 
 2.80000000e-01  1.81000000e-12 
 2.90000000e-01  1.81000000e-12 
 3.00000000e-01  1.81000000e-12 
 3.10000000e-01  1.81000000e-12 
 3.20000000e-01  1.81000000e-12 
 3.30000000e-01  1.81000000e-12 
 3.40000000e-01  1.81000000e-12 
 3.50000000e-01  1.81000000e-12 
 3.60000000e-01  1.81000000e-12 
 3.70000000e-01  1.81000000e-12 
 3.80000000e-01  1.81000000e-12 
 3.90000000e-01  1.81000000e-12 
 4.00000000e-01  1.81000000e-12 
 4.10000000e-01  1.81000000e-12 
 4.20000000e-01  1.81000000e-12 
 4.30000000e-01  1.81000000e-12 
 4.40000000e-01  1.81000000e-12 
 4.50000000e-01  1.81000000e-12 
 4.60000000e-01  1.81000000e-12 
 4.70000000e-01  1.81000000e-12 
 4.80000000e-01  1.81000000e-12 
 4.90000000e-01  1.30543464e-10 
 5.00000000e-01  6.71285627e-08 
 5.10000000e-01  2.56879011e-07 
 5.20000000e-01  5.69381887e-07 
 5.30000000e-01  1.00463719e-06 
 5.40000000e-01  1.56264493e-06 
 5.50000000e-01  2.24340509e-06 
 5.60000000e-01  3.04691768e-06 
 5.70000000e-01  3.97318270e-06 
 5.80000000e-01  5.02220015e-06 
 5.90000000e-01  6.19397002e-06 
 6.00000000e-01  7.48849233e-06 
 6.10000000e-01  8.90576706e-06 
 6.20000000e-01  1.04457942e-05 
 6.30000000e-01  1.21085738e-05 
 6.40000000e-01  1.38941058e-05 
 6.50000000e-01  1.58023903e-05 
 6.60000000e-01  1.78334272e-05 
 6.70000000e-01  1.99872165e-05 
 6.80000000e-01  2.22637582e-05 
 6.90000000e-01  2.46630524e-05 
 7.00000000e-01  2.71850990e-05 
 7.10000000e-01  2.98298980e-05 
 7.20000000e-01  3.25974494e-05 
 7.30000000e-01  3.54877533e-05 
 7.40000000e-01  3.85008096e-05 
 7.50000000e-01  4.16366183e-05 
 7.60000000e-01  4.48951795e-05 
 7.70000000e-01  4.82764931e-05 
 7.80000000e-01  5.17805591e-05 
 7.90000000e-01  5.54073776e-05 
 8.00000000e-01  5.91569484e-05 
 8.10000000e-01  6.29678955e-05 
 8.20000000e-01  6.69629713e-05 
 8.30000000e-01  7.10807994e-05 
 8.40000000e-01  7.53213800e-05 
 8.50000000e-01  7.96847130e-05 
 8.60000000e-01  8.41707985e-05 
 8.70000000e-01  8.87796364e-05 
 8.80000000e-01  9.35112267e-05 
 8.90000000e-01  9.83655694e-05 
 9.00000000e-01  1.03342665e-04 
 9.10000000e-01  1.08442512e-04 
 9.20000000e-01  1.13665112e-04 
 9.30000000e-01  1.19010465e-04 
 9.40000000e-01  1.24478570e-04 
 9.50000000e-01  1.30069427e-04 
 9.60000000e-01  1.35783037e-04 
 9.70000000e-01  1.41619399e-04 
 9.80000000e-01  1.47578513e-04 
 9.90000000e-01  1.53660380e-04 
 1.00000000e+00  1.59865000e-04 
 1.01000000e+00  1.66192372e-04 
 1.02000000e+00  1.72642496e-04 
 1.03000000e+00  1.79215373e-04 
 1.04000000e+00  1.85911002e-04 
 1.05000000e+00  1.92729383e-04 
 1.06000000e+00  1.99670517e-04 
 1.07000000e+00  2.06734404e-04 
 1.08000000e+00  2.13921043e-04 
 1.09000000e+00  2.21230434e-04 
 1.10000000e+00  2.28662578e-04 
 1.11000000e+00  2.36217474e-04 
 1.12000000e+00  2.43895123e-04 
 1.13000000e+00  2.51695524e-04 
 1.14000000e+00  2.59618677e-04 
 1.15000000e+00  2.67664583e-04 
 1.16000000e+00  2.75833241e-04 
 1.17000000e+00  2.84124652e-04 
 1.18000000e+00  2.92538815e-04 
 1.19000000e+00  3.01075731e-04 
 1.20000000e+00  3.09735399e-04 
 1.21000000e+00  3.18517819e-04 
 1.22000000e+00  3.27422992e-04 
 1.23000000e+00  3.36450917e-04 
 1.24000000e+00  3.45601595e-04 
 1.25000000e+00  3.54875025e-04 
 1.26000000e+00  3.64271208e-04 
 1.27000000e+00  3.73790143e-04 
 1.28000000e+00  3.83431830e-04 
 1.29000000e+00  3.93196270e-04 
 1.30000000e+00  4.03083463e-04 
 1.31000000e+00  4.13093407e-04 
 1.32000000e+00  4.23226104e-04 
 1.33000000e+00  4.33481554e-04 
 1.34000000e+00  4.43859756e-04 
 1.35000000e+00  4.54360711e-04 
 1.36000000e+00  4.64984417e-04 
 1.37000000e+00  4.75730877e-04 
 1.38000000e+00  4.86600088e-04 
 1.39000000e+00  4.97592053e-04 
 1.40000000e+00  5.08706769e-04 
 1.41000000e+00  5.19944238e-04 
 1.42000000e+00  5.31304460e-04 
 1.43000000e+00  5.42787434e-04 
 1.44000000e+00  5.54393160e-04 
 1.45000000e+00  5.66121639e-04 
 1.46000000e+00  5.77972870e-04 
 1.47000000e+00  5.89946853e-04 
 1.48000000e+00  6.02043589e-04 
 1.49000000e+00  6.14263078e-04 
 1.50000000e+00  6.26605319e-04 
 1.51000000e+00  6.39070312e-04 
 1.52000000e+00  6.51658058e-04 
 1.53000000e+00  6.64368556e-04 
 1.54000000e+00  6.77201806e-04 
 1.55000000e+00  6.90157810e-04 
 1.56000000e+00  7.03236565e-04 
 1.57000000e+00  7.16438073e-04 
 1.58000000e+00  7.29762333e-04 
 1.59000000e+00  7.43209346e-04 
 1.60000000e+00  7.56779111e-04 
 1.61000000e+00  7.70471629e-04 
 1.62000000e+00  7.84286899e-04 
 1.63000000e+00  7.98224921e-04 
 1.64000000e+00  8.12285696e-04 
 1.65000000e+00  8.26469223e-04 
 1.66000000e+00  8.40775503e-04 
 1.67000000e+00  8.55204535e-04 
 1.68000000e+00  8.69756320e-04 
 1.69000000e+00  8.84430857e-04 
 1.70000000e+00  8.99228146e-04 
 1.71000000e+00  9.14148188e-04 
 1.72000000e+00  9.29190982e-04 
 1.73000000e+00  9.44356529e-04 
 1.74000000e+00  9.59644828e-04 
 1.75000000e+00  9.75055880e-04 
 1.76000000e+00  9.90589684e-04 
 1.77000000e+00  1.00624624e-03 
 1.78000000e+00  1.02202555e-03 
 1.79000000e+00  1.03792761e-03 
 1.80000000e+00  1.05395242e-03 
