 1.80000000e+00  1.81000000e-12 
 1.79000000e+00  1.81000000e-12 
 1.78000000e+00  1.81000000e-12 
 1.77000000e+00  1.81000000e-12 
 1.76000000e+00  1.81000000e-12 
 1.75000000e+00  1.81000000e-12 
 1.74000000e+00  1.81000000e-12 
 1.73000000e+00  1.81000000e-12 
 1.72000000e+00  1.81000000e-12 
 1.71000000e+00  1.81000000e-12 
 1.70000000e+00  1.81000000e-12 
 1.69000000e+00  1.81000000e-12 
 1.68000000e+00  1.81000000e-12 
 1.67000000e+00  1.81000000e-12 
 1.66000000e+00  1.81000000e-12 
 1.65000000e+00  1.81000000e-12 
 1.64000000e+00  1.81000000e-12 
 1.63000000e+00  1.81000000e-12 
 1.62000000e+00  1.81000000e-12 
 1.61000000e+00  1.81000000e-12 
 1.60000000e+00  1.81000000e-12 
 1.59000000e+00  1.81000000e-12 
 1.58000000e+00  1.81000000e-12 
 1.57000000e+00  1.81000000e-12 
 1.56000000e+00  1.81000000e-12 
 1.55000000e+00  1.81000000e-12 
 1.54000000e+00  1.81000000e-12 
 1.53000000e+00  1.81000000e-12 
 1.52000000e+00  1.81000000e-12 
 1.51000000e+00  1.81000000e-12 
 1.50000000e+00  1.81000000e-12 
 1.49000000e+00  1.81000000e-12 
 1.48000000e+00  1.81000000e-12 
 1.47000000e+00  1.81000000e-12 
 1.46000000e+00  1.81000000e-12 
 1.45000000e+00  1.81000000e-12 
 1.44000000e+00  1.81000000e-12 
 1.43000000e+00  1.81000000e-12 
 1.42000000e+00  1.81000000e-12 
 1.41000000e+00  1.81000000e-12 
 1.40000000e+00  1.81000000e-12 
 1.39000000e+00  1.81000000e-12 
 1.38000000e+00  1.81000000e-12 
 1.37000000e+00  1.81000000e-12 
 1.36000000e+00  1.81000000e-12 
 1.35000000e+00  1.81000000e-12 
 1.34000000e+00  1.81000000e-12 
 1.33000000e+00  1.81000000e-12 
 1.32000000e+00  1.81000000e-12 
 1.31000000e+00  1.81000000e-12 
 1.30000000e+00  1.81000000e-12 
 1.29000000e+00  1.81000000e-12 
 1.28000000e+00  5.60483107e-09 
 1.27000000e+00  1.06594773e-07 
 1.26000000e+00  3.34222491e-07 
 1.25000000e+00  6.88487985e-07 
 1.24000000e+00  1.16939126e-06 
 1.23000000e+00  1.77693230e-06 
 1.22000000e+00  2.51111113e-06 
 1.21000000e+00  3.37192773e-06 
 1.20000000e+00  4.35938210e-06 
 1.19000000e+00  5.47347426e-06 
 1.18000000e+00  6.71420419e-06 
 1.17000000e+00  8.08157189e-06 
 1.16000000e+00  9.57557737e-06 
 1.15000000e+00  1.11962206e-05 
 1.14000000e+00  1.29435017e-05 
 1.13000000e+00  1.48174205e-05 
 1.12000000e+00  1.68179771e-05 
 1.11000000e+00  1.89451714e-05 
 1.10000000e+00  2.11990036e-05 
 1.09000000e+00  2.35794735e-05 
 1.08000000e+00  2.60865812e-05 
 1.07000000e+00  2.87203267e-05 
 1.06000000e+00  3.14807099e-05 
 1.05000000e+00  3.43677309e-05 
 1.04000000e+00  3.73813897e-05 
 1.03000000e+00  4.05216863e-05 
 1.02000000e+00  4.37886207e-05 
 1.01000000e+00  4.71821928e-05 
 1.00000000e+00  5.07024027e-05 
 9.90000000e-01  5.43492504e-05 
 9.80000000e-01  5.81227358e-05 
 9.70000000e-01  6.20228591e-05 
 9.60000000e-01  6.59863012e-05 
 9.50000000e-01  7.01397000e-05 
 9.40000000e-01  7.44197365e-05 
 9.30000000e-01  7.88264109e-05 
 9.20000000e-01  8.33597230e-05 
 9.10000000e-01  8.80196729e-05 
 9.00000000e-01  9.28062606e-05 
 8.90000000e-01  9.77194860e-05 
 8.80000000e-01  1.02759349e-04 
 8.70000000e-01  1.07925850e-04 
 8.60000000e-01  1.13218989e-04 
 8.50000000e-01  1.18638766e-04 
 8.40000000e-01  1.24185180e-04 
 8.30000000e-01  1.29858232e-04 
 8.20000000e-01  1.35657922e-04 
 8.10000000e-01  1.41584250e-04 
 8.00000000e-01  1.47637215e-04 
 7.90000000e-01  1.53816818e-04 
 7.80000000e-01  1.60123059e-04 
 7.70000000e-01  1.66555938e-04 
 7.60000000e-01  1.73115454e-04 
 7.50000000e-01  1.79801609e-04 
 7.40000000e-01  1.86614401e-04 
 7.30000000e-01  1.93553831e-04 
 7.20000000e-01  2.00619898e-04 
 7.10000000e-01  2.07812604e-04 
 7.00000000e-01  2.15131947e-04 
 6.90000000e-01  2.22577928e-04 
 6.80000000e-01  2.30150547e-04 
 6.70000000e-01  2.37849803e-04 
 6.60000000e-01  2.45675698e-04 
 6.50000000e-01  2.53628230e-04 
 6.40000000e-01  2.61707399e-04 
 6.30000000e-01  2.69913207e-04 
 6.20000000e-01  2.78245653e-04 
 6.10000000e-01  2.86704736e-04 
 6.00000000e-01  2.95290457e-04 
 5.90000000e-01  3.04002815e-04 
 5.80000000e-01  3.12841812e-04 
 5.70000000e-01  3.21807446e-04 
 5.60000000e-01  3.30899718e-04 
 5.50000000e-01  3.40118628e-04 
 5.40000000e-01  3.49464176e-04 
 5.30000000e-01  3.58936361e-04 
 5.20000000e-01  3.68535184e-04 
 5.10000000e-01  3.78260645e-04 
 5.00000000e-01  3.88112744e-04 
 4.90000000e-01  3.98091481e-04 
 4.80000000e-01  4.08196855e-04 
 4.70000000e-01  4.18428867e-04 
 4.60000000e-01  4.28787517e-04 
 4.50000000e-01  4.39272804e-04 
 4.40000000e-01  4.49884730e-04 
 4.30000000e-01  4.60623293e-04 
 4.20000000e-01  4.71488494e-04 
 4.10000000e-01  4.82480332e-04 
 4.00000000e-01  4.93598809e-04 
 3.90000000e-01  5.04843923e-04 
 3.80000000e-01  5.16215675e-04 
 3.70000000e-01  5.27714065e-04 
 3.60000000e-01  5.39339093e-04 
 3.50000000e-01  5.51090758e-04 
 3.40000000e-01  5.62969061e-04 
 3.30000000e-01  5.74974002e-04 
 3.20000000e-01  5.87105581e-04 
 3.10000000e-01  5.99363797e-04 
 3.00000000e-01  6.11748652e-04 
 2.90000000e-01  6.24260144e-04 
 2.80000000e-01  6.36898273e-04 
 2.70000000e-01  6.49663041e-04 
 2.60000000e-01  6.62554446e-04 
 2.50000000e-01  6.75572490e-04 
 2.40000000e-01  6.88717170e-04 
 2.30000000e-01  7.01988489e-04 
 2.20000000e-01  7.15386446e-04 
 2.10000000e-01  7.28911040e-04 
 2.00000000e-01  7.42562272e-04 
 1.90000000e-01  7.56340142e-04 
 1.80000000e-01  7.70244649e-04 
 1.70000000e-01  7.84275795e-04 
 1.60000000e-01  7.98433578e-04 
 1.50000000e-01  8.12717999e-04 
 1.40000000e-01  8.27129057e-04 
 1.30000000e-01  8.41666754e-04 
 1.20000000e-01  8.56331088e-04 
 1.10000000e-01  8.71122060e-04 
 1.00000000e-01  8.86039670e-04 
 9.00000000e-02  9.01083917e-04 
 8.00000000e-02  9.16254803e-04 
 7.00000000e-02  9.31552326e-04 
 6.00000000e-02  9.46976487e-04 
 5.00000000e-02  9.62527285e-04 
 4.00000000e-02  9.78204722e-04 
 3.00000000e-02  9.94008796e-04 
 2.00000000e-02  1.00993951e-03 
 1.00000000e-02  1.02599686e-03 
-1.41900380e-15  1.04218085e-03 
