 0.00000000e+00  1.81000000e-12 
 1.00000000e-02  1.81000000e-12 
 2.00000000e-02  1.81000000e-12 
 3.00000000e-02  1.81000000e-12 
 4.00000000e-02  1.81000000e-12 
 5.00000000e-02  1.81000000e-12 
 6.00000000e-02  1.81000000e-12 
 7.00000000e-02  1.81000000e-12 
 8.00000000e-02  1.81000000e-12 
 9.00000000e-02  1.81000000e-12 
 1.00000000e-01  1.81000000e-12 
 1.10000000e-01  1.81000000e-12 
 1.20000000e-01  1.81000000e-12 
 1.30000000e-01  1.81000000e-12 
 1.40000000e-01  1.81000000e-12 
 1.50000000e-01  1.81000000e-12 
 1.60000000e-01  1.81000000e-12 
 1.70000000e-01  1.81000000e-12 
 1.80000000e-01  1.81000000e-12 
 1.90000000e-01  1.81000000e-12 
 2.00000000e-01  1.81000000e-12 
 2.10000000e-01  1.81000000e-12 
 2.20000000e-01  1.81000000e-12 
 2.30000000e-01  1.81000000e-12 
 2.40000000e-01  1.81000000e-12 
 2.50000000e-01  1.81000000e-12 
 2.60000000e-01  1.81000000e-12 
 2.70000000e-01  1.81000000e-12 
 2.80000000e-01  1.81000000e-12 
 2.90000000e-01  1.81000000e-12 
 3.00000000e-01  1.81000000e-12 
 3.10000000e-01  1.81000000e-12 
 3.20000000e-01  1.81000000e-12 
 3.30000000e-01  1.81000000e-12 
 3.40000000e-01  1.81000000e-12 
 3.50000000e-01  1.81000000e-12 
 3.60000000e-01  1.81000000e-12 
 3.70000000e-01  1.81000000e-12 
 3.80000000e-01  1.81000000e-12 
 3.90000000e-01  1.81000000e-12 
 4.00000000e-01  1.81000000e-12 
 4.10000000e-01  1.81000000e-12 
 4.20000000e-01  1.81000000e-12 
 4.30000000e-01  1.81000000e-12 
 4.40000000e-01  1.81000000e-12 
 4.50000000e-01  1.81000000e-12 
 4.60000000e-01  1.81000000e-12 
 4.70000000e-01  1.81000000e-12 
 4.80000000e-01  1.81000000e-12 
 4.90000000e-01  1.81000000e-12 
 5.00000000e-01  1.42355736e-09 
 5.10000000e-01  7.58752962e-08 
 5.20000000e-01  2.63372745e-07 
 5.30000000e-01  5.63915904e-07 
 5.40000000e-01  9.77504772e-07 
 5.50000000e-01  1.50413935e-06 
 5.60000000e-01  2.14381964e-06 
 5.70000000e-01  2.89654564e-06 
 5.80000000e-01  3.76231735e-06 
 5.90000000e-01  4.74113476e-06 
 6.00000000e-01  5.83299789e-06 
 6.10000000e-01  7.03790673e-06 
 6.20000000e-01  8.35586128e-06 
 6.30000000e-01  9.78686154e-06 
 6.40000000e-01  1.13309075e-05 
 6.50000000e-01  1.29879992e-05 
 6.60000000e-01  1.47581366e-05 
 6.70000000e-01  1.66413197e-05 
 6.80000000e-01  1.86375485e-05 
 6.90000000e-01  2.07468230e-05 
 7.00000000e-01  2.29691432e-05 
 7.10000000e-01  2.53045092e-05 
 7.20000000e-01  2.77529208e-05 
 7.30000000e-01  3.03143782e-05 
 7.40000000e-01  3.29888812e-05 
 7.50000000e-01  3.57764300e-05 
 7.60000000e-01  3.86770245e-05 
 7.70000000e-01  4.16906647e-05 
 7.80000000e-01  4.48173506e-05 
 7.90000000e-01  4.80570822e-05 
 8.00000000e-01  5.14098595e-05 
 8.10000000e-01  5.48756826e-05 
 8.20000000e-01  5.83980285e-05 
 8.30000000e-01  6.20899429e-05 
 8.40000000e-01  6.58949031e-05 
 8.50000000e-01  6.98129090e-05 
 8.60000000e-01  7.38439605e-05 
 8.70000000e-01  7.79880578e-05 
 8.80000000e-01  8.22452008e-05 
 8.90000000e-01  8.66153896e-05 
 9.00000000e-01  9.10986240e-05 
 9.10000000e-01  9.56949041e-05 
 9.20000000e-01  1.00404230e-04 
 9.30000000e-01  1.05226602e-04 
 9.40000000e-01  1.10162019e-04 
 9.50000000e-01  1.15210482e-04 
 9.60000000e-01  1.20371990e-04 
 9.70000000e-01  1.25646545e-04 
 9.80000000e-01  1.31034145e-04 
 9.90000000e-01  1.36534791e-04 
 1.00000000e+00  1.42148482e-04 
 1.01000000e+00  1.47875220e-04 
 1.02000000e+00  1.53715002e-04 
 1.03000000e+00  1.59667831e-04 
 1.04000000e+00  1.65733705e-04 
 1.05000000e+00  1.71912626e-04 
 1.06000000e+00  1.78204591e-04 
 1.07000000e+00  1.84609603e-04 
 1.08000000e+00  1.91127660e-04 
 1.09000000e+00  1.97758763e-04 
 1.10000000e+00  2.04502912e-04 
 1.11000000e+00  2.11360106e-04 
 1.12000000e+00  2.18330346e-04 
 1.13000000e+00  2.25413632e-04 
 1.14000000e+00  2.32609963e-04 
 1.15000000e+00  2.39919340e-04 
 1.16000000e+00  2.47341763e-04 
 1.17000000e+00  2.54877232e-04 
 1.18000000e+00  2.62525746e-04 
 1.19000000e+00  2.70287306e-04 
 1.20000000e+00  2.78161912e-04 
 1.21000000e+00  2.86149563e-04 
 1.22000000e+00  2.94250260e-04 
 1.23000000e+00  3.02464003e-04 
 1.24000000e+00  3.10790792e-04 
 1.25000000e+00  3.19230626e-04 
 1.26000000e+00  3.27783506e-04 
 1.27000000e+00  3.36449432e-04 
 1.28000000e+00  3.45228403e-04 
 1.29000000e+00  3.54120420e-04 
 1.30000000e+00  3.63125483e-04 
 1.31000000e+00  3.72243592e-04 
 1.32000000e+00  3.81474746e-04 
 1.33000000e+00  3.90818946e-04 
 1.34000000e+00  4.00276192e-04 
 1.35000000e+00  4.09846483e-04 
 1.36000000e+00  4.19529820e-04 
 1.37000000e+00  4.29326203e-04 
 1.38000000e+00  4.39235631e-04 
 1.39000000e+00  4.49258105e-04 
 1.40000000e+00  4.59393625e-04 
 1.41000000e+00  4.69642191e-04 
 1.42000000e+00  4.80003802e-04 
 1.43000000e+00  4.90478459e-04 
 1.44000000e+00  5.01066162e-04 
 1.45000000e+00  5.11766911e-04 
 1.46000000e+00  5.22580705e-04 
 1.47000000e+00  5.33507545e-04 
 1.48000000e+00  5.44547430e-04 
 1.49000000e+00  5.55700362e-04 
 1.50000000e+00  5.66966339e-04 
 1.51000000e+00  5.78345361e-04 
 1.52000000e+00  5.89837430e-04 
 1.53000000e+00  6.01442544e-04 
 1.54000000e+00  6.13160704e-04 
 1.55000000e+00  6.24991909e-04 
 1.56000000e+00  6.36936161e-04 
 1.57000000e+00  6.48993458e-04 
 1.58000000e+00  6.61163800e-04 
 1.59000000e+00  6.73447189e-04 
 1.60000000e+00  6.85843623e-04 
 1.61000000e+00  6.98353103e-04 
 1.62000000e+00  7.10975628e-04 
 1.63000000e+00  7.23711199e-04 
 1.64000000e+00  7.36559816e-04 
 1.65000000e+00  7.49521479e-04 
 1.66000000e+00  7.62596188e-04 
 1.67000000e+00  7.75783942e-04 
 1.68000000e+00  7.89084741e-04 
 1.69000000e+00  8.02498587e-04 
 1.70000000e+00  8.16025478e-04 
 1.71000000e+00  8.29665415e-04 
 1.72000000e+00  8.43418398e-04 
 1.73000000e+00  8.57284426e-04 
 1.74000000e+00  8.71263500e-04 
 1.75000000e+00  8.85355620e-04 
 1.76000000e+00  8.99560785e-04 
 1.77000000e+00  9.13878997e-04 
 1.78000000e+00  9.28310253e-04 
 1.79000000e+00  9.42854556e-04 
 1.80000000e+00  9.57511904e-04 
