 1.80000000e+00  1.81000000e-12 
 1.79000000e+00  1.81000000e-12 
 1.78000000e+00  1.81000000e-12 
 1.77000000e+00  1.81000000e-12 
 1.76000000e+00  1.81000000e-12 
 1.75000000e+00  1.81000000e-12 
 1.74000000e+00  1.81000000e-12 
 1.73000000e+00  1.81000000e-12 
 1.72000000e+00  1.81000000e-12 
 1.71000000e+00  1.81000000e-12 
 1.70000000e+00  1.81000000e-12 
 1.69000000e+00  1.81000000e-12 
 1.68000000e+00  1.81000000e-12 
 1.67000000e+00  1.81000000e-12 
 1.66000000e+00  1.81000000e-12 
 1.65000000e+00  1.81000000e-12 
 1.64000000e+00  1.81000000e-12 
 1.63000000e+00  1.81000000e-12 
 1.62000000e+00  1.81000000e-12 
 1.61000000e+00  1.81000000e-12 
 1.60000000e+00  1.81000000e-12 
 1.59000000e+00  1.81000000e-12 
 1.58000000e+00  1.81000000e-12 
 1.57000000e+00  1.81000000e-12 
 1.56000000e+00  1.81000000e-12 
 1.55000000e+00  1.81000000e-12 
 1.54000000e+00  1.81000000e-12 
 1.53000000e+00  1.81000000e-12 
 1.52000000e+00  1.81000000e-12 
 1.51000000e+00  1.81000000e-12 
 1.50000000e+00  1.81000000e-12 
 1.49000000e+00  1.81000000e-12 
 1.48000000e+00  1.81000000e-12 
 1.47000000e+00  1.81000000e-12 
 1.46000000e+00  1.81000000e-12 
 1.45000000e+00  1.81000000e-12 
 1.44000000e+00  1.81000000e-12 
 1.43000000e+00  1.81000000e-12 
 1.42000000e+00  1.81000000e-12 
 1.41000000e+00  1.81000000e-12 
 1.40000000e+00  1.81000000e-12 
 1.39000000e+00  1.81000000e-12 
 1.38000000e+00  1.81000000e-12 
 1.37000000e+00  1.81000000e-12 
 1.36000000e+00  1.81000000e-12 
 1.35000000e+00  1.81000000e-12 
 1.34000000e+00  1.81000000e-12 
 1.33000000e+00  1.81000000e-12 
 1.32000000e+00  1.81000000e-12 
 1.31000000e+00  1.81000000e-12 
 1.30000000e+00  1.81000000e-12 
 1.29000000e+00  1.81000000e-12 
 1.28000000e+00  1.18049742e-08 
 1.27000000e+00  1.25833113e-07 
 1.26000000e+00  3.60976624e-07 
 1.25000000e+00  7.17235507e-07 
 1.24000000e+00  1.19460976e-06 
 1.23000000e+00  1.79309939e-06 
 1.22000000e+00  2.51270439e-06 
 1.21000000e+00  3.35342477e-06 
 1.20000000e+00  4.31526051e-06 
 1.19000000e+00  5.39821163e-06 
 1.18000000e+00  6.60227812e-06 
 1.17000000e+00  7.92745999e-06 
 1.16000000e+00  9.37375722e-06 
 1.15000000e+00  1.09411698e-05 
 1.14000000e+00  1.26296978e-05 
 1.13000000e+00  1.44393412e-05 
 1.12000000e+00  1.63700999e-05 
 1.11000000e+00  1.84219740e-05 
 1.10000000e+00  2.05949635e-05 
 1.09000000e+00  2.28890683e-05 
 1.08000000e+00  2.53042885e-05 
 1.07000000e+00  2.78406241e-05 
 1.06000000e+00  3.04980751e-05 
 1.05000000e+00  3.32766414e-05 
 1.04000000e+00  3.61763231e-05 
 1.03000000e+00  3.91971202e-05 
 1.02000000e+00  4.23390326e-05 
 1.01000000e+00  4.56020605e-05 
 1.00000000e+00  4.89862037e-05 
 9.90000000e-01  5.24914622e-05 
 9.80000000e-01  5.61178362e-05 
 9.70000000e-01  5.98653255e-05 
 9.60000000e-01  6.36733725e-05 
 9.50000000e-01  6.76630925e-05 
 9.40000000e-01  7.17739280e-05 
 9.30000000e-01  7.60058788e-05 
 9.20000000e-01  8.03589450e-05 
 9.10000000e-01  8.48331265e-05 
 9.00000000e-01  8.94284234e-05 
 8.90000000e-01  9.41448357e-05 
 8.80000000e-01  9.89823634e-05 
 8.70000000e-01  1.03941006e-04 
 8.60000000e-01  1.09020765e-04 
 8.50000000e-01  1.14221639e-04 
 8.40000000e-01  1.19543628e-04 
 8.30000000e-01  1.24986732e-04 
 8.20000000e-01  1.30550952e-04 
 8.10000000e-01  1.36236287e-04 
 8.00000000e-01  1.42042738e-04 
 7.90000000e-01  1.47970304e-04 
 7.80000000e-01  1.54018986e-04 
 7.70000000e-01  1.60188782e-04 
 7.60000000e-01  1.66479694e-04 
 7.50000000e-01  1.72891722e-04 
 7.40000000e-01  1.79424865e-04 
 7.30000000e-01  1.86079123e-04 
 7.20000000e-01  1.92854497e-04 
 7.10000000e-01  1.99750986e-04 
 7.00000000e-01  2.06768590e-04 
 6.90000000e-01  2.13907310e-04 
 6.80000000e-01  2.21167145e-04 
 6.70000000e-01  2.28548095e-04 
 6.60000000e-01  2.36050161e-04 
 6.50000000e-01  2.43673343e-04 
 6.40000000e-01  2.51417639e-04 
 6.30000000e-01  2.59283051e-04 
 6.20000000e-01  2.67269578e-04 
 6.10000000e-01  2.75377221e-04 
 6.00000000e-01  2.83605979e-04 
 5.90000000e-01  2.91955853e-04 
 5.80000000e-01  3.00426842e-04 
 5.70000000e-01  3.09018946e-04 
 5.60000000e-01  3.17732165e-04 
 5.50000000e-01  3.26566500e-04 
 5.40000000e-01  3.35521951e-04 
 5.30000000e-01  3.44598516e-04 
 5.20000000e-01  3.53796197e-04 
 5.10000000e-01  3.63114994e-04 
 5.00000000e-01  3.72554906e-04 
 4.90000000e-01  3.82115933e-04 
 4.80000000e-01  3.91798076e-04 
 4.70000000e-01  4.01601333e-04 
 4.60000000e-01  4.11525707e-04 
 4.50000000e-01  4.21571195e-04 
 4.40000000e-01  4.31737800e-04 
 4.30000000e-01  4.42025519e-04 
 4.20000000e-01  4.52434354e-04 
 4.10000000e-01  4.62964304e-04 
 4.00000000e-01  4.73615369e-04 
 3.90000000e-01  4.84387550e-04 
 3.80000000e-01  4.95280847e-04 
 3.70000000e-01  5.06295258e-04 
 3.60000000e-01  5.17430785e-04 
 3.50000000e-01  5.28687428e-04 
 3.40000000e-01  5.40065186e-04 
 3.30000000e-01  5.51564059e-04 
 3.20000000e-01  5.63184047e-04 
 3.10000000e-01  5.74925151e-04 
 3.00000000e-01  5.86787370e-04 
 2.90000000e-01  5.98770705e-04 
 2.80000000e-01  6.10875155e-04 
 2.70000000e-01  6.23100720e-04 
 2.60000000e-01  6.35447401e-04 
 2.50000000e-01  6.47915197e-04 
 2.40000000e-01  6.60504109e-04 
 2.30000000e-01  6.73214136e-04 
 2.20000000e-01  6.86045278e-04 
 2.10000000e-01  6.98997536e-04 
 2.00000000e-01  7.12070909e-04 
 1.90000000e-01  7.25265397e-04 
 1.80000000e-01  7.38581001e-04 
 1.70000000e-01  7.52017720e-04 
 1.60000000e-01  7.65575554e-04 
 1.50000000e-01  7.79254504e-04 
 1.40000000e-01  7.93054569e-04 
 1.30000000e-01  8.06975750e-04 
 1.20000000e-01  8.21018046e-04 
 1.10000000e-01  8.35181457e-04 
 1.00000000e-01  8.49465984e-04 
 9.00000000e-02  8.63871626e-04 
 8.00000000e-02  8.78398384e-04 
 7.00000000e-02  8.93046257e-04 
 6.00000000e-02  9.07815245e-04 
 5.00000000e-02  9.22705348e-04 
 4.00000000e-02  9.37716567e-04 
 3.00000000e-02  9.52848902e-04 
 2.00000000e-02  9.68102351e-04 
 1.00000000e-02  9.83476916e-04 
-1.41900380e-15  9.98972597e-04 
