 0.00000000e+00  1.81000000e-12 
 1.00000000e-02  1.81000000e-12 
 2.00000000e-02  1.81000000e-12 
 3.00000000e-02  1.81000000e-12 
 4.00000000e-02  1.81000000e-12 
 5.00000000e-02  1.81000000e-12 
 6.00000000e-02  1.81000000e-12 
 7.00000000e-02  1.81000000e-12 
 8.00000000e-02  1.81000000e-12 
 9.00000000e-02  1.81000000e-12 
 1.00000000e-01  1.81000000e-12 
 1.10000000e-01  1.81000000e-12 
 1.20000000e-01  1.81000000e-12 
 1.30000000e-01  1.81000000e-12 
 1.40000000e-01  1.81000000e-12 
 1.50000000e-01  1.81000000e-12 
 1.60000000e-01  1.81000000e-12 
 1.70000000e-01  1.81000000e-12 
 1.80000000e-01  1.81000000e-12 
 1.90000000e-01  1.81000000e-12 
 2.00000000e-01  1.81000000e-12 
 2.10000000e-01  1.81000000e-12 
 2.20000000e-01  1.81000000e-12 
 2.30000000e-01  1.81000000e-12 
 2.40000000e-01  1.81000000e-12 
 2.50000000e-01  1.81000000e-12 
 2.60000000e-01  1.81000000e-12 
 2.70000000e-01  1.81000000e-12 
 2.80000000e-01  1.81000000e-12 
 2.90000000e-01  1.81000000e-12 
 3.00000000e-01  1.81000000e-12 
 3.10000000e-01  1.81000000e-12 
 3.20000000e-01  1.81000000e-12 
 3.30000000e-01  1.81000000e-12 
 3.40000000e-01  1.81000000e-12 
 3.50000000e-01  1.81000000e-12 
 3.60000000e-01  1.81000000e-12 
 3.70000000e-01  1.81000000e-12 
 3.80000000e-01  1.81000000e-12 
 3.90000000e-01  1.81000000e-12 
 4.00000000e-01  1.81000000e-12 
 4.10000000e-01  1.81000000e-12 
 4.20000000e-01  1.81000000e-12 
 4.30000000e-01  1.81000000e-12 
 4.40000000e-01  1.81000000e-12 
 4.50000000e-01  1.81000000e-12 
 4.60000000e-01  1.81000000e-12 
 4.70000000e-01  1.81000000e-12 
 4.80000000e-01  1.81000000e-12 
 4.90000000e-01  1.81000000e-12 
 5.00000000e-01  1.81000000e-12 
 5.10000000e-01  5.49728398e-09 
 5.20000000e-01  9.29434726e-08 
 5.30000000e-01  2.86864068e-07 
 5.40000000e-01  5.87259070e-07 
 5.50000000e-01  9.94128479e-07 
 5.60000000e-01  1.50747230e-06 
 5.70000000e-01  2.12729052e-06 
 5.80000000e-01  2.85358315e-06 
 5.90000000e-01  3.68635018e-06 
 6.00000000e-01  4.62559163e-06 
 6.10000000e-01  5.67130748e-06 
 6.20000000e-01  6.82349774e-06 
 6.30000000e-01  8.08216240e-06 
 6.40000000e-01  9.44730147e-06 
 6.50000000e-01  1.09189149e-05 
 6.60000000e-01  1.24970028e-05 
 6.70000000e-01  1.41815651e-05 
 6.80000000e-01  1.59726018e-05 
 6.90000000e-01  1.78701129e-05 
 7.00000000e-01  1.98740984e-05 
 7.10000000e-01  2.19845584e-05 
 7.20000000e-01  2.42014927e-05 
 7.30000000e-01  2.65249014e-05 
 7.40000000e-01  2.89547846e-05 
 7.50000000e-01  3.14911421e-05 
 7.60000000e-01  3.41339741e-05 
 7.70000000e-01  3.68832804e-05 
 7.80000000e-01  3.97390612e-05 
 7.90000000e-01  4.27013164e-05 
 8.00000000e-01  4.57700459e-05 
 8.10000000e-01  4.89452499e-05 
 8.20000000e-01  5.22269283e-05 
 8.30000000e-01  5.55618439e-05 
 8.40000000e-01  5.90564711e-05 
 8.50000000e-01  6.26575727e-05 
 8.60000000e-01  6.63651488e-05 
 8.70000000e-01  7.01791992e-05 
 8.80000000e-01  7.40997240e-05 
 8.90000000e-01  7.81267233e-05 
 9.00000000e-01  8.22601969e-05 
 9.10000000e-01  8.65001450e-05 
 9.20000000e-01  9.08465674e-05 
 9.30000000e-01  9.52994643e-05 
 9.40000000e-01  9.98588356e-05 
 9.50000000e-01  1.04524681e-04 
 9.60000000e-01  1.09297001e-04 
 9.70000000e-01  1.14175796e-04 
 9.80000000e-01  1.19161065e-04 
 9.90000000e-01  1.24252808e-04 
 1.00000000e+00  1.29451026e-04 
 1.01000000e+00  1.34755718e-04 
 1.02000000e+00  1.40166884e-04 
 1.03000000e+00  1.45684525e-04 
 1.04000000e+00  1.51308641e-04 
 1.05000000e+00  1.57039230e-04 
 1.06000000e+00  1.62876295e-04 
 1.07000000e+00  1.68819833e-04 
 1.08000000e+00  1.74869846e-04 
 1.09000000e+00  1.81026334e-04 
 1.10000000e+00  1.87289295e-04 
 1.11000000e+00  1.93658732e-04 
 1.12000000e+00  2.00134642e-04 
 1.13000000e+00  2.06717027e-04 
 1.14000000e+00  2.13405887e-04 
 1.15000000e+00  2.20201220e-04 
 1.16000000e+00  2.27103029e-04 
 1.17000000e+00  2.34111311e-04 
 1.18000000e+00  2.41226068e-04 
 1.19000000e+00  2.48447300e-04 
 1.20000000e+00  2.55775006e-04 
 1.21000000e+00  2.63209186e-04 
 1.22000000e+00  2.70749840e-04 
 1.23000000e+00  2.78396970e-04 
 1.24000000e+00  2.86150573e-04 
 1.25000000e+00  2.94010651e-04 
 1.26000000e+00  3.01977203e-04 
 1.27000000e+00  3.10050230e-04 
 1.28000000e+00  3.18229731e-04 
 1.29000000e+00  3.26515707e-04 
 1.30000000e+00  3.34908156e-04 
 1.31000000e+00  3.43407081e-04 
 1.32000000e+00  3.52012480e-04 
 1.33000000e+00  3.60724353e-04 
 1.34000000e+00  3.69542700e-04 
 1.35000000e+00  3.78467522e-04 
 1.36000000e+00  3.87498819e-04 
 1.37000000e+00  3.96636589e-04 
 1.38000000e+00  4.05880835e-04 
 1.39000000e+00  4.15231554e-04 
 1.40000000e+00  4.24688748e-04 
 1.41000000e+00  4.34252416e-04 
 1.42000000e+00  4.43922559e-04 
 1.43000000e+00  4.53699177e-04 
 1.44000000e+00  4.63582268e-04 
 1.45000000e+00  4.73571834e-04 
 1.46000000e+00  4.83667875e-04 
 1.47000000e+00  4.93870389e-04 
 1.48000000e+00  5.04179379e-04 
 1.49000000e+00  5.14594842e-04 
 1.50000000e+00  5.25116780e-04 
 1.51000000e+00  5.35745193e-04 
 1.52000000e+00  5.46480080e-04 
 1.53000000e+00  5.57321441e-04 
 1.54000000e+00  5.68269277e-04 
 1.55000000e+00  5.79323587e-04 
 1.56000000e+00  5.90484371e-04 
 1.57000000e+00  6.01751630e-04 
 1.58000000e+00  6.13125364e-04 
 1.59000000e+00  6.24605571e-04 
 1.60000000e+00  6.36192253e-04 
 1.61000000e+00  6.47885410e-04 
 1.62000000e+00  6.59685041e-04 
 1.63000000e+00  6.71591146e-04 
 1.64000000e+00  6.83603726e-04 
 1.65000000e+00  6.95722780e-04 
 1.66000000e+00  7.07948309e-04 
 1.67000000e+00  7.20280312e-04 
 1.68000000e+00  7.32718789e-04 
 1.69000000e+00  7.45263741e-04 
 1.70000000e+00  7.57915167e-04 
 1.71000000e+00  7.70673068e-04 
 1.72000000e+00  7.83537443e-04 
 1.73000000e+00  7.96508292e-04 
 1.74000000e+00  8.09585616e-04 
 1.75000000e+00  8.22769414e-04 
 1.76000000e+00  8.36059687e-04 
 1.77000000e+00  8.49456434e-04 
 1.78000000e+00  8.62959655e-04 
 1.79000000e+00  8.76569351e-04 
 1.80000000e+00  8.90285521e-04 
