 1.80000000e+00  1.81000000e-12 
 1.79000000e+00  1.81000000e-12 
 1.78000000e+00  1.81000000e-12 
 1.77000000e+00  1.81000000e-12 
 1.76000000e+00  1.81000000e-12 
 1.75000000e+00  1.81000000e-12 
 1.74000000e+00  1.81000000e-12 
 1.73000000e+00  1.81000000e-12 
 1.72000000e+00  1.81000000e-12 
 1.71000000e+00  1.81000000e-12 
 1.70000000e+00  1.81000000e-12 
 1.69000000e+00  1.81000000e-12 
 1.68000000e+00  1.81000000e-12 
 1.67000000e+00  1.81000000e-12 
 1.66000000e+00  1.81000000e-12 
 1.65000000e+00  1.81000000e-12 
 1.64000000e+00  1.81000000e-12 
 1.63000000e+00  1.81000000e-12 
 1.62000000e+00  1.81000000e-12 
 1.61000000e+00  1.81000000e-12 
 1.60000000e+00  1.81000000e-12 
 1.59000000e+00  1.81000000e-12 
 1.58000000e+00  1.81000000e-12 
 1.57000000e+00  1.81000000e-12 
 1.56000000e+00  1.81000000e-12 
 1.55000000e+00  1.81000000e-12 
 1.54000000e+00  1.81000000e-12 
 1.53000000e+00  1.81000000e-12 
 1.52000000e+00  1.81000000e-12 
 1.51000000e+00  1.81000000e-12 
 1.50000000e+00  1.81000000e-12 
 1.49000000e+00  1.81000000e-12 
 1.48000000e+00  1.81000000e-12 
 1.47000000e+00  1.81000000e-12 
 1.46000000e+00  1.81000000e-12 
 1.45000000e+00  1.81000000e-12 
 1.44000000e+00  1.81000000e-12 
 1.43000000e+00  1.81000000e-12 
 1.42000000e+00  1.81000000e-12 
 1.41000000e+00  1.81000000e-12 
 1.40000000e+00  1.81000000e-12 
 1.39000000e+00  1.81000000e-12 
 1.38000000e+00  1.81000000e-12 
 1.37000000e+00  1.81000000e-12 
 1.36000000e+00  1.81000000e-12 
 1.35000000e+00  1.81000000e-12 
 1.34000000e+00  1.81000000e-12 
 1.33000000e+00  1.81000000e-12 
 1.32000000e+00  1.81000000e-12 
 1.31000000e+00  1.24352435e-08 
 1.30000000e+00  1.24042607e-07 
 1.29000000e+00  3.51512316e-07 
 1.28000000e+00  6.94844370e-07 
 1.27000000e+00  1.15403877e-06 
 1.26000000e+00  1.72909551e-06 
 1.25000000e+00  2.42001460e-06 
 1.24000000e+00  3.22679603e-06 
 1.23000000e+00  4.14943981e-06 
 1.22000000e+00  5.18794593e-06 
 1.21000000e+00  6.34231440e-06 
 1.20000000e+00  7.61254522e-06 
 1.19000000e+00  8.99863837e-06 
 1.18000000e+00  1.05005939e-05 
 1.17000000e+00  1.21184117e-05 
 1.16000000e+00  1.38520919e-05 
 1.15000000e+00  1.57016345e-05 
 1.14000000e+00  1.76670393e-05 
 1.13000000e+00  1.97483066e-05 
 1.12000000e+00  2.19454361e-05 
 1.11000000e+00  2.42584281e-05 
 1.10000000e+00  2.66872823e-05 
 1.09000000e+00  2.92319989e-05 
 1.08000000e+00  3.18925779e-05 
 1.07000000e+00  3.46690192e-05 
 1.06000000e+00  3.75613228e-05 
 1.05000000e+00  4.05694888e-05 
 1.04000000e+00  4.36935171e-05 
 1.03000000e+00  4.69334078e-05 
 1.02000000e+00  5.02891608e-05 
 1.01000000e+00  5.37607762e-05 
 1.00000000e+00  5.73482539e-05 
 9.90000000e-01  6.09936628e-05 
 9.80000000e-01  6.48128652e-05 
 9.70000000e-01  6.87479299e-05 
 9.60000000e-01  7.27988570e-05 
 9.50000000e-01  7.69656465e-05 
 9.40000000e-01  8.12482982e-05 
 9.30000000e-01  8.56468124e-05 
 9.20000000e-01  9.01611888e-05 
 9.10000000e-01  9.47914276e-05 
 9.00000000e-01  9.95375288e-05 
 8.90000000e-01  1.04399492e-04 
 8.80000000e-01  1.09377318e-04 
 8.70000000e-01  1.14471006e-04 
 8.60000000e-01  1.19680557e-04 
 8.50000000e-01  1.25005970e-04 
 8.40000000e-01  1.30447245e-04 
 8.30000000e-01  1.36004383e-04 
 8.20000000e-01  1.41677382e-04 
 8.10000000e-01  1.47466245e-04 
 8.00000000e-01  1.53370969e-04 
 7.90000000e-01  1.59391556e-04 
 7.80000000e-01  1.65528006e-04 
 7.70000000e-01  1.71780317e-04 
 7.60000000e-01  1.78148491e-04 
 7.50000000e-01  1.84632528e-04 
 7.40000000e-01  1.91232426e-04 
 7.30000000e-01  1.97948187e-04 
 7.20000000e-01  2.04779811e-04 
 7.10000000e-01  2.11727296e-04 
 7.00000000e-01  2.18790644e-04 
 6.90000000e-01  2.25969855e-04 
 6.80000000e-01  2.33264928e-04 
 6.70000000e-01  2.40675863e-04 
 6.60000000e-01  2.48202660e-04 
 6.50000000e-01  2.55845320e-04 
 6.40000000e-01  2.63603842e-04 
 6.30000000e-01  2.71478226e-04 
 6.20000000e-01  2.79468473e-04 
 6.10000000e-01  2.87574582e-04 
 6.00000000e-01  2.95796554e-04 
 5.90000000e-01  3.04134388e-04 
 5.80000000e-01  3.12588084e-04 
 5.70000000e-01  3.21157643e-04 
 5.60000000e-01  3.29843063e-04 
 5.50000000e-01  3.38644347e-04 
 5.40000000e-01  3.47561492e-04 
 5.30000000e-01  3.56594500e-04 
 5.20000000e-01  3.65743370e-04 
 5.10000000e-01  3.75008103e-04 
 5.00000000e-01  3.84388698e-04 
 4.90000000e-01  3.93885155e-04 
 4.80000000e-01  4.03497475e-04 
 4.70000000e-01  4.13225657e-04 
 4.60000000e-01  4.23069701e-04 
 4.50000000e-01  4.33029608e-04 
 4.40000000e-01  4.43105377e-04 
 4.30000000e-01  4.53297008e-04 
 4.20000000e-01  4.63604502e-04 
 4.10000000e-01  4.74027858e-04 
 4.00000000e-01  4.84567077e-04 
 3.90000000e-01  4.95222157e-04 
 3.80000000e-01  5.05993100e-04 
 3.70000000e-01  5.16879906e-04 
 3.60000000e-01  5.27882574e-04 
 3.50000000e-01  5.39001104e-04 
 3.40000000e-01  5.50235496e-04 
 3.30000000e-01  5.61585751e-04 
 3.20000000e-01  5.73051868e-04 
 3.10000000e-01  5.84633848e-04 
 3.00000000e-01  5.96331690e-04 
 2.90000000e-01  6.08145394e-04 
 2.80000000e-01  6.20074960e-04 
 2.70000000e-01  6.32120389e-04 
 2.60000000e-01  6.44281680e-04 
 2.50000000e-01  6.56558834e-04 
 2.40000000e-01  6.68951850e-04 
 2.30000000e-01  6.81460728e-04 
 2.20000000e-01  6.94085469e-04 
 2.10000000e-01  7.06826072e-04 
 2.00000000e-01  7.19682537e-04 
 1.90000000e-01  7.32654865e-04 
 1.80000000e-01  7.45743055e-04 
 1.70000000e-01  7.58947107e-04 
 1.60000000e-01  7.72267022e-04 
 1.50000000e-01  7.85702799e-04 
 1.40000000e-01  7.99254438e-04 
 1.30000000e-01  8.12921940e-04 
 1.20000000e-01  8.26705304e-04 
 1.10000000e-01  8.40604530e-04 
 1.00000000e-01  8.54619619e-04 
 9.00000000e-02  8.68750570e-04 
 8.00000000e-02  8.82997384e-04 
 7.00000000e-02  8.97360059e-04 
 6.00000000e-02  9.11838597e-04 
 5.00000000e-02  9.26432998e-04 
 4.00000000e-02  9.41143261e-04 
 3.00000000e-02  9.55969386e-04 
 2.00000000e-02  9.70911373e-04 
 1.00000000e-02  9.85969223e-04 
-1.41900380e-15  1.00114294e-03 
