 0.00000000e+00  1.81000000e-12 
 1.00000000e-02  1.81000000e-12 
 2.00000000e-02  1.81000000e-12 
 3.00000000e-02  1.81000000e-12 
 4.00000000e-02  1.81000000e-12 
 5.00000000e-02  1.81000000e-12 
 6.00000000e-02  1.81000000e-12 
 7.00000000e-02  1.81000000e-12 
 8.00000000e-02  1.81000000e-12 
 9.00000000e-02  1.81000000e-12 
 1.00000000e-01  1.81000000e-12 
 1.10000000e-01  1.81000000e-12 
 1.20000000e-01  1.81000000e-12 
 1.30000000e-01  1.81000000e-12 
 1.40000000e-01  1.81000000e-12 
 1.50000000e-01  1.81000000e-12 
 1.60000000e-01  1.81000000e-12 
 1.70000000e-01  1.81000000e-12 
 1.80000000e-01  1.81000000e-12 
 1.90000000e-01  1.81000000e-12 
 2.00000000e-01  1.81000000e-12 
 2.10000000e-01  1.81000000e-12 
 2.20000000e-01  1.81000000e-12 
 2.30000000e-01  1.81000000e-12 
 2.40000000e-01  1.81000000e-12 
 2.50000000e-01  1.81000000e-12 
 2.60000000e-01  1.81000000e-12 
 2.70000000e-01  1.81000000e-12 
 2.80000000e-01  1.81000000e-12 
 2.90000000e-01  1.81000000e-12 
 3.00000000e-01  1.81000000e-12 
 3.10000000e-01  1.81000000e-12 
 3.20000000e-01  1.81000000e-12 
 3.30000000e-01  1.81000000e-12 
 3.40000000e-01  1.81000000e-12 
 3.50000000e-01  1.81000000e-12 
 3.60000000e-01  1.81000000e-12 
 3.70000000e-01  1.81000000e-12 
 3.80000000e-01  1.81000000e-12 
 3.90000000e-01  1.81000000e-12 
 4.00000000e-01  1.81000000e-12 
 4.10000000e-01  1.81000000e-12 
 4.20000000e-01  1.81000000e-12 
 4.30000000e-01  1.81000000e-12 
 4.40000000e-01  1.81000000e-12 
 4.50000000e-01  1.81000000e-12 
 4.60000000e-01  1.81000000e-12 
 4.70000000e-01  1.81000000e-12 
 4.80000000e-01  1.81000000e-12 
 4.90000000e-01  1.81000000e-12 
 5.00000000e-01  2.87586569e-08 
 5.10000000e-01  1.79705393e-07 
 5.20000000e-01  4.60025888e-07 
 5.30000000e-01  8.69720142e-07 
 5.40000000e-01  1.40878816e-06 
 5.50000000e-01  2.07722993e-06 
 5.60000000e-01  2.87504546e-06 
 5.70000000e-01  3.80223475e-06 
 5.80000000e-01  4.85879781e-06 
 5.90000000e-01  6.04473462e-06 
 6.00000000e-01  7.36004519e-06 
 6.10000000e-01  8.80472952e-06 
 6.20000000e-01  1.03787876e-05 
 6.30000000e-01  1.20822195e-05 
 6.40000000e-01  1.39150251e-05 
 6.50000000e-01  1.58772044e-05 
 6.60000000e-01  1.79687576e-05 
 6.70000000e-01  2.01896844e-05 
 6.80000000e-01  2.25399851e-05 
 6.90000000e-01  2.50196595e-05 
 7.00000000e-01  2.76287077e-05 
 7.10000000e-01  3.03671296e-05 
 7.20000000e-01  3.32349253e-05 
 7.30000000e-01  3.62320947e-05 
 7.40000000e-01  3.93586379e-05 
 7.50000000e-01  4.26145549e-05 
 7.60000000e-01  4.59998456e-05 
 7.70000000e-01  4.95145101e-05 
 7.80000000e-01  5.31585483e-05 
 7.90000000e-01  5.69319603e-05 
 8.00000000e-01  6.08347461e-05 
 8.10000000e-01  6.48022187e-05 
 8.20000000e-01  6.89637520e-05 
 8.30000000e-01  7.32546590e-05 
 8.40000000e-01  7.76749398e-05 
 8.50000000e-01  8.22245944e-05 
 8.60000000e-01  8.69036227e-05 
 8.70000000e-01  9.17120247e-05 
 8.80000000e-01  9.66498006e-05 
 8.90000000e-01  1.01716950e-04 
 9.00000000e-01  1.06913474e-04 
 9.10000000e-01  1.12239371e-04 
 9.20000000e-01  1.17694641e-04 
 9.30000000e-01  1.23279286e-04 
 9.40000000e-01  1.28993305e-04 
 9.50000000e-01  1.34836697e-04 
 9.60000000e-01  1.40809463e-04 
 9.70000000e-01  1.46911602e-04 
 9.80000000e-01  1.53143116e-04 
 9.90000000e-01  1.59504003e-04 
 1.00000000e+00  1.65994264e-04 
 1.01000000e+00  1.72613898e-04 
 1.02000000e+00  1.79362907e-04 
 1.03000000e+00  1.86241289e-04 
 1.04000000e+00  1.93249045e-04 
 1.05000000e+00  2.00386175e-04 
 1.06000000e+00  2.07652678e-04 
 1.07000000e+00  2.15048556e-04 
 1.08000000e+00  2.22573807e-04 
 1.09000000e+00  2.30228431e-04 
 1.10000000e+00  2.38012430e-04 
 1.11000000e+00  2.45925802e-04 
 1.12000000e+00  2.53968548e-04 
 1.13000000e+00  2.62140668e-04 
 1.14000000e+00  2.70442162e-04 
 1.15000000e+00  2.78873029e-04 
 1.16000000e+00  2.87433270e-04 
 1.17000000e+00  2.96122885e-04 
 1.18000000e+00  3.04941874e-04 
 1.19000000e+00  3.13890236e-04 
 1.20000000e+00  3.22967972e-04 
 1.21000000e+00  3.32175082e-04 
 1.22000000e+00  3.41511566e-04 
 1.23000000e+00  3.50977423e-04 
 1.24000000e+00  3.60572654e-04 
 1.25000000e+00  3.70297259e-04 
 1.26000000e+00  3.80151238e-04 
 1.27000000e+00  3.90134590e-04 
 1.28000000e+00  4.00247317e-04 
 1.29000000e+00  4.10489417e-04 
 1.30000000e+00  4.20860890e-04 
 1.31000000e+00  4.31361738e-04 
 1.32000000e+00  4.41991959e-04 
 1.33000000e+00  4.52751554e-04 
 1.34000000e+00  4.63640523e-04 
 1.35000000e+00  4.74658865e-04 
 1.36000000e+00  4.85806582e-04 
 1.37000000e+00  4.97083672e-04 
 1.38000000e+00  5.08490135e-04 
 1.39000000e+00  5.20025973e-04 
 1.40000000e+00  5.31691184e-04 
 1.41000000e+00  5.43485769e-04 
 1.42000000e+00  5.55409728e-04 
 1.43000000e+00  5.67463061e-04 
 1.44000000e+00  5.79645767e-04 
 1.45000000e+00  5.91957847e-04 
 1.46000000e+00  6.04399301e-04 
 1.47000000e+00  6.16970129e-04 
 1.48000000e+00  6.29670330e-04 
 1.49000000e+00  6.42499905e-04 
 1.50000000e+00  6.55458854e-04 
 1.51000000e+00  6.68547177e-04 
 1.52000000e+00  6.81764873e-04 
 1.53000000e+00  6.95111944e-04 
 1.54000000e+00  7.08588387e-04 
 1.55000000e+00  7.22194205e-04 
 1.56000000e+00  7.35929397e-04 
 1.57000000e+00  7.49793962e-04 
 1.58000000e+00  7.63787901e-04 
 1.59000000e+00  7.77911214e-04 
 1.60000000e+00  7.92163900e-04 
 1.61000000e+00  8.06545960e-04 
 1.62000000e+00  8.21057394e-04 
 1.63000000e+00  8.35698202e-04 
 1.64000000e+00  8.50468384e-04 
 1.65000000e+00  8.65367939e-04 
 1.66000000e+00  8.80396868e-04 
 1.67000000e+00  8.95555171e-04 
 1.68000000e+00  9.10842848e-04 
 1.69000000e+00  9.26259898e-04 
 1.70000000e+00  9.41806322e-04 
 1.71000000e+00  9.57482120e-04 
 1.72000000e+00  9.73287291e-04 
 1.73000000e+00  9.89221837e-04 
 1.74000000e+00  1.00528576e-03 
 1.75000000e+00  1.02147905e-03 
 1.76000000e+00  1.03780172e-03 
 1.77000000e+00  1.05425376e-03 
 1.78000000e+00  1.07083517e-03 
 1.79000000e+00  1.08754596e-03 
 1.80000000e+00  1.10438612e-03 
