 0.00000000e+00  1.81000000e-12 
 1.00000000e-02  1.81000000e-12 
 2.00000000e-02  1.81000000e-12 
 3.00000000e-02  1.81000000e-12 
 4.00000000e-02  1.81000000e-12 
 5.00000000e-02  1.81000000e-12 
 6.00000000e-02  1.81000000e-12 
 7.00000000e-02  1.81000000e-12 
 8.00000000e-02  1.81000000e-12 
 9.00000000e-02  1.81000000e-12 
 1.00000000e-01  1.81000000e-12 
 1.10000000e-01  1.81000000e-12 
 1.20000000e-01  1.81000000e-12 
 1.30000000e-01  1.81000000e-12 
 1.40000000e-01  1.81000000e-12 
 1.50000000e-01  1.81000000e-12 
 1.60000000e-01  1.81000000e-12 
 1.70000000e-01  1.81000000e-12 
 1.80000000e-01  1.81000000e-12 
 1.90000000e-01  1.81000000e-12 
 2.00000000e-01  1.81000000e-12 
 2.10000000e-01  1.81000000e-12 
 2.20000000e-01  1.81000000e-12 
 2.30000000e-01  1.81000000e-12 
 2.40000000e-01  1.81000000e-12 
 2.50000000e-01  1.81000000e-12 
 2.60000000e-01  1.81000000e-12 
 2.70000000e-01  1.81000000e-12 
 2.80000000e-01  1.81000000e-12 
 2.90000000e-01  1.81000000e-12 
 3.00000000e-01  1.81000000e-12 
 3.10000000e-01  1.81000000e-12 
 3.20000000e-01  1.81000000e-12 
 3.30000000e-01  1.81000000e-12 
 3.40000000e-01  1.81000000e-12 
 3.50000000e-01  1.81000000e-12 
 3.60000000e-01  1.81000000e-12 
 3.70000000e-01  1.81000000e-12 
 3.80000000e-01  1.81000000e-12 
 3.90000000e-01  1.81000000e-12 
 4.00000000e-01  1.81000000e-12 
 4.10000000e-01  1.81000000e-12 
 4.20000000e-01  1.81000000e-12 
 4.30000000e-01  1.81000000e-12 
 4.40000000e-01  1.81000000e-12 
 4.50000000e-01  1.81000000e-12 
 4.60000000e-01  1.81000000e-12 
 4.70000000e-01  1.81000000e-12 
 4.80000000e-01  1.81000000e-12 
 4.90000000e-01  1.81000000e-12 
 5.00000000e-01  1.81000000e-12 
 5.10000000e-01  1.81000000e-12 
 5.20000000e-01  5.21780007e-08 
 5.30000000e-01  2.30681688e-07 
 5.40000000e-01  5.36062740e-07 
 5.50000000e-01  9.68321157e-07 
 5.60000000e-01  1.52745694e-06 
 5.70000000e-01  2.21347009e-06 
 5.80000000e-01  3.02636060e-06 
 5.90000000e-01  3.96612848e-06 
 6.00000000e-01  5.03277372e-06 
 6.10000000e-01  6.22629633e-06 
 6.20000000e-01  7.54669630e-06 
 6.30000000e-01  8.99397364e-06 
 6.40000000e-01  1.05681283e-05 
 6.50000000e-01  1.22691604e-05 
 6.60000000e-01  1.40970699e-05 
 6.70000000e-01  1.60518567e-05 
 6.80000000e-01  1.81335208e-05 
 6.90000000e-01  2.03420623e-05 
 7.00000000e-01  2.26774812e-05 
 7.10000000e-01  2.51397775e-05 
 7.20000000e-01  2.77289511e-05 
 7.30000000e-01  3.04450021e-05 
 7.40000000e-01  3.32879305e-05 
 7.50000000e-01  3.62577362e-05 
 7.60000000e-01  3.93544193e-05 
 7.70000000e-01  4.25779797e-05 
 7.80000000e-01  4.59284176e-05 
 7.90000000e-01  4.94057327e-05 
 8.00000000e-01  5.30099253e-05 
 8.10000000e-01  5.67409952e-05 
 8.20000000e-01  6.05989425e-05 
 8.30000000e-01  6.45203284e-05 
 8.40000000e-01  6.86320304e-05 
 8.50000000e-01  7.28706098e-05 
 8.60000000e-01  7.72360666e-05 
 8.70000000e-01  8.17284007e-05 
 8.80000000e-01  8.63476121e-05 
 8.90000000e-01  9.10937010e-05 
 9.00000000e-01  9.59666672e-05 
 9.10000000e-01  1.00966511e-04 
 9.20000000e-01  1.06093232e-04 
 9.30000000e-01  1.11346830e-04 
 9.40000000e-01  1.16727306e-04 
 9.50000000e-01  1.22234659e-04 
 9.60000000e-01  1.27868889e-04 
 9.70000000e-01  1.33629997e-04 
 9.80000000e-01  1.39517982e-04 
 9.90000000e-01  1.45532844e-04 
 1.00000000e+00  1.51674584e-04 
 1.01000000e+00  1.57943201e-04 
 1.02000000e+00  1.64338696e-04 
 1.03000000e+00  1.70861068e-04 
 1.04000000e+00  1.77510317e-04 
 1.05000000e+00  1.84286444e-04 
 1.06000000e+00  1.91189448e-04 
 1.07000000e+00  1.98219329e-04 
 1.08000000e+00  2.05376088e-04 
 1.09000000e+00  2.12659724e-04 
 1.10000000e+00  2.20070238e-04 
 1.11000000e+00  2.27607629e-04 
 1.12000000e+00  2.35271897e-04 
 1.13000000e+00  2.43063043e-04 
 1.14000000e+00  2.50981066e-04 
 1.15000000e+00  2.59025966e-04 
 1.16000000e+00  2.67197744e-04 
 1.17000000e+00  2.75496399e-04 
 1.18000000e+00  2.83921931e-04 
 1.19000000e+00  2.92474341e-04 
 1.20000000e+00  3.01153628e-04 
 1.21000000e+00  3.09959793e-04 
 1.22000000e+00  3.18892834e-04 
 1.23000000e+00  3.27952754e-04 
 1.24000000e+00  3.37139550e-04 
 1.25000000e+00  3.46453224e-04 
 1.26000000e+00  3.55893776e-04 
 1.27000000e+00  3.65461204e-04 
 1.28000000e+00  3.75155510e-04 
 1.29000000e+00  3.84976694e-04 
 1.30000000e+00  3.94924755e-04 
 1.31000000e+00  4.04999693e-04 
 1.32000000e+00  4.15201508e-04 
 1.33000000e+00  4.25530201e-04 
 1.34000000e+00  4.35985772e-04 
 1.35000000e+00  4.46568219e-04 
 1.36000000e+00  4.57277544e-04 
 1.37000000e+00  4.68113747e-04 
 1.38000000e+00  4.79076826e-04 
 1.39000000e+00  4.90166783e-04 
 1.40000000e+00  5.01383618e-04 
 1.41000000e+00  5.12727330e-04 
 1.42000000e+00  5.24197919e-04 
 1.43000000e+00  5.35795385e-04 
 1.44000000e+00  5.47519729e-04 
 1.45000000e+00  5.59370951e-04 
 1.46000000e+00  5.71349049e-04 
 1.47000000e+00  5.83454025e-04 
 1.48000000e+00  5.95685879e-04 
 1.49000000e+00  6.08044609e-04 
 1.50000000e+00  6.20530218e-04 
 1.51000000e+00  6.33142703e-04 
 1.52000000e+00  6.45882066e-04 
 1.53000000e+00  6.58748306e-04 
 1.54000000e+00  6.71741424e-04 
 1.55000000e+00  6.84861419e-04 
 1.56000000e+00  6.98108291e-04 
 1.57000000e+00  7.11482041e-04 
 1.58000000e+00  7.24982668e-04 
 1.59000000e+00  7.38610172e-04 
 1.60000000e+00  7.52364554e-04 
 1.61000000e+00  7.66245813e-04 
 1.62000000e+00  7.80253949e-04 
 1.63000000e+00  7.94388963e-04 
 1.64000000e+00  8.08650854e-04 
 1.65000000e+00  8.23039623e-04 
 1.66000000e+00  8.37555269e-04 
 1.67000000e+00  8.52197792e-04 
 1.68000000e+00  8.66967193e-04 
 1.69000000e+00  8.81863471e-04 
 1.70000000e+00  8.96886626e-04 
 1.71000000e+00  9.12036659e-04 
 1.72000000e+00  9.27313569e-04 
 1.73000000e+00  9.42717357e-04 
 1.74000000e+00  9.58248022e-04 
 1.75000000e+00  9.73905564e-04 
 1.76000000e+00  9.89689984e-04 
 1.77000000e+00  1.00560128e-03 
 1.78000000e+00  1.02163945e-03 
 1.79000000e+00  1.03780451e-03 
 1.80000000e+00  1.05409644e-03 
