 0.00000000e+00  1.81000000e-12 
 1.00000000e-02  1.81000000e-12 
 2.00000000e-02  1.81000000e-12 
 3.00000000e-02  1.81000000e-12 
 4.00000000e-02  1.81000000e-12 
 5.00000000e-02  1.81000000e-12 
 6.00000000e-02  1.81000000e-12 
 7.00000000e-02  1.81000000e-12 
 8.00000000e-02  1.81000000e-12 
 9.00000000e-02  1.81000000e-12 
 1.00000000e-01  1.81000000e-12 
 1.10000000e-01  1.81000000e-12 
 1.20000000e-01  1.81000000e-12 
 1.30000000e-01  1.81000000e-12 
 1.40000000e-01  1.81000000e-12 
 1.50000000e-01  1.81000000e-12 
 1.60000000e-01  1.81000000e-12 
 1.70000000e-01  1.81000000e-12 
 1.80000000e-01  1.81000000e-12 
 1.90000000e-01  1.81000000e-12 
 2.00000000e-01  1.81000000e-12 
 2.10000000e-01  1.81000000e-12 
 2.20000000e-01  1.81000000e-12 
 2.30000000e-01  1.81000000e-12 
 2.40000000e-01  1.81000000e-12 
 2.50000000e-01  1.81000000e-12 
 2.60000000e-01  1.81000000e-12 
 2.70000000e-01  1.81000000e-12 
 2.80000000e-01  1.81000000e-12 
 2.90000000e-01  1.81000000e-12 
 3.00000000e-01  1.81000000e-12 
 3.10000000e-01  1.81000000e-12 
 3.20000000e-01  1.81000000e-12 
 3.30000000e-01  1.81000000e-12 
 3.40000000e-01  1.81000000e-12 
 3.50000000e-01  1.81000000e-12 
 3.60000000e-01  1.81000000e-12 
 3.70000000e-01  1.81000000e-12 
 3.80000000e-01  1.81000000e-12 
 3.90000000e-01  1.81000000e-12 
 4.00000000e-01  1.81000000e-12 
 4.10000000e-01  1.81000000e-12 
 4.20000000e-01  1.81000000e-12 
 4.30000000e-01  1.81000000e-12 
 4.40000000e-01  1.81000000e-12 
 4.50000000e-01  1.81000000e-12 
 4.60000000e-01  1.81000000e-12 
 4.70000000e-01  1.81000000e-12 
 4.80000000e-01  1.81000000e-12 
 4.90000000e-01  1.81000000e-12 
 5.00000000e-01  1.81000000e-12 
 5.10000000e-01  2.01873052e-08 
 5.20000000e-01  1.60149891e-07 
 5.30000000e-01  4.33353393e-07 
 5.40000000e-01  8.39797811e-07 
 5.50000000e-01  1.37948314e-06 
 5.60000000e-01  2.05240939e-06 
 5.70000000e-01  2.85857656e-06 
 5.80000000e-01  3.79798464e-06 
 5.90000000e-01  4.87063364e-06 
 6.00000000e-01  6.07652355e-06 
 6.10000000e-01  7.41565438e-06 
 6.20000000e-01  8.88802612e-06 
 6.30000000e-01  1.04936388e-05 
 6.40000000e-01  1.22324924e-05 
 6.50000000e-01  1.41045869e-05 
 6.60000000e-01  1.61099223e-05 
 6.70000000e-01  1.82484986e-05 
 6.80000000e-01  2.05203158e-05 
 6.90000000e-01  2.29253740e-05 
 7.00000000e-01  2.54636731e-05 
 7.10000000e-01  2.81352130e-05 
 7.20000000e-01  3.09399939e-05 
 7.30000000e-01  3.38780158e-05 
 7.40000000e-01  3.69492785e-05 
 7.50000000e-01  4.01537821e-05 
 7.60000000e-01  4.34915267e-05 
 7.70000000e-01  4.69625122e-05 
 7.80000000e-01  5.05667386e-05 
 7.90000000e-01  5.43042059e-05 
 8.00000000e-01  5.81749141e-05 
 8.10000000e-01  6.21788633e-05 
 8.20000000e-01  6.63160533e-05 
 8.30000000e-01  7.05198639e-05 
 8.40000000e-01  7.49235358e-05 
 8.50000000e-01  7.94604486e-05 
 8.60000000e-01  8.41306023e-05 
 8.70000000e-01  8.89339969e-05 
 8.80000000e-01  9.38706325e-05 
 8.90000000e-01  9.89405090e-05 
 9.00000000e-01  1.04143626e-04 
 9.10000000e-01  1.09479985e-04 
 9.20000000e-01  1.14949584e-04 
 9.30000000e-01  1.20552424e-04 
 9.40000000e-01  1.26288505e-04 
 9.50000000e-01  1.32157827e-04 
 9.60000000e-01  1.38160390e-04 
 9.70000000e-01  1.44296194e-04 
 9.80000000e-01  1.50565238e-04 
 9.90000000e-01  1.56967524e-04 
 1.00000000e+00  1.63503051e-04 
 1.01000000e+00  1.70171818e-04 
 1.02000000e+00  1.76973826e-04 
 1.03000000e+00  1.83909076e-04 
 1.04000000e+00  1.90977566e-04 
 1.05000000e+00  1.98179297e-04 
 1.06000000e+00  2.05514269e-04 
 1.07000000e+00  2.12982482e-04 
 1.08000000e+00  2.20583936e-04 
 1.09000000e+00  2.28318631e-04 
 1.10000000e+00  2.36186566e-04 
 1.11000000e+00  2.44187743e-04 
 1.12000000e+00  2.52322161e-04 
 1.13000000e+00  2.60589819e-04 
 1.14000000e+00  2.68990718e-04 
 1.15000000e+00  2.77524859e-04 
 1.16000000e+00  2.86192240e-04 
 1.17000000e+00  2.94992862e-04 
 1.18000000e+00  3.03926725e-04 
 1.19000000e+00  3.12993829e-04 
 1.20000000e+00  3.22194174e-04 
 1.21000000e+00  3.31527760e-04 
 1.22000000e+00  3.40994586e-04 
 1.23000000e+00  3.50594654e-04 
 1.24000000e+00  3.60327963e-04 
 1.25000000e+00  3.70194512e-04 
 1.26000000e+00  3.80194302e-04 
 1.27000000e+00  3.90327334e-04 
 1.28000000e+00  4.00593606e-04 
 1.29000000e+00  4.10993119e-04 
 1.30000000e+00  4.21525873e-04 
 1.31000000e+00  4.32191868e-04 
 1.32000000e+00  4.42991104e-04 
 1.33000000e+00  4.53923580e-04 
 1.34000000e+00  4.64989298e-04 
 1.35000000e+00  4.76188257e-04 
 1.36000000e+00  4.87520456e-04 
 1.37000000e+00  4.98985897e-04 
 1.38000000e+00  5.10584578e-04 
 1.39000000e+00  5.22316500e-04 
 1.40000000e+00  5.34181664e-04 
 1.41000000e+00  5.46180068e-04 
 1.42000000e+00  5.58311713e-04 
 1.43000000e+00  5.70576599e-04 
 1.44000000e+00  5.82974725e-04 
 1.45000000e+00  5.95506093e-04 
 1.46000000e+00  6.08170702e-04 
 1.47000000e+00  6.20968551e-04 
 1.48000000e+00  6.33899642e-04 
 1.49000000e+00  6.46963973e-04 
 1.50000000e+00  6.60161546e-04 
 1.51000000e+00  6.73492359e-04 
 1.52000000e+00  6.86956413e-04 
 1.53000000e+00  7.00553708e-04 
 1.54000000e+00  7.14284244e-04 
 1.55000000e+00  7.28148021e-04 
 1.56000000e+00  7.42145039e-04 
 1.57000000e+00  7.56275298e-04 
 1.58000000e+00  7.70538797e-04 
 1.59000000e+00  7.84935538e-04 
 1.60000000e+00  7.99465520e-04 
 1.61000000e+00  8.14128742e-04 
 1.62000000e+00  8.28925205e-04 
 1.63000000e+00  8.43854909e-04 
 1.64000000e+00  8.58917855e-04 
 1.65000000e+00  8.74114041e-04 
 1.66000000e+00  8.89443468e-04 
 1.67000000e+00  9.04906136e-04 
 1.68000000e+00  9.20502044e-04 
 1.69000000e+00  9.36231194e-04 
 1.70000000e+00  9.52093585e-04 
 1.71000000e+00  9.68089216e-04 
 1.72000000e+00  9.84218089e-04 
 1.73000000e+00  1.00048020e-03 
 1.74000000e+00  1.01687556e-03 
 1.75000000e+00  1.03340415e-03 
 1.76000000e+00  1.05006599e-03 
 1.77000000e+00  1.06686107e-03 
 1.78000000e+00  1.08378938e-03 
 1.79000000e+00  1.10085094e-03 
 1.80000000e+00  1.11804574e-03 
