 1.80000000e+00  1.81000000e-12 
 1.79000000e+00  1.81000000e-12 
 1.78000000e+00  1.81000000e-12 
 1.77000000e+00  1.81000000e-12 
 1.76000000e+00  1.81000000e-12 
 1.75000000e+00  1.81000000e-12 
 1.74000000e+00  1.81000000e-12 
 1.73000000e+00  1.81000000e-12 
 1.72000000e+00  1.81000000e-12 
 1.71000000e+00  1.81000000e-12 
 1.70000000e+00  1.81000000e-12 
 1.69000000e+00  1.81000000e-12 
 1.68000000e+00  1.81000000e-12 
 1.67000000e+00  1.81000000e-12 
 1.66000000e+00  1.81000000e-12 
 1.65000000e+00  1.81000000e-12 
 1.64000000e+00  1.81000000e-12 
 1.63000000e+00  1.81000000e-12 
 1.62000000e+00  1.81000000e-12 
 1.61000000e+00  1.81000000e-12 
 1.60000000e+00  1.81000000e-12 
 1.59000000e+00  1.81000000e-12 
 1.58000000e+00  1.81000000e-12 
 1.57000000e+00  1.81000000e-12 
 1.56000000e+00  1.81000000e-12 
 1.55000000e+00  1.81000000e-12 
 1.54000000e+00  1.81000000e-12 
 1.53000000e+00  1.81000000e-12 
 1.52000000e+00  1.81000000e-12 
 1.51000000e+00  1.81000000e-12 
 1.50000000e+00  1.81000000e-12 
 1.49000000e+00  1.81000000e-12 
 1.48000000e+00  1.81000000e-12 
 1.47000000e+00  1.81000000e-12 
 1.46000000e+00  1.81000000e-12 
 1.45000000e+00  1.81000000e-12 
 1.44000000e+00  1.81000000e-12 
 1.43000000e+00  1.81000000e-12 
 1.42000000e+00  1.81000000e-12 
 1.41000000e+00  1.81000000e-12 
 1.40000000e+00  1.81000000e-12 
 1.39000000e+00  1.81000000e-12 
 1.38000000e+00  1.81000000e-12 
 1.37000000e+00  1.81000000e-12 
 1.36000000e+00  1.81000000e-12 
 1.35000000e+00  1.81000000e-12 
 1.34000000e+00  1.81000000e-12 
 1.33000000e+00  1.81000000e-12 
 1.32000000e+00  1.81000000e-12 
 1.31000000e+00  1.81000000e-12 
 1.30000000e+00  1.81000000e-12 
 1.29000000e+00  1.81000000e-12 
 1.28000000e+00  1.81000000e-12 
 1.27000000e+00  5.81426782e-08 
 1.26000000e+00  2.39434770e-07 
 1.25000000e+00  5.43928079e-07 
 1.24000000e+00  9.71622604e-07 
 1.23000000e+00  1.52251834e-06 
 1.22000000e+00  2.19661530e-06 
 1.21000000e+00  2.99391348e-06 
 1.20000000e+00  3.91441287e-06 
 1.19000000e+00  4.95811347e-06 
 1.18000000e+00  6.12501529e-06 
 1.17000000e+00  7.41511833e-06 
 1.16000000e+00  8.82842259e-06 
 1.15000000e+00  1.03649281e-05 
 1.14000000e+00  1.20246347e-05 
 1.13000000e+00  1.38075427e-05 
 1.12000000e+00  1.57136518e-05 
 1.11000000e+00  1.77429621e-05 
 1.10000000e+00  1.98954737e-05 
 1.09000000e+00  2.21711864e-05 
 1.08000000e+00  2.45701004e-05 
 1.07000000e+00  2.70922156e-05 
 1.06000000e+00  2.97375320e-05 
 1.05000000e+00  3.25060497e-05 
 1.04000000e+00  3.53977685e-05 
 1.03000000e+00  3.84126886e-05 
 1.02000000e+00  4.15508099e-05 
 1.01000000e+00  4.48121324e-05 
 1.00000000e+00  4.81966561e-05 
 9.90000000e-01  5.17043810e-05 
 9.80000000e-01  5.53353072e-05 
 9.70000000e-01  5.90894345e-05 
 9.60000000e-01  6.29051625e-05 
 9.50000000e-01  6.69056923e-05 
 9.40000000e-01  7.10294233e-05 
 9.30000000e-01  7.52763555e-05 
 9.20000000e-01  7.96464890e-05 
 9.10000000e-01  8.41398237e-05 
 9.00000000e-01  8.87563595e-05 
 8.90000000e-01  9.34960966e-05 
 8.80000000e-01  9.83590349e-05 
 8.70000000e-01  1.03345174e-04 
 8.60000000e-01  1.08454515e-04 
 8.50000000e-01  1.13687057e-04 
 8.40000000e-01  1.19042800e-04 
 8.30000000e-01  1.24521745e-04 
 8.20000000e-01  1.30123890e-04 
 8.10000000e-01  1.35849237e-04 
 8.00000000e-01  1.41697785e-04 
 7.90000000e-01  1.47669534e-04 
 7.80000000e-01  1.53764485e-04 
 7.70000000e-01  1.59982637e-04 
 7.60000000e-01  1.66323990e-04 
 7.50000000e-01  1.72788544e-04 
 7.40000000e-01  1.79376299e-04 
 7.30000000e-01  1.86087256e-04 
 7.20000000e-01  1.92921413e-04 
 7.10000000e-01  1.99878772e-04 
 7.00000000e-01  2.06959333e-04 
 6.90000000e-01  2.14163094e-04 
 6.80000000e-01  2.21490057e-04 
 6.70000000e-01  2.28940220e-04 
 6.60000000e-01  2.36513586e-04 
 6.50000000e-01  2.44210152e-04 
 6.40000000e-01  2.52029919e-04 
 6.30000000e-01  2.59972888e-04 
 6.20000000e-01  2.68039058e-04 
 6.10000000e-01  2.76228429e-04 
 6.00000000e-01  2.84541001e-04 
 5.90000000e-01  2.92976775e-04 
 5.80000000e-01  3.01535750e-04 
 5.70000000e-01  3.10217926e-04 
 5.60000000e-01  3.19023303e-04 
 5.50000000e-01  3.27951882e-04 
 5.40000000e-01  3.37003661e-04 
 5.30000000e-01  3.46178642e-04 
 5.20000000e-01  3.55476824e-04 
 5.10000000e-01  3.64898207e-04 
 5.00000000e-01  3.74442792e-04 
 4.90000000e-01  3.84110578e-04 
 4.80000000e-01  3.93901565e-04 
 4.70000000e-01  4.03815753e-04 
 4.60000000e-01  4.13853142e-04 
 4.50000000e-01  4.24013733e-04 
 4.40000000e-01  4.34297525e-04 
 4.30000000e-01  4.44704518e-04 
 4.20000000e-01  4.55234712e-04 
 4.10000000e-01  4.65888108e-04 
 4.00000000e-01  4.76664704e-04 
 3.90000000e-01  4.87564502e-04 
 3.80000000e-01  4.98587501e-04 
 3.70000000e-01  5.09733702e-04 
 3.60000000e-01  5.21003103e-04 
 3.50000000e-01  5.32395706e-04 
 3.40000000e-01  5.43911510e-04 
 3.30000000e-01  5.55550515e-04 
 3.20000000e-01  5.67312722e-04 
 3.10000000e-01  5.79198129e-04 
 3.00000000e-01  5.91206738e-04 
 2.90000000e-01  6.03338548e-04 
 2.80000000e-01  6.15593559e-04 
 2.70000000e-01  6.27971772e-04 
 2.60000000e-01  6.40473186e-04 
 2.50000000e-01  6.53097801e-04 
 2.40000000e-01  6.65845617e-04 
 2.30000000e-01  6.78716634e-04 
 2.20000000e-01  6.91710853e-04 
 2.10000000e-01  7.04828272e-04 
 2.00000000e-01  7.18068894e-04 
 1.90000000e-01  7.31432716e-04 
 1.80000000e-01  7.44919739e-04 
 1.70000000e-01  7.58529964e-04 
 1.60000000e-01  7.72263390e-04 
 1.50000000e-01  7.86120017e-04 
 1.40000000e-01  8.00099845e-04 
 1.30000000e-01  8.14202875e-04 
 1.20000000e-01  8.28429105e-04 
 1.10000000e-01  8.42778537e-04 
 1.00000000e-01  8.57251171e-04 
 9.00000000e-02  8.71847005e-04 
 8.00000000e-02  8.86566041e-04 
 7.00000000e-02  9.01408277e-04 
 6.00000000e-02  9.16373715e-04 
 5.00000000e-02  9.31462355e-04 
 4.00000000e-02  9.46674195e-04 
 3.00000000e-02  9.62009237e-04 
 2.00000000e-02  9.77467480e-04 
 1.00000000e-02  9.93048924e-04 
-1.41900380e-15  1.00875357e-03 
