 0.00000000e+00  1.81000000e-12 
 1.00000000e-02  1.81000000e-12 
 2.00000000e-02  1.81000000e-12 
 3.00000000e-02  1.81000000e-12 
 4.00000000e-02  1.81000000e-12 
 5.00000000e-02  1.81000000e-12 
 6.00000000e-02  1.81000000e-12 
 7.00000000e-02  1.81000000e-12 
 8.00000000e-02  1.81000000e-12 
 9.00000000e-02  1.81000000e-12 
 1.00000000e-01  1.81000000e-12 
 1.10000000e-01  1.81000000e-12 
 1.20000000e-01  1.81000000e-12 
 1.30000000e-01  1.81000000e-12 
 1.40000000e-01  1.81000000e-12 
 1.50000000e-01  1.81000000e-12 
 1.60000000e-01  1.81000000e-12 
 1.70000000e-01  1.81000000e-12 
 1.80000000e-01  1.81000000e-12 
 1.90000000e-01  1.81000000e-12 
 2.00000000e-01  1.81000000e-12 
 2.10000000e-01  1.81000000e-12 
 2.20000000e-01  1.81000000e-12 
 2.30000000e-01  1.81000000e-12 
 2.40000000e-01  1.81000000e-12 
 2.50000000e-01  1.81000000e-12 
 2.60000000e-01  1.81000000e-12 
 2.70000000e-01  1.81000000e-12 
 2.80000000e-01  1.81000000e-12 
 2.90000000e-01  1.81000000e-12 
 3.00000000e-01  1.81000000e-12 
 3.10000000e-01  1.81000000e-12 
 3.20000000e-01  1.81000000e-12 
 3.30000000e-01  1.81000000e-12 
 3.40000000e-01  1.81000000e-12 
 3.50000000e-01  1.81000000e-12 
 3.60000000e-01  1.81000000e-12 
 3.70000000e-01  1.81000000e-12 
 3.80000000e-01  1.81000000e-12 
 3.90000000e-01  1.81000000e-12 
 4.00000000e-01  1.81000000e-12 
 4.10000000e-01  1.81000000e-12 
 4.20000000e-01  1.81000000e-12 
 4.30000000e-01  1.81000000e-12 
 4.40000000e-01  1.81000000e-12 
 4.50000000e-01  1.81000000e-12 
 4.60000000e-01  1.81000000e-12 
 4.70000000e-01  1.81000000e-12 
 4.80000000e-01  1.81000000e-12 
 4.90000000e-01  1.81000000e-12 
 5.00000000e-01  2.71683752e-08 
 5.10000000e-01  1.70390793e-07 
 5.20000000e-01  4.36580716e-07 
 5.30000000e-01  8.25738144e-07 
 5.40000000e-01  1.33786308e-06 
 5.50000000e-01  1.97295551e-06 
 5.60000000e-01  2.73101546e-06 
 5.70000000e-01  3.61204290e-06 
 5.80000000e-01  4.61603785e-06 
 5.90000000e-01  5.74300031e-06 
 6.00000000e-01  6.99293027e-06 
 6.10000000e-01  8.36582774e-06 
 6.20000000e-01  9.86169271e-06 
 6.30000000e-01  1.14805252e-05 
 6.40000000e-01  1.32223252e-05 
 6.50000000e-01  1.50870927e-05 
 6.60000000e-01  1.70748276e-05 
 6.70000000e-01  1.91855301e-05 
 6.80000000e-01  2.14192001e-05 
 6.90000000e-01  2.37758376e-05 
 7.00000000e-01  2.62554426e-05 
 7.10000000e-01  2.88580152e-05 
 7.20000000e-01  3.15835552e-05 
 7.30000000e-01  3.44320627e-05 
 7.40000000e-01  3.74035377e-05 
 7.50000000e-01  4.04979803e-05 
 7.60000000e-01  4.37153903e-05 
 7.70000000e-01  4.70557678e-05 
 7.80000000e-01  5.05191129e-05 
 7.90000000e-01  5.41054254e-05 
 8.00000000e-01  5.78147055e-05 
 8.10000000e-01  6.15854693e-05 
 8.20000000e-01  6.55406844e-05 
 8.30000000e-01  6.96188670e-05 
 8.40000000e-01  7.38200170e-05 
 8.50000000e-01  7.81441346e-05 
 8.60000000e-01  8.25912197e-05 
 8.70000000e-01  8.71612723e-05 
 8.80000000e-01  9.18542924e-05 
 8.90000000e-01  9.66702800e-05 
 9.00000000e-01  1.01609235e-04 
 9.10000000e-01  1.06671158e-04 
 9.20000000e-01  1.11856048e-04 
 9.30000000e-01  1.17163905e-04 
 9.40000000e-01  1.22594731e-04 
 9.50000000e-01  1.28148523e-04 
 9.60000000e-01  1.33825283e-04 
 9.70000000e-01  1.39625011e-04 
 9.80000000e-01  1.45547706e-04 
 9.90000000e-01  1.51593369e-04 
 1.00000000e+00  1.57761999e-04 
 1.01000000e+00  1.64053597e-04 
 1.02000000e+00  1.70468162e-04 
 1.03000000e+00  1.77005694e-04 
 1.04000000e+00  1.83666195e-04 
 1.05000000e+00  1.90449662e-04 
 1.06000000e+00  1.97356097e-04 
 1.07000000e+00  2.04385500e-04 
 1.08000000e+00  2.11537870e-04 
 1.09000000e+00  2.18813208e-04 
 1.10000000e+00  2.26211513e-04 
 1.11000000e+00  2.33732786e-04 
 1.12000000e+00  2.41377026e-04 
 1.13000000e+00  2.49144234e-04 
 1.14000000e+00  2.57034409e-04 
 1.15000000e+00  2.65047552e-04 
 1.16000000e+00  2.73183662e-04 
 1.17000000e+00  2.81442740e-04 
 1.18000000e+00  2.89824785e-04 
 1.19000000e+00  2.98329798e-04 
 1.20000000e+00  3.06957778e-04 
 1.21000000e+00  3.15708726e-04 
 1.22000000e+00  3.24582641e-04 
 1.23000000e+00  3.33579524e-04 
 1.24000000e+00  3.42699374e-04 
 1.25000000e+00  3.51942192e-04 
 1.26000000e+00  3.61307977e-04 
 1.27000000e+00  3.70796730e-04 
 1.28000000e+00  3.80408450e-04 
 1.29000000e+00  3.90143138e-04 
 1.30000000e+00  4.00000793e-04 
 1.31000000e+00  4.09981416e-04 
 1.32000000e+00  4.20085006e-04 
 1.33000000e+00  4.30311564e-04 
 1.34000000e+00  4.40661089e-04 
 1.35000000e+00  4.51133582e-04 
 1.36000000e+00  4.61729043e-04 
 1.37000000e+00  4.72447470e-04 
 1.38000000e+00  4.83288866e-04 
 1.39000000e+00  4.94253229e-04 
 1.40000000e+00  5.05340559e-04 
 1.41000000e+00  5.16550857e-04 
 1.42000000e+00  5.27884122e-04 
 1.43000000e+00  5.39340355e-04 
 1.44000000e+00  5.50919555e-04 
 1.45000000e+00  5.62621723e-04 
 1.46000000e+00  5.74446859e-04 
 1.47000000e+00  5.86394962e-04 
 1.48000000e+00  5.98466032e-04 
 1.49000000e+00  6.10660070e-04 
 1.50000000e+00  6.22977075e-04 
 1.51000000e+00  6.35417048e-04 
 1.52000000e+00  6.47979988e-04 
 1.53000000e+00  6.60665896e-04 
 1.54000000e+00  6.73474772e-04 
 1.55000000e+00  6.86406615e-04 
 1.56000000e+00  6.99461425e-04 
 1.57000000e+00  7.12639203e-04 
 1.58000000e+00  7.25939949e-04 
 1.59000000e+00  7.39363661e-04 
 1.60000000e+00  7.52910342e-04 
 1.61000000e+00  7.66579990e-04 
 1.62000000e+00  7.80372605e-04 
 1.63000000e+00  7.94288188e-04 
 1.64000000e+00  8.08326739e-04 
 1.65000000e+00  8.22488257e-04 
 1.66000000e+00  8.36772742e-04 
 1.67000000e+00  8.51180195e-04 
 1.68000000e+00  8.65710616e-04 
 1.69000000e+00  8.80364004e-04 
 1.70000000e+00  8.95140359e-04 
 1.71000000e+00  9.10039682e-04 
 1.72000000e+00  9.25061973e-04 
 1.73000000e+00  9.40207231e-04 
 1.74000000e+00  9.55475456e-04 
 1.75000000e+00  9.70866649e-04 
 1.76000000e+00  9.86380810e-04 
 1.77000000e+00  1.00201794e-03 
 1.78000000e+00  1.01777803e-03 
 1.79000000e+00  1.03366110e-03 
 1.80000000e+00  1.04966713e-03 
