 0.00000000e+00  1.81000000e-12 
 1.00000000e-02  1.81000000e-12 
 2.00000000e-02  1.81000000e-12 
 3.00000000e-02  1.81000000e-12 
 4.00000000e-02  1.81000000e-12 
 5.00000000e-02  1.81000000e-12 
 6.00000000e-02  1.81000000e-12 
 7.00000000e-02  1.81000000e-12 
 8.00000000e-02  1.81000000e-12 
 9.00000000e-02  1.81000000e-12 
 1.00000000e-01  1.81000000e-12 
 1.10000000e-01  1.81000000e-12 
 1.20000000e-01  1.81000000e-12 
 1.30000000e-01  1.81000000e-12 
 1.40000000e-01  1.81000000e-12 
 1.50000000e-01  1.81000000e-12 
 1.60000000e-01  1.81000000e-12 
 1.70000000e-01  1.81000000e-12 
 1.80000000e-01  1.81000000e-12 
 1.90000000e-01  1.81000000e-12 
 2.00000000e-01  1.81000000e-12 
 2.10000000e-01  1.81000000e-12 
 2.20000000e-01  1.81000000e-12 
 2.30000000e-01  1.81000000e-12 
 2.40000000e-01  1.81000000e-12 
 2.50000000e-01  1.81000000e-12 
 2.60000000e-01  1.81000000e-12 
 2.70000000e-01  1.81000000e-12 
 2.80000000e-01  1.81000000e-12 
 2.90000000e-01  1.81000000e-12 
 3.00000000e-01  1.81000000e-12 
 3.10000000e-01  1.81000000e-12 
 3.20000000e-01  1.81000000e-12 
 3.30000000e-01  1.81000000e-12 
 3.40000000e-01  1.81000000e-12 
 3.50000000e-01  1.81000000e-12 
 3.60000000e-01  1.81000000e-12 
 3.70000000e-01  1.81000000e-12 
 3.80000000e-01  1.81000000e-12 
 3.90000000e-01  1.81000000e-12 
 4.00000000e-01  1.81000000e-12 
 4.10000000e-01  1.81000000e-12 
 4.20000000e-01  1.81000000e-12 
 4.30000000e-01  1.81000000e-12 
 4.40000000e-01  1.81000000e-12 
 4.50000000e-01  1.81000000e-12 
 4.60000000e-01  1.81000000e-12 
 4.70000000e-01  1.81000000e-12 
 4.80000000e-01  1.81000000e-12 
 4.90000000e-01  1.81000000e-12 
 5.00000000e-01  1.81000000e-12 
 5.10000000e-01  1.81000000e-12 
 5.20000000e-01  1.81000000e-12 
 5.30000000e-01  1.81000000e-12 
 5.40000000e-01  9.06444466e-09 
 5.50000000e-01  1.19841450e-07 
 5.60000000e-01  3.56601132e-07 
 5.70000000e-01  7.19343490e-07 
 5.80000000e-01  1.20806853e-06 
 5.90000000e-01  1.82277624e-06 
 6.00000000e-01  2.56346663e-06 
 6.10000000e-01  3.43013969e-06 
 6.20000000e-01  4.42279543e-06 
 6.30000000e-01  5.54143385e-06 
 6.40000000e-01  6.78605495e-06 
 6.50000000e-01  8.15665872e-06 
 6.60000000e-01  9.65324517e-06 
 6.70000000e-01  1.12758143e-05 
 6.80000000e-01  1.30243661e-05 
 6.90000000e-01  1.48989006e-05 
 7.00000000e-01  1.68994177e-05 
 7.10000000e-01  1.90259176e-05 
 7.20000000e-01  2.12784001e-05 
 7.30000000e-01  2.36568653e-05 
 7.40000000e-01  2.61613131e-05 
 7.50000000e-01  2.87917437e-05 
 7.60000000e-01  3.15481569e-05 
 7.70000000e-01  3.44305528e-05 
 7.80000000e-01  3.74389313e-05 
 7.90000000e-01  4.05732926e-05 
 8.00000000e-01  4.38336365e-05 
 8.10000000e-01  4.72199631e-05 
 8.20000000e-01  5.07322724e-05 
 8.30000000e-01  5.43705643e-05 
 8.40000000e-01  5.81348390e-05 
 8.50000000e-01  6.20250963e-05 
 8.60000000e-01  6.59783449e-05 
 8.70000000e-01  7.01205676e-05 
 8.80000000e-01  7.43887729e-05 
 8.90000000e-01  7.87829609e-05 
 9.00000000e-01  8.33031316e-05 
 9.10000000e-01  8.79492850e-05 
 9.20000000e-01  9.27214210e-05 
 9.30000000e-01  9.76195397e-05 
 9.40000000e-01  1.02643641e-04 
 9.50000000e-01  1.07793725e-04 
 9.60000000e-01  1.13069792e-04 
 9.70000000e-01  1.18471841e-04 
 9.80000000e-01  1.23999873e-04 
 9.90000000e-01  1.29653888e-04 
 1.00000000e+00  1.35433886e-04 
 1.01000000e+00  1.41339866e-04 
 1.02000000e+00  1.47371829e-04 
 1.03000000e+00  1.53529774e-04 
 1.04000000e+00  1.59813702e-04 
 1.05000000e+00  1.66223613e-04 
 1.06000000e+00  1.72759507e-04 
 1.07000000e+00  1.79421383e-04 
 1.08000000e+00  1.86209242e-04 
 1.09000000e+00  1.93123083e-04 
 1.10000000e+00  2.00162908e-04 
 1.11000000e+00  2.07328714e-04 
 1.12000000e+00  2.14620504e-04 
 1.13000000e+00  2.22038276e-04 
 1.14000000e+00  2.29582031e-04 
 1.15000000e+00  2.37251769e-04 
 1.16000000e+00  2.45047489e-04 
 1.17000000e+00  2.52969192e-04 
 1.18000000e+00  2.61016878e-04 
 1.19000000e+00  2.69190546e-04 
 1.20000000e+00  2.77490197e-04 
 1.21000000e+00  2.85915831e-04 
 1.22000000e+00  2.94467447e-04 
 1.23000000e+00  3.03145046e-04 
 1.24000000e+00  3.11948628e-04 
 1.25000000e+00  3.20878192e-04 
 1.26000000e+00  3.29933739e-04 
 1.27000000e+00  3.39115269e-04 
 1.28000000e+00  3.48422781e-04 
 1.29000000e+00  3.57856276e-04 
 1.30000000e+00  3.67415754e-04 
 1.31000000e+00  3.77101215e-04 
 1.32000000e+00  3.86912658e-04 
 1.33000000e+00  3.96850083e-04 
 1.34000000e+00  4.06913492e-04 
 1.35000000e+00  4.17102883e-04 
 1.36000000e+00  4.27418257e-04 
 1.37000000e+00  4.37859613e-04 
 1.38000000e+00  4.48426953e-04 
 1.39000000e+00  4.59120274e-04 
 1.40000000e+00  4.69939579e-04 
 1.41000000e+00  4.80884866e-04 
 1.42000000e+00  4.91956136e-04 
 1.43000000e+00  5.03153389e-04 
 1.44000000e+00  5.14476624e-04 
 1.45000000e+00  5.25925842e-04 
 1.46000000e+00  5.37501042e-04 
 1.47000000e+00  5.49202226e-04 
 1.48000000e+00  5.61029391e-04 
 1.49000000e+00  5.72982540e-04 
 1.50000000e+00  5.85061671e-04 
 1.51000000e+00  5.97266785e-04 
 1.52000000e+00  6.09597882e-04 
 1.53000000e+00  6.22054961e-04 
 1.54000000e+00  6.34638023e-04 
 1.55000000e+00  6.47347068e-04 
 1.56000000e+00  6.60182095e-04 
 1.57000000e+00  6.73143105e-04 
 1.58000000e+00  6.86230098e-04 
 1.59000000e+00  6.99443073e-04 
 1.60000000e+00  7.12782031e-04 
 1.61000000e+00  7.26246972e-04 
 1.62000000e+00  7.39837896e-04 
 1.63000000e+00  7.53554802e-04 
 1.64000000e+00  7.67397690e-04 
 1.65000000e+00  7.81366562e-04 
 1.66000000e+00  7.95461416e-04 
 1.67000000e+00  8.09682253e-04 
 1.68000000e+00  8.24029072e-04 
 1.69000000e+00  8.38501874e-04 
 1.70000000e+00  8.53100659e-04 
 1.71000000e+00  8.67825427e-04 
 1.72000000e+00  8.82676177e-04 
 1.73000000e+00  8.97652910e-04 
 1.74000000e+00  9.12755625e-04 
 1.75000000e+00  9.27984324e-04 
 1.76000000e+00  9.43339004e-04 
 1.77000000e+00  9.58819668e-04 
 1.78000000e+00  9.74426314e-04 
 1.79000000e+00  9.90158943e-04 
 1.80000000e+00  1.00601755e-03 
