 0.00000000e+00  1.81000000e-12 
 1.00000000e-02  1.81000000e-12 
 2.00000000e-02  1.81000000e-12 
 3.00000000e-02  1.81000000e-12 
 4.00000000e-02  1.81000000e-12 
 5.00000000e-02  1.81000000e-12 
 6.00000000e-02  1.81000000e-12 
 7.00000000e-02  1.81000000e-12 
 8.00000000e-02  1.81000000e-12 
 9.00000000e-02  1.81000000e-12 
 1.00000000e-01  1.81000000e-12 
 1.10000000e-01  1.81000000e-12 
 1.20000000e-01  1.81000000e-12 
 1.30000000e-01  1.81000000e-12 
 1.40000000e-01  1.81000000e-12 
 1.50000000e-01  1.81000000e-12 
 1.60000000e-01  1.81000000e-12 
 1.70000000e-01  1.81000000e-12 
 1.80000000e-01  1.81000000e-12 
 1.90000000e-01  1.81000000e-12 
 2.00000000e-01  1.81000000e-12 
 2.10000000e-01  1.81000000e-12 
 2.20000000e-01  1.81000000e-12 
 2.30000000e-01  1.81000000e-12 
 2.40000000e-01  1.81000000e-12 
 2.50000000e-01  1.81000000e-12 
 2.60000000e-01  1.81000000e-12 
 2.70000000e-01  1.81000000e-12 
 2.80000000e-01  1.81000000e-12 
 2.90000000e-01  1.81000000e-12 
 3.00000000e-01  1.81000000e-12 
 3.10000000e-01  1.81000000e-12 
 3.20000000e-01  1.81000000e-12 
 3.30000000e-01  1.81000000e-12 
 3.40000000e-01  1.81000000e-12 
 3.50000000e-01  1.81000000e-12 
 3.60000000e-01  1.81000000e-12 
 3.70000000e-01  1.81000000e-12 
 3.80000000e-01  1.81000000e-12 
 3.90000000e-01  1.81000000e-12 
 4.00000000e-01  1.81000000e-12 
 4.10000000e-01  1.81000000e-12 
 4.20000000e-01  1.81000000e-12 
 4.30000000e-01  1.81000000e-12 
 4.40000000e-01  1.81000000e-12 
 4.50000000e-01  1.81000000e-12 
 4.60000000e-01  1.81000000e-12 
 4.70000000e-01  1.81000000e-12 
 4.80000000e-01  1.81000000e-12 
 4.90000000e-01  1.81000000e-12 
 5.00000000e-01  1.81000000e-12 
 5.10000000e-01  1.81000000e-12 
 5.20000000e-01  1.81000000e-12 
 5.30000000e-01  1.81000000e-12 
 5.40000000e-01  1.81000000e-12 
 5.50000000e-01  3.64183233e-08 
 5.60000000e-01  1.87236712e-07 
 5.70000000e-01  4.55062493e-07 
 5.80000000e-01  8.39895666e-07 
 5.90000000e-01  1.34173623e-06 
 6.00000000e-01  1.96058419e-06 
 6.10000000e-01  2.69643954e-06 
 6.20000000e-01  3.54930228e-06 
 6.30000000e-01  4.51917241e-06 
 6.40000000e-01  5.60604994e-06 
 6.50000000e-01  6.80993486e-06 
 6.60000000e-01  8.13082717e-06 
 6.70000000e-01  9.56872687e-06 
 6.80000000e-01  1.11236340e-05 
 6.90000000e-01  1.27955485e-05 
 7.00000000e-01  1.45844703e-05 
 7.10000000e-01  1.64903996e-05 
 7.20000000e-01  1.85133363e-05 
 7.30000000e-01  2.06532803e-05 
 7.40000000e-01  2.29102318e-05 
 7.50000000e-01  2.52841906e-05 
 7.60000000e-01  2.77751568e-05 
 7.70000000e-01  3.03831305e-05 
 7.80000000e-01  3.31081115e-05 
 7.90000000e-01  3.59500999e-05 
 8.00000000e-01  3.89090957e-05 
 8.10000000e-01  4.19850989e-05 
 8.20000000e-01  4.51781095e-05 
 8.30000000e-01  4.84881274e-05 
 8.40000000e-01  5.19151528e-05 
 8.50000000e-01  5.54591856e-05 
 8.60000000e-01  5.90617220e-05 
 8.70000000e-01  6.28397696e-05 
 8.80000000e-01  6.67348245e-05 
 8.90000000e-01  7.07468868e-05 
 9.00000000e-01  7.48759566e-05 
 9.10000000e-01  7.91220337e-05 
 9.20000000e-01  8.34851182e-05 
 9.30000000e-01  8.79652101e-05 
 9.40000000e-01  9.25623094e-05 
 9.50000000e-01  9.72764161e-05 
 9.60000000e-01  1.02107530e-04 
 9.70000000e-01  1.07055652e-04 
 9.80000000e-01  1.12120780e-04 
 9.90000000e-01  1.17302917e-04 
 1.00000000e+00  1.22602060e-04 
 1.01000000e+00  1.28018211e-04 
 1.02000000e+00  1.33551370e-04 
 1.03000000e+00  1.39201536e-04 
 1.04000000e+00  1.44968709e-04 
 1.05000000e+00  1.50852889e-04 
 1.06000000e+00  1.56854077e-04 
 1.07000000e+00  1.62972273e-04 
 1.08000000e+00  1.69207476e-04 
 1.09000000e+00  1.75559686e-04 
 1.10000000e+00  1.82028903e-04 
 1.11000000e+00  1.88615128e-04 
 1.12000000e+00  1.95318361e-04 
 1.13000000e+00  2.02138600e-04 
 1.14000000e+00  2.09075848e-04 
 1.15000000e+00  2.16130102e-04 
 1.16000000e+00  2.23301364e-04 
 1.17000000e+00  2.30589633e-04 
 1.18000000e+00  2.37994910e-04 
 1.19000000e+00  2.45517194e-04 
 1.20000000e+00  2.53156486e-04 
 1.21000000e+00  2.60912784e-04 
 1.22000000e+00  2.68786091e-04 
 1.23000000e+00  2.76776404e-04 
 1.24000000e+00  2.84883725e-04 
 1.25000000e+00  2.93108054e-04 
 1.26000000e+00  3.01449390e-04 
 1.27000000e+00  3.09907733e-04 
 1.28000000e+00  3.18483084e-04 
 1.29000000e+00  3.27175442e-04 
 1.30000000e+00  3.35984807e-04 
 1.31000000e+00  3.44911180e-04 
 1.32000000e+00  3.53954560e-04 
 1.33000000e+00  3.63114948e-04 
 1.34000000e+00  3.72392343e-04 
 1.35000000e+00  3.81786745e-04 
 1.36000000e+00  3.91298155e-04 
 1.37000000e+00  4.00926572e-04 
 1.38000000e+00  4.10671996e-04 
 1.39000000e+00  4.20534428e-04 
 1.40000000e+00  4.30513868e-04 
 1.41000000e+00  4.40610314e-04 
 1.42000000e+00  4.50823768e-04 
 1.43000000e+00  4.61154230e-04 
 1.44000000e+00  4.71601699e-04 
 1.45000000e+00  4.82166175e-04 
 1.46000000e+00  4.92847659e-04 
 1.47000000e+00  5.03646150e-04 
 1.48000000e+00  5.14561648e-04 
 1.49000000e+00  5.25594154e-04 
 1.50000000e+00  5.36743667e-04 
 1.51000000e+00  5.48010188e-04 
 1.52000000e+00  5.59393716e-04 
 1.53000000e+00  5.70894252e-04 
 1.54000000e+00  5.82511794e-04 
 1.55000000e+00  5.94246345e-04 
 1.56000000e+00  6.06097902e-04 
 1.57000000e+00  6.18066467e-04 
 1.58000000e+00  6.30152040e-04 
 1.59000000e+00  6.42354619e-04 
 1.60000000e+00  6.54674207e-04 
 1.61000000e+00  6.67110801e-04 
 1.62000000e+00  6.79664403e-04 
 1.63000000e+00  6.92335012e-04 
 1.64000000e+00  7.05122629e-04 
 1.65000000e+00  7.18027253e-04 
 1.66000000e+00  7.31048885e-04 
 1.67000000e+00  7.44187524e-04 
 1.68000000e+00  7.57443170e-04 
 1.69000000e+00  7.70815824e-04 
 1.70000000e+00  7.84305485e-04 
 1.71000000e+00  7.97912153e-04 
 1.72000000e+00  8.11635829e-04 
 1.73000000e+00  8.25476512e-04 
 1.74000000e+00  8.39434203e-04 
 1.75000000e+00  8.53508901e-04 
 1.76000000e+00  8.67700607e-04 
 1.77000000e+00  8.82009319e-04 
 1.78000000e+00  8.96435040e-04 
 1.79000000e+00  9.10977767e-04 
 1.80000000e+00  9.25637502e-04 
