 1.80000000e+00  1.81000000e-12 
 1.79000000e+00  1.81000000e-12 
 1.78000000e+00  1.81000000e-12 
 1.77000000e+00  1.81000000e-12 
 1.76000000e+00  1.81000000e-12 
 1.75000000e+00  1.81000000e-12 
 1.74000000e+00  1.81000000e-12 
 1.73000000e+00  1.81000000e-12 
 1.72000000e+00  1.81000000e-12 
 1.71000000e+00  1.81000000e-12 
 1.70000000e+00  1.81000000e-12 
 1.69000000e+00  1.81000000e-12 
 1.68000000e+00  1.81000000e-12 
 1.67000000e+00  1.81000000e-12 
 1.66000000e+00  1.81000000e-12 
 1.65000000e+00  1.81000000e-12 
 1.64000000e+00  1.81000000e-12 
 1.63000000e+00  1.81000000e-12 
 1.62000000e+00  1.81000000e-12 
 1.61000000e+00  1.81000000e-12 
 1.60000000e+00  1.81000000e-12 
 1.59000000e+00  1.81000000e-12 
 1.58000000e+00  1.81000000e-12 
 1.57000000e+00  1.81000000e-12 
 1.56000000e+00  1.81000000e-12 
 1.55000000e+00  1.81000000e-12 
 1.54000000e+00  1.81000000e-12 
 1.53000000e+00  1.81000000e-12 
 1.52000000e+00  1.81000000e-12 
 1.51000000e+00  1.81000000e-12 
 1.50000000e+00  1.81000000e-12 
 1.49000000e+00  1.81000000e-12 
 1.48000000e+00  1.81000000e-12 
 1.47000000e+00  1.81000000e-12 
 1.46000000e+00  1.81000000e-12 
 1.45000000e+00  1.81000000e-12 
 1.44000000e+00  1.81000000e-12 
 1.43000000e+00  1.81000000e-12 
 1.42000000e+00  1.81000000e-12 
 1.41000000e+00  1.81000000e-12 
 1.40000000e+00  1.81000000e-12 
 1.39000000e+00  1.81000000e-12 
 1.38000000e+00  1.81000000e-12 
 1.37000000e+00  1.81000000e-12 
 1.36000000e+00  1.81000000e-12 
 1.35000000e+00  1.81000000e-12 
 1.34000000e+00  1.81000000e-12 
 1.33000000e+00  1.81000000e-12 
 1.32000000e+00  1.81000000e-12 
 1.31000000e+00  1.81000000e-12 
 1.30000000e+00  1.81000000e-12 
 1.29000000e+00  1.01038322e-08 
 1.28000000e+00  1.25737293e-07 
 1.27000000e+00  3.70487278e-07 
 1.26000000e+00  7.44353786e-07 
 1.25000000e+00  1.24733682e-06 
 1.24000000e+00  1.87943637e-06 
 1.23000000e+00  2.64065245e-06 
 1.22000000e+00  3.53098505e-06 
 1.21000000e+00  4.55043418e-06 
 1.20000000e+00  5.69899983e-06 
 1.19000000e+00  6.97668200e-06 
 1.18000000e+00  8.38348070e-06 
 1.17000000e+00  9.91939592e-06 
 1.16000000e+00  1.15844277e-05 
 1.15000000e+00  1.33785759e-05 
 1.14000000e+00  1.53018407e-05 
 1.13000000e+00  1.73542220e-05 
 1.12000000e+00  1.95357199e-05 
 1.11000000e+00  2.18463342e-05 
 1.10000000e+00  2.42860651e-05 
 1.09000000e+00  2.68549125e-05 
 1.08000000e+00  2.95528765e-05 
 1.07000000e+00  3.23799569e-05 
 1.06000000e+00  3.53361539e-05 
 1.05000000e+00  3.84214674e-05 
 1.04000000e+00  4.16358974e-05 
 1.03000000e+00  4.49794440e-05 
 1.02000000e+00  4.84521070e-05 
 1.01000000e+00  5.20538866e-05 
 1.00000000e+00  5.57847828e-05 
 9.90000000e-01  5.96447954e-05 
 9.80000000e-01  6.36339246e-05 
 9.70000000e-01  6.76876120e-05 
 9.60000000e-01  7.19349742e-05 
 9.50000000e-01  7.63114530e-05 
 9.40000000e-01  8.08170482e-05 
 9.30000000e-01  8.54517600e-05 
 9.20000000e-01  9.02155883e-05 
 9.10000000e-01  9.51085331e-05 
 9.00000000e-01  1.00130595e-04 
 8.90000000e-01  1.05281772e-04 
 8.80000000e-01  1.10562067e-04 
 8.70000000e-01  1.15971478e-04 
 8.60000000e-01  1.21510005e-04 
 8.50000000e-01  1.27177649e-04 
 8.40000000e-01  1.32974410e-04 
 8.30000000e-01  1.38900287e-04 
 8.20000000e-01  1.44955280e-04 
 8.10000000e-01  1.51139390e-04 
 8.00000000e-01  1.57452617e-04 
 7.90000000e-01  1.63894960e-04 
 7.80000000e-01  1.70466420e-04 
 7.70000000e-01  1.77166996e-04 
 7.60000000e-01  1.83996688e-04 
 7.50000000e-01  1.90955498e-04 
 7.40000000e-01  1.98043423e-04 
 7.30000000e-01  2.05260466e-04 
 7.20000000e-01  2.12606624e-04 
 7.10000000e-01  2.20081900e-04 
 7.00000000e-01  2.27686292e-04 
 6.90000000e-01  2.35419800e-04 
 6.80000000e-01  2.43282425e-04 
 6.70000000e-01  2.51274166e-04 
 6.60000000e-01  2.59395024e-04 
 6.50000000e-01  2.67644999e-04 
 6.40000000e-01  2.76024090e-04 
 6.30000000e-01  2.84532297e-04 
 6.20000000e-01  2.93169621e-04 
 6.10000000e-01  3.01936062e-04 
 6.00000000e-01  3.10831619e-04 
 5.90000000e-01  3.19856292e-04 
 5.80000000e-01  3.29010082e-04 
 5.70000000e-01  3.38292989e-04 
 5.60000000e-01  3.47705012e-04 
 5.50000000e-01  3.57246152e-04 
 5.40000000e-01  3.66916408e-04 
 5.30000000e-01  3.76715781e-04 
 5.20000000e-01  3.86644270e-04 
 5.10000000e-01  3.96701876e-04 
 5.00000000e-01  4.06888598e-04 
 4.90000000e-01  4.17204437e-04 
 4.80000000e-01  4.27649392e-04 
 4.70000000e-01  4.38223464e-04 
 4.60000000e-01  4.48926652e-04 
 4.50000000e-01  4.59758957e-04 
 4.40000000e-01  4.70720379e-04 
 4.30000000e-01  4.81810917e-04 
 4.20000000e-01  4.93030571e-04 
 4.10000000e-01  5.04379342e-04 
 4.00000000e-01  5.15857230e-04 
 3.90000000e-01  5.27464234e-04 
 3.80000000e-01  5.39200354e-04 
 3.70000000e-01  5.51065592e-04 
 3.60000000e-01  5.63059945e-04 
 3.50000000e-01  5.75183415e-04 
 3.40000000e-01  5.87436002e-04 
 3.30000000e-01  5.99817705e-04 
 3.20000000e-01  6.12328525e-04 
 3.10000000e-01  6.24968461e-04 
 3.00000000e-01  6.37737514e-04 
 2.90000000e-01  6.50635683e-04 
 2.80000000e-01  6.63662969e-04 
 2.70000000e-01  6.76819371e-04 
 2.60000000e-01  6.90104890e-04 
 2.50000000e-01  7.03519526e-04 
 2.40000000e-01  7.17063278e-04 
 2.30000000e-01  7.30736146e-04 
 2.20000000e-01  7.44538131e-04 
 2.10000000e-01  7.58469232e-04 
 2.00000000e-01  7.72529450e-04 
 1.90000000e-01  7.86718785e-04 
 1.80000000e-01  8.01037236e-04 
 1.70000000e-01  8.15484804e-04 
 1.60000000e-01  8.30061488e-04 
 1.50000000e-01  8.44767288e-04 
 1.40000000e-01  8.59602206e-04 
 1.30000000e-01  8.74566239e-04 
 1.20000000e-01  8.89659389e-04 
 1.10000000e-01  9.04881656e-04 
 1.00000000e-01  9.20233039e-04 
 9.00000000e-02  9.35713539e-04 
 8.00000000e-02  9.51323155e-04 
 7.00000000e-02  9.67061888e-04 
 6.00000000e-02  9.82929738e-04 
 5.00000000e-02  9.98926703e-04 
 4.00000000e-02  1.01505279e-03 
 3.00000000e-02  1.03130798e-03 
 2.00000000e-02  1.04769230e-03 
 1.00000000e-02  1.06420573e-03 
-1.41900380e-15  1.08084828e-03 
