 0.00000000e+00  1.81000000e-12 
 1.00000000e-02  1.81000000e-12 
 2.00000000e-02  1.81000000e-12 
 3.00000000e-02  1.81000000e-12 
 4.00000000e-02  1.81000000e-12 
 5.00000000e-02  1.81000000e-12 
 6.00000000e-02  1.81000000e-12 
 7.00000000e-02  1.81000000e-12 
 8.00000000e-02  1.81000000e-12 
 9.00000000e-02  1.81000000e-12 
 1.00000000e-01  1.81000000e-12 
 1.10000000e-01  1.81000000e-12 
 1.20000000e-01  1.81000000e-12 
 1.30000000e-01  1.81000000e-12 
 1.40000000e-01  1.81000000e-12 
 1.50000000e-01  1.81000000e-12 
 1.60000000e-01  1.81000000e-12 
 1.70000000e-01  1.81000000e-12 
 1.80000000e-01  1.81000000e-12 
 1.90000000e-01  1.81000000e-12 
 2.00000000e-01  1.81000000e-12 
 2.10000000e-01  1.81000000e-12 
 2.20000000e-01  1.81000000e-12 
 2.30000000e-01  1.81000000e-12 
 2.40000000e-01  1.81000000e-12 
 2.50000000e-01  1.81000000e-12 
 2.60000000e-01  1.81000000e-12 
 2.70000000e-01  1.81000000e-12 
 2.80000000e-01  1.81000000e-12 
 2.90000000e-01  1.81000000e-12 
 3.00000000e-01  1.81000000e-12 
 3.10000000e-01  1.81000000e-12 
 3.20000000e-01  1.81000000e-12 
 3.30000000e-01  1.81000000e-12 
 3.40000000e-01  1.81000000e-12 
 3.50000000e-01  1.81000000e-12 
 3.60000000e-01  1.81000000e-12 
 3.70000000e-01  1.81000000e-12 
 3.80000000e-01  1.81000000e-12 
 3.90000000e-01  1.81000000e-12 
 4.00000000e-01  1.81000000e-12 
 4.10000000e-01  1.81000000e-12 
 4.20000000e-01  1.81000000e-12 
 4.30000000e-01  1.81000000e-12 
 4.40000000e-01  1.81000000e-12 
 4.50000000e-01  1.81000000e-12 
 4.60000000e-01  1.81000000e-12 
 4.70000000e-01  1.81000000e-12 
 4.80000000e-01  1.81000000e-12 
 4.90000000e-01  1.81000000e-12 
 5.00000000e-01  6.00925820e-09 
 5.10000000e-01  1.08552290e-07 
 5.20000000e-01  3.38065291e-07 
 5.30000000e-01  6.94548262e-07 
 5.40000000e-01  1.17800120e-06 
 5.50000000e-01  1.78842411e-06 
 5.60000000e-01  2.52581699e-06 
 5.70000000e-01  3.39017984e-06 
 5.80000000e-01  4.38151266e-06 
 5.90000000e-01  5.49981544e-06 
 6.00000000e-01  6.74508820e-06 
 6.10000000e-01  8.11733093e-06 
 6.20000000e-01  9.61654362e-06 
 6.30000000e-01  1.12427263e-05 
 6.40000000e-01  1.29958789e-05 
 6.50000000e-01  1.48760015e-05 
 6.60000000e-01  1.68830941e-05 
 6.70000000e-01  1.90171566e-05 
 6.80000000e-01  2.12781892e-05 
 6.90000000e-01  2.36661916e-05 
 7.00000000e-01  2.61811641e-05 
 7.10000000e-01  2.88231065e-05 
 7.20000000e-01  3.15920189e-05 
 7.30000000e-01  3.44879013e-05 
 7.40000000e-01  3.75107536e-05 
 7.50000000e-01  4.06605759e-05 
 7.60000000e-01  4.39373682e-05 
 7.70000000e-01  4.73411304e-05 
 7.80000000e-01  5.08718626e-05 
 7.90000000e-01  5.45295648e-05 
 8.00000000e-01  5.83142369e-05 
 8.10000000e-01  6.22258791e-05 
 8.20000000e-01  6.62010062e-05 
 8.30000000e-01  7.03665882e-05 
 8.40000000e-01  7.46591402e-05 
 8.50000000e-01  7.90786622e-05 
 8.60000000e-01  8.36251542e-05 
 8.70000000e-01  8.82986161e-05 
 8.80000000e-01  9.30990480e-05 
 8.90000000e-01  9.80264499e-05 
 9.00000000e-01  1.03080822e-04 
 9.10000000e-01  1.08262164e-04 
 9.20000000e-01  1.13570475e-04 
 9.30000000e-01  1.19005757e-04 
 9.40000000e-01  1.24568009e-04 
 9.50000000e-01  1.30257230e-04 
 9.60000000e-01  1.36073422e-04 
 9.70000000e-01  1.42016584e-04 
 9.80000000e-01  1.48086715e-04 
 9.90000000e-01  1.54283817e-04 
 1.00000000e+00  1.60607888e-04 
 1.01000000e+00  1.67058930e-04 
 1.02000000e+00  1.73636941e-04 
 1.03000000e+00  1.80341923e-04 
 1.04000000e+00  1.87173874e-04 
 1.05000000e+00  1.94132796e-04 
 1.06000000e+00  2.01218687e-04 
 1.07000000e+00  2.08431548e-04 
 1.08000000e+00  2.15771380e-04 
 1.09000000e+00  2.23238181e-04 
 1.10000000e+00  2.30831952e-04 
 1.11000000e+00  2.38552693e-04 
 1.12000000e+00  2.46400405e-04 
 1.13000000e+00  2.54375086e-04 
 1.14000000e+00  2.62476737e-04 
 1.15000000e+00  2.70705358e-04 
 1.16000000e+00  2.79060949e-04 
 1.17000000e+00  2.87543510e-04 
 1.18000000e+00  2.96153041e-04 
 1.19000000e+00  3.04889542e-04 
 1.20000000e+00  3.13753013e-04 
 1.21000000e+00  3.22743454e-04 
 1.22000000e+00  3.31860865e-04 
 1.23000000e+00  3.41105245e-04 
 1.24000000e+00  3.50476596e-04 
 1.25000000e+00  3.59974917e-04 
 1.26000000e+00  3.69600208e-04 
 1.27000000e+00  3.79352468e-04 
 1.28000000e+00  3.89231699e-04 
 1.29000000e+00  3.99237900e-04 
 1.30000000e+00  4.09371070e-04 
 1.31000000e+00  4.19631211e-04 
 1.32000000e+00  4.30018322e-04 
 1.33000000e+00  4.40532402e-04 
 1.34000000e+00  4.51173453e-04 
 1.35000000e+00  4.61941473e-04 
 1.36000000e+00  4.72836463e-04 
 1.37000000e+00  4.83858424e-04 
 1.38000000e+00  4.95007354e-04 
 1.39000000e+00  5.06283255e-04 
 1.40000000e+00  5.17686125e-04 
 1.41000000e+00  5.29215965e-04 
 1.42000000e+00  5.40872775e-04 
 1.43000000e+00  5.52656556e-04 
 1.44000000e+00  5.64567306e-04 
 1.45000000e+00  5.76605026e-04 
 1.46000000e+00  5.88769716e-04 
 1.47000000e+00  6.01061376e-04 
 1.48000000e+00  6.13480006e-04 
 1.49000000e+00  6.26025606e-04 
 1.50000000e+00  6.38698176e-04 
 1.51000000e+00  6.51497716e-04 
 1.52000000e+00  6.64424226e-04 
 1.53000000e+00  6.77477706e-04 
 1.54000000e+00  6.90658156e-04 
 1.55000000e+00  7.03965576e-04 
 1.56000000e+00  7.17399966e-04 
 1.57000000e+00  7.30961326e-04 
 1.58000000e+00  7.44649655e-04 
 1.59000000e+00  7.58464955e-04 
 1.60000000e+00  7.72407225e-04 
 1.61000000e+00  7.86476465e-04 
 1.62000000e+00  8.00672674e-04 
 1.63000000e+00  8.14995854e-04 
 1.64000000e+00  8.29446003e-04 
 1.65000000e+00  8.44023123e-04 
 1.66000000e+00  8.58727212e-04 
 1.67000000e+00  8.73558272e-04 
 1.68000000e+00  8.88516301e-04 
 1.69000000e+00  9.03601301e-04 
 1.70000000e+00  9.18813270e-04 
 1.71000000e+00  9.34152210e-04 
 1.72000000e+00  9.49618119e-04 
 1.73000000e+00  9.65210998e-04 
 1.74000000e+00  9.80930848e-04 
 1.75000000e+00  9.96777667e-04 
 1.76000000e+00  1.01275146e-03 
 1.77000000e+00  1.02885222e-03 
 1.78000000e+00  1.04507994e-03 
 1.79000000e+00  1.06143464e-03 
 1.80000000e+00  1.07791631e-03 
