 0.00000000e+00  1.81000000e-12 
 1.00000000e-02  1.81000000e-12 
 2.00000000e-02  1.81000000e-12 
 3.00000000e-02  1.81000000e-12 
 4.00000000e-02  1.81000000e-12 
 5.00000000e-02  1.81000000e-12 
 6.00000000e-02  1.81000000e-12 
 7.00000000e-02  1.81000000e-12 
 8.00000000e-02  1.81000000e-12 
 9.00000000e-02  1.81000000e-12 
 1.00000000e-01  1.81000000e-12 
 1.10000000e-01  1.81000000e-12 
 1.20000000e-01  1.81000000e-12 
 1.30000000e-01  1.81000000e-12 
 1.40000000e-01  1.81000000e-12 
 1.50000000e-01  1.81000000e-12 
 1.60000000e-01  1.81000000e-12 
 1.70000000e-01  1.81000000e-12 
 1.80000000e-01  1.81000000e-12 
 1.90000000e-01  1.81000000e-12 
 2.00000000e-01  1.81000000e-12 
 2.10000000e-01  1.81000000e-12 
 2.20000000e-01  1.81000000e-12 
 2.30000000e-01  1.81000000e-12 
 2.40000000e-01  1.81000000e-12 
 2.50000000e-01  1.81000000e-12 
 2.60000000e-01  1.81000000e-12 
 2.70000000e-01  1.81000000e-12 
 2.80000000e-01  1.81000000e-12 
 2.90000000e-01  1.81000000e-12 
 3.00000000e-01  1.81000000e-12 
 3.10000000e-01  1.81000000e-12 
 3.20000000e-01  1.81000000e-12 
 3.30000000e-01  1.81000000e-12 
 3.40000000e-01  1.81000000e-12 
 3.50000000e-01  1.81000000e-12 
 3.60000000e-01  1.81000000e-12 
 3.70000000e-01  1.81000000e-12 
 3.80000000e-01  1.81000000e-12 
 3.90000000e-01  1.81000000e-12 
 4.00000000e-01  1.81000000e-12 
 4.10000000e-01  1.81000000e-12 
 4.20000000e-01  1.81000000e-12 
 4.30000000e-01  1.81000000e-12 
 4.40000000e-01  1.81000000e-12 
 4.50000000e-01  1.81000000e-12 
 4.60000000e-01  1.81000000e-12 
 4.70000000e-01  1.81000000e-12 
 4.80000000e-01  1.81000000e-12 
 4.90000000e-01  1.81000000e-12 
 5.00000000e-01  1.81000000e-12 
 5.10000000e-01  1.81000000e-12 
 5.20000000e-01  9.35721574e-09 
 5.30000000e-01  1.26719058e-07 
 5.40000000e-01  3.78502353e-07 
 5.50000000e-01  7.64707100e-07 
 5.60000000e-01  1.28533330e-06 
 5.70000000e-01  1.94038095e-06 
 5.80000000e-01  2.72985006e-06 
 5.90000000e-01  3.65374061e-06 
 6.00000000e-01  4.71205262e-06 
 6.10000000e-01  5.90478609e-06 
 6.20000000e-01  7.23194100e-06 
 6.30000000e-01  8.69351737e-06 
 6.40000000e-01  1.02895152e-05 
 6.50000000e-01  1.20199345e-05 
 6.60000000e-01  1.38847752e-05 
 6.70000000e-01  1.58840374e-05 
 6.80000000e-01  1.80177210e-05 
 6.90000000e-01  2.02858261e-05 
 7.00000000e-01  2.26883526e-05 
 7.10000000e-01  2.52253006e-05 
 7.20000000e-01  2.78966700e-05 
 7.30000000e-01  3.07024609e-05 
 7.40000000e-01  3.36426733e-05 
 7.50000000e-01  3.67173071e-05 
 7.60000000e-01  3.99263623e-05 
 7.70000000e-01  4.32698390e-05 
 7.80000000e-01  4.67477372e-05 
 7.90000000e-01  5.03600568e-05 
 8.00000000e-01  5.41067978e-05 
 8.10000000e-01  5.79879603e-05 
 8.20000000e-01  6.20035443e-05 
 8.30000000e-01  6.61535497e-05 
 8.40000000e-01  7.03707659e-05 
 8.50000000e-01  7.47896142e-05 
 8.60000000e-01  7.93428840e-05 
 8.70000000e-01  8.40305752e-05 
 8.80000000e-01  8.88526879e-05 
 8.90000000e-01  9.38092220e-05 
 9.00000000e-01  9.89001776e-05 
 9.10000000e-01  1.04125555e-04 
 9.20000000e-01  1.09485353e-04 
 9.30000000e-01  1.14979573e-04 
 9.40000000e-01  1.20608214e-04 
 9.50000000e-01  1.26371277e-04 
 9.60000000e-01  1.32268762e-04 
 9.70000000e-01  1.38300667e-04 
 9.80000000e-01  1.44466995e-04 
 9.90000000e-01  1.50767743e-04 
 1.00000000e+00  1.57202913e-04 
 1.01000000e+00  1.63772505e-04 
 1.02000000e+00  1.70476518e-04 
 1.03000000e+00  1.77314952e-04 
 1.04000000e+00  1.84287808e-04 
 1.05000000e+00  1.91395086e-04 
 1.06000000e+00  1.98636784e-04 
 1.07000000e+00  2.06012905e-04 
 1.08000000e+00  2.13523446e-04 
 1.09000000e+00  2.21168410e-04 
 1.10000000e+00  2.28947794e-04 
 1.11000000e+00  2.36861600e-04 
 1.12000000e+00  2.44909828e-04 
 1.13000000e+00  2.53092477e-04 
 1.14000000e+00  2.61409547e-04 
 1.15000000e+00  2.69861039e-04 
 1.16000000e+00  2.78446953e-04 
 1.17000000e+00  2.87167287e-04 
 1.18000000e+00  2.96022044e-04 
 1.19000000e+00  3.05011221e-04 
 1.20000000e+00  3.14134820e-04 
 1.21000000e+00  3.23392841e-04 
 1.22000000e+00  3.32785283e-04 
 1.23000000e+00  3.42312147e-04 
 1.24000000e+00  3.51973432e-04 
 1.25000000e+00  3.61769138e-04 
 1.26000000e+00  3.71699266e-04 
 1.27000000e+00  3.81763815e-04 
 1.28000000e+00  3.91962786e-04 
 1.29000000e+00  4.02296178e-04 
 1.30000000e+00  4.12763992e-04 
 1.31000000e+00  4.23366227e-04 
 1.32000000e+00  4.34102884e-04 
 1.33000000e+00  4.44973962e-04 
 1.34000000e+00  4.55979461e-04 
 1.35000000e+00  4.67119382e-04 
 1.36000000e+00  4.78393724e-04 
 1.37000000e+00  4.89802488e-04 
 1.38000000e+00  5.01345674e-04 
 1.39000000e+00  5.13023280e-04 
 1.40000000e+00  5.24835309e-04 
 1.41000000e+00  5.36781758e-04 
 1.42000000e+00  5.48862629e-04 
 1.43000000e+00  5.61077922e-04 
 1.44000000e+00  5.73427636e-04 
 1.45000000e+00  5.85911771e-04 
 1.46000000e+00  5.98530328e-04 
 1.47000000e+00  6.11283307e-04 
 1.48000000e+00  6.24170706e-04 
 1.49000000e+00  6.37192528e-04 
 1.50000000e+00  6.50348770e-04 
 1.51000000e+00  6.63639435e-04 
 1.52000000e+00  6.77064520e-04 
 1.53000000e+00  6.90624027e-04 
 1.54000000e+00  7.04317956e-04 
 1.55000000e+00  7.18146306e-04 
 1.56000000e+00  7.32109077e-04 
 1.57000000e+00  7.46206270e-04 
 1.58000000e+00  7.60437885e-04 
 1.59000000e+00  7.74803920e-04 
 1.60000000e+00  7.89304378e-04 
 1.61000000e+00  8.03939256e-04 
 1.62000000e+00  8.18708557e-04 
 1.63000000e+00  8.33612278e-04 
 1.64000000e+00  8.48650421e-04 
 1.65000000e+00  8.63822986e-04 
 1.66000000e+00  8.79129972e-04 
 1.67000000e+00  8.94571379e-04 
 1.68000000e+00  9.10147208e-04 
 1.69000000e+00  9.25857458e-04 
 1.70000000e+00  9.41702130e-04 
 1.71000000e+00  9.57681223e-04 
 1.72000000e+00  9.73794738e-04 
 1.73000000e+00  9.90042674e-04 
 1.74000000e+00  1.00642503e-03 
 1.75000000e+00  1.02294181e-03 
 1.76000000e+00  1.03959301e-03 
 1.77000000e+00  1.05637863e-03 
 1.78000000e+00  1.07329868e-03 
 1.79000000e+00  1.09035314e-03 
 1.80000000e+00  1.10754203e-03 
