 1.80000000e+00  1.81000000e-12 
 1.79000000e+00  1.81000000e-12 
 1.78000000e+00  1.81000000e-12 
 1.77000000e+00  1.81000000e-12 
 1.76000000e+00  1.81000000e-12 
 1.75000000e+00  1.81000000e-12 
 1.74000000e+00  1.81000000e-12 
 1.73000000e+00  1.81000000e-12 
 1.72000000e+00  1.81000000e-12 
 1.71000000e+00  1.81000000e-12 
 1.70000000e+00  1.81000000e-12 
 1.69000000e+00  1.81000000e-12 
 1.68000000e+00  1.81000000e-12 
 1.67000000e+00  1.81000000e-12 
 1.66000000e+00  1.81000000e-12 
 1.65000000e+00  1.81000000e-12 
 1.64000000e+00  1.81000000e-12 
 1.63000000e+00  1.81000000e-12 
 1.62000000e+00  1.81000000e-12 
 1.61000000e+00  1.81000000e-12 
 1.60000000e+00  1.81000000e-12 
 1.59000000e+00  1.81000000e-12 
 1.58000000e+00  1.81000000e-12 
 1.57000000e+00  1.81000000e-12 
 1.56000000e+00  1.81000000e-12 
 1.55000000e+00  1.81000000e-12 
 1.54000000e+00  1.81000000e-12 
 1.53000000e+00  1.81000000e-12 
 1.52000000e+00  1.81000000e-12 
 1.51000000e+00  1.81000000e-12 
 1.50000000e+00  1.81000000e-12 
 1.49000000e+00  1.81000000e-12 
 1.48000000e+00  1.81000000e-12 
 1.47000000e+00  1.81000000e-12 
 1.46000000e+00  1.81000000e-12 
 1.45000000e+00  1.81000000e-12 
 1.44000000e+00  1.81000000e-12 
 1.43000000e+00  1.81000000e-12 
 1.42000000e+00  1.81000000e-12 
 1.41000000e+00  1.81000000e-12 
 1.40000000e+00  1.81000000e-12 
 1.39000000e+00  1.81000000e-12 
 1.38000000e+00  1.81000000e-12 
 1.37000000e+00  1.81000000e-12 
 1.36000000e+00  1.81000000e-12 
 1.35000000e+00  1.81000000e-12 
 1.34000000e+00  1.81000000e-12 
 1.33000000e+00  1.81000000e-12 
 1.32000000e+00  1.81000000e-12 
 1.31000000e+00  1.81000000e-12 
 1.30000000e+00  6.07292349e-09 
 1.29000000e+00  1.01698167e-07 
 1.28000000e+00  3.13467397e-07 
 1.27000000e+00  6.41380612e-07 
 1.26000000e+00  1.08543781e-06 
 1.25000000e+00  1.64563900e-06 
 1.24000000e+00  2.32198417e-06 
 1.23000000e+00  3.11447333e-06 
 1.22000000e+00  4.02310648e-06 
 1.21000000e+00  5.04788361e-06 
 1.20000000e+00  6.18880472e-06 
 1.19000000e+00  7.44586982e-06 
 1.18000000e+00  8.81907891e-06 
 1.17000000e+00  1.03084320e-05 
 1.16000000e+00  1.19139290e-05 
 1.15000000e+00  1.36355701e-05 
 1.14000000e+00  1.54733551e-05 
 1.13000000e+00  1.74272841e-05 
 1.12000000e+00  1.94973571e-05 
 1.11000000e+00  2.16835741e-05 
 1.10000000e+00  2.39859351e-05 
 1.09000000e+00  2.64044401e-05 
 1.08000000e+00  2.89390890e-05 
 1.07000000e+00  3.15898819e-05 
 1.06000000e+00  3.43568189e-05 
 1.05000000e+00  3.72398998e-05 
 1.04000000e+00  4.02391246e-05 
 1.03000000e+00  4.33544935e-05 
 1.02000000e+00  4.65860064e-05 
 1.01000000e+00  4.99336632e-05 
 1.00000000e+00  5.33974641e-05 
 9.90000000e-01  5.69774089e-05 
 9.80000000e-01  6.06154257e-05 
 9.70000000e-01  6.44276585e-05 
 9.60000000e-01  6.83560353e-05 
 9.50000000e-01  7.24005560e-05 
 9.40000000e-01  7.65612208e-05 
 9.30000000e-01  8.08380295e-05 
 9.20000000e-01  8.52309822e-05 
 9.10000000e-01  8.97400789e-05 
 9.00000000e-01  9.43653196e-05 
 8.90000000e-01  9.91067043e-05 
 8.80000000e-01  1.03964233e-04 
 8.70000000e-01  1.08937906e-04 
 8.60000000e-01  1.14027722e-04 
 8.50000000e-01  1.19233683e-04 
 8.40000000e-01  1.24555787e-04 
 8.30000000e-01  1.29994036e-04 
 8.20000000e-01  1.35548429e-04 
 8.10000000e-01  1.41218965e-04 
 8.00000000e-01  1.47005646e-04 
 7.90000000e-01  1.52908470e-04 
 7.80000000e-01  1.58927439e-04 
 7.70000000e-01  1.65062551e-04 
 7.60000000e-01  1.71313808e-04 
 7.50000000e-01  1.77681208e-04 
 7.40000000e-01  1.84164753e-04 
 7.30000000e-01  1.90764441e-04 
 7.20000000e-01  1.97480274e-04 
 7.10000000e-01  2.04312250e-04 
 7.00000000e-01  2.11260370e-04 
 6.90000000e-01  2.18324635e-04 
 6.80000000e-01  2.25505043e-04 
 6.70000000e-01  2.32801596e-04 
 6.60000000e-01  2.40214292e-04 
 6.50000000e-01  2.47743132e-04 
 6.40000000e-01  2.55388117e-04 
 6.30000000e-01  2.63149245e-04 
 6.20000000e-01  2.71026517e-04 
 6.10000000e-01  2.79019933e-04 
 6.00000000e-01  2.87129494e-04 
 5.90000000e-01  2.95355198e-04 
 5.80000000e-01  3.03697046e-04 
 5.70000000e-01  3.12155038e-04 
 5.60000000e-01  3.20729175e-04 
 5.50000000e-01  3.29419455e-04 
 5.40000000e-01  3.38225879e-04 
 5.30000000e-01  3.47148447e-04 
 5.20000000e-01  3.56187159e-04 
 5.10000000e-01  3.65342015e-04 
 5.00000000e-01  3.74613016e-04 
 4.90000000e-01  3.84000160e-04 
 4.80000000e-01  3.93503448e-04 
 4.70000000e-01  4.03122880e-04 
 4.60000000e-01  4.12858456e-04 
 4.50000000e-01  4.22710176e-04 
 4.40000000e-01  4.32678040e-04 
 4.30000000e-01  4.42762048e-04 
 4.20000000e-01  4.52962200e-04 
 4.10000000e-01  4.63278496e-04 
 4.00000000e-01  4.73710936e-04 
 3.90000000e-01  4.84259520e-04 
 3.80000000e-01  4.94924248e-04 
 3.70000000e-01  5.05705120e-04 
 3.60000000e-01  5.16602136e-04 
 3.50000000e-01  5.27615296e-04 
 3.40000000e-01  5.38744600e-04 
 3.30000000e-01  5.49990048e-04 
 3.20000000e-01  5.61351639e-04 
 3.10000000e-01  5.72829375e-04 
 3.00000000e-01  5.84423255e-04 
 2.90000000e-01  5.96133279e-04 
 2.80000000e-01  6.07959447e-04 
 2.70000000e-01  6.19901759e-04 
 2.60000000e-01  6.31960214e-04 
 2.50000000e-01  6.44134814e-04 
 2.40000000e-01  6.56425558e-04 
 2.30000000e-01  6.68832446e-04 
 2.20000000e-01  6.81355477e-04 
 2.10000000e-01  6.93994653e-04 
 2.00000000e-01  7.06749973e-04 
 1.90000000e-01  7.19621436e-04 
 1.80000000e-01  7.32609044e-04 
 1.70000000e-01  7.45712796e-04 
 1.60000000e-01  7.58932691e-04 
 1.50000000e-01  7.72268731e-04 
 1.40000000e-01  7.85720915e-04 
 1.30000000e-01  7.99289242e-04 
 1.20000000e-01  8.12973714e-04 
 1.10000000e-01  8.26774329e-04 
 1.00000000e-01  8.40691089e-04 
 9.00000000e-02  8.54723992e-04 
 8.00000000e-02  8.68873040e-04 
 7.00000000e-02  8.83138231e-04 
 6.00000000e-02  8.97519567e-04 
 5.00000000e-02  9.12017046e-04 
 4.00000000e-02  9.26630670e-04 
 3.00000000e-02  9.41360437e-04 
 2.00000000e-02  9.56206349e-04 
 1.00000000e-02  9.71168404e-04 
-1.41900380e-15  9.86246604e-04 
