 1.80000000e+00  1.81000000e-12 
 1.79000000e+00  1.81000000e-12 
 1.78000000e+00  1.81000000e-12 
 1.77000000e+00  1.81000000e-12 
 1.76000000e+00  1.81000000e-12 
 1.75000000e+00  1.81000000e-12 
 1.74000000e+00  1.81000000e-12 
 1.73000000e+00  1.81000000e-12 
 1.72000000e+00  1.81000000e-12 
 1.71000000e+00  1.81000000e-12 
 1.70000000e+00  1.81000000e-12 
 1.69000000e+00  1.81000000e-12 
 1.68000000e+00  1.81000000e-12 
 1.67000000e+00  1.81000000e-12 
 1.66000000e+00  1.81000000e-12 
 1.65000000e+00  1.81000000e-12 
 1.64000000e+00  1.81000000e-12 
 1.63000000e+00  1.81000000e-12 
 1.62000000e+00  1.81000000e-12 
 1.61000000e+00  1.81000000e-12 
 1.60000000e+00  1.81000000e-12 
 1.59000000e+00  1.81000000e-12 
 1.58000000e+00  1.81000000e-12 
 1.57000000e+00  1.81000000e-12 
 1.56000000e+00  1.81000000e-12 
 1.55000000e+00  1.81000000e-12 
 1.54000000e+00  1.81000000e-12 
 1.53000000e+00  1.81000000e-12 
 1.52000000e+00  1.81000000e-12 
 1.51000000e+00  1.81000000e-12 
 1.50000000e+00  1.81000000e-12 
 1.49000000e+00  1.81000000e-12 
 1.48000000e+00  1.81000000e-12 
 1.47000000e+00  1.81000000e-12 
 1.46000000e+00  1.81000000e-12 
 1.45000000e+00  1.81000000e-12 
 1.44000000e+00  1.81000000e-12 
 1.43000000e+00  1.81000000e-12 
 1.42000000e+00  1.81000000e-12 
 1.41000000e+00  1.81000000e-12 
 1.40000000e+00  1.81000000e-12 
 1.39000000e+00  1.81000000e-12 
 1.38000000e+00  1.81000000e-12 
 1.37000000e+00  1.81000000e-12 
 1.36000000e+00  1.81000000e-12 
 1.35000000e+00  1.81000000e-12 
 1.34000000e+00  1.81000000e-12 
 1.33000000e+00  1.81000000e-12 
 1.32000000e+00  1.81000000e-12 
 1.31000000e+00  1.81000000e-12 
 1.30000000e+00  1.81000000e-12 
 1.29000000e+00  1.81000000e-12 
 1.28000000e+00  4.13321185e-08 
 1.27000000e+00  1.95420861e-07 
 1.26000000e+00  4.63525814e-07 
 1.25000000e+00  8.45646976e-07 
 1.24000000e+00  1.34178435e-06 
 1.23000000e+00  1.95193793e-06 
 1.22000000e+00  2.67610772e-06 
 1.21000000e+00  3.51429372e-06 
 1.20000000e+00  4.46649593e-06 
 1.19000000e+00  5.53271435e-06 
 1.18000000e+00  6.71294899e-06 
 1.17000000e+00  8.00719983e-06 
 1.16000000e+00  9.41546688e-06 
 1.15000000e+00  1.09377501e-05 
 1.14000000e+00  1.25740496e-05 
 1.13000000e+00  1.43243653e-05 
 1.12000000e+00  1.61886972e-05 
 1.11000000e+00  1.81670453e-05 
 1.10000000e+00  2.02594096e-05 
 1.09000000e+00  2.24657901e-05 
 1.08000000e+00  2.47861868e-05 
 1.07000000e+00  2.72205998e-05 
 1.06000000e+00  2.97690289e-05 
 1.05000000e+00  3.24314743e-05 
 1.04000000e+00  3.52079358e-05 
 1.03000000e+00  3.80984136e-05 
 1.02000000e+00  4.11029076e-05 
 1.01000000e+00  4.42214178e-05 
 1.00000000e+00  4.74539442e-05 
 9.90000000e-01  5.08004868e-05 
 9.80000000e-01  5.42610456e-05 
 9.70000000e-01  5.77786126e-05 
 9.60000000e-01  6.14672038e-05 
 9.50000000e-01  6.52698113e-05 
 9.40000000e-01  6.91864349e-05 
 9.30000000e-01  7.32170748e-05 
 9.20000000e-01  7.73617309e-05 
 9.10000000e-01  8.16204032e-05 
 9.00000000e-01  8.59930917e-05 
 8.90000000e-01  9.04797964e-05 
 8.80000000e-01  9.50805173e-05 
 8.70000000e-01  9.97952545e-05 
 8.60000000e-01  1.04624008e-04 
 8.50000000e-01  1.09566777e-04 
 8.40000000e-01  1.14623563e-04 
 8.30000000e-01  1.19794365e-04 
 8.20000000e-01  1.25079183e-04 
 8.10000000e-01  1.30478018e-04 
 8.00000000e-01  1.35990868e-04 
 7.90000000e-01  1.41617735e-04 
 7.80000000e-01  1.47358618e-04 
 7.70000000e-01  1.53213517e-04 
 7.60000000e-01  1.59182433e-04 
 7.50000000e-01  1.65265364e-04 
 7.40000000e-01  1.71462312e-04 
 7.30000000e-01  1.77773276e-04 
 7.20000000e-01  1.84198257e-04 
 7.10000000e-01  1.90737253e-04 
 7.00000000e-01  1.97390266e-04 
 6.90000000e-01  2.04157295e-04 
 6.80000000e-01  2.11038340e-04 
 6.70000000e-01  2.18033401e-04 
 6.60000000e-01  2.25142479e-04 
 6.50000000e-01  2.32365572e-04 
 6.40000000e-01  2.39702682e-04 
 6.30000000e-01  2.47153809e-04 
 6.20000000e-01  2.54718951e-04 
 6.10000000e-01  2.62398110e-04 
 6.00000000e-01  2.70191284e-04 
 5.90000000e-01  2.78098475e-04 
 5.80000000e-01  2.86119683e-04 
 5.70000000e-01  2.94254906e-04 
 5.60000000e-01  3.02504146e-04 
 5.50000000e-01  3.10867401e-04 
 5.40000000e-01  3.19344674e-04 
 5.30000000e-01  3.27935962e-04 
 5.20000000e-01  3.36641266e-04 
 5.10000000e-01  3.45460587e-04 
 5.00000000e-01  3.54393924e-04 
 4.90000000e-01  3.63441277e-04 
 4.80000000e-01  3.72602646e-04 
 4.70000000e-01  3.81878032e-04 
 4.60000000e-01  3.91267434e-04 
 4.50000000e-01  4.00770851e-04 
 4.40000000e-01  4.10388286e-04 
 4.30000000e-01  4.20119736e-04 
 4.20000000e-01  4.29965203e-04 
 4.10000000e-01  4.39924685e-04 
 4.00000000e-01  4.49998184e-04 
 3.90000000e-01  4.60185700e-04 
 3.80000000e-01  4.70487231e-04 
 3.70000000e-01  4.80902779e-04 
 3.60000000e-01  4.91432342e-04 
 3.50000000e-01  5.02075922e-04 
 3.40000000e-01  5.12833519e-04 
 3.30000000e-01  5.23705131e-04 
 3.20000000e-01  5.34690760e-04 
 3.10000000e-01  5.45790405e-04 
 3.00000000e-01  5.57004066e-04 
 2.90000000e-01  5.68331743e-04 
 2.80000000e-01  5.79773437e-04 
 2.70000000e-01  5.91329146e-04 
 2.60000000e-01  6.02998872e-04 
 2.50000000e-01  6.14782614e-04 
 2.40000000e-01  6.26680373e-04 
 2.30000000e-01  6.38692147e-04 
 2.20000000e-01  6.50817938e-04 
 2.10000000e-01  6.63057745e-04 
 2.00000000e-01  6.75411568e-04 
 1.90000000e-01  6.87879408e-04 
 1.80000000e-01  7.00461263e-04 
 1.70000000e-01  7.13157135e-04 
 1.60000000e-01  7.25967023e-04 
 1.50000000e-01  7.38890927e-04 
 1.40000000e-01  7.51928848e-04 
 1.30000000e-01  7.65080784e-04 
 1.20000000e-01  7.78346737e-04 
 1.10000000e-01  7.91726706e-04 
 1.00000000e-01  8.05220692e-04 
 9.00000000e-02  8.18828693e-04 
 8.00000000e-02  8.32550711e-04 
 7.00000000e-02  8.46386745e-04 
 6.00000000e-02  8.60336795e-04 
 5.00000000e-02  8.74400861e-04 
 4.00000000e-02  8.88578944e-04 
 3.00000000e-02  9.02871042e-04 
 2.00000000e-02  9.17277157e-04 
 1.00000000e-02  9.31797289e-04 
-1.41900380e-15  9.46431436e-04 
