 1.80000000e+00  1.81000000e-12 
 1.79000000e+00  1.81000000e-12 
 1.78000000e+00  1.81000000e-12 
 1.77000000e+00  1.81000000e-12 
 1.76000000e+00  1.81000000e-12 
 1.75000000e+00  1.81000000e-12 
 1.74000000e+00  1.81000000e-12 
 1.73000000e+00  1.81000000e-12 
 1.72000000e+00  1.81000000e-12 
 1.71000000e+00  1.81000000e-12 
 1.70000000e+00  1.81000000e-12 
 1.69000000e+00  1.81000000e-12 
 1.68000000e+00  1.81000000e-12 
 1.67000000e+00  1.81000000e-12 
 1.66000000e+00  1.81000000e-12 
 1.65000000e+00  1.81000000e-12 
 1.64000000e+00  1.81000000e-12 
 1.63000000e+00  1.81000000e-12 
 1.62000000e+00  1.81000000e-12 
 1.61000000e+00  1.81000000e-12 
 1.60000000e+00  1.81000000e-12 
 1.59000000e+00  1.81000000e-12 
 1.58000000e+00  1.81000000e-12 
 1.57000000e+00  1.81000000e-12 
 1.56000000e+00  1.81000000e-12 
 1.55000000e+00  1.81000000e-12 
 1.54000000e+00  1.81000000e-12 
 1.53000000e+00  1.81000000e-12 
 1.52000000e+00  1.81000000e-12 
 1.51000000e+00  1.81000000e-12 
 1.50000000e+00  1.81000000e-12 
 1.49000000e+00  1.81000000e-12 
 1.48000000e+00  1.81000000e-12 
 1.47000000e+00  1.81000000e-12 
 1.46000000e+00  1.81000000e-12 
 1.45000000e+00  1.81000000e-12 
 1.44000000e+00  1.81000000e-12 
 1.43000000e+00  1.81000000e-12 
 1.42000000e+00  1.81000000e-12 
 1.41000000e+00  1.81000000e-12 
 1.40000000e+00  1.81000000e-12 
 1.39000000e+00  1.81000000e-12 
 1.38000000e+00  1.81000000e-12 
 1.37000000e+00  1.81000000e-12 
 1.36000000e+00  1.81000000e-12 
 1.35000000e+00  1.81000000e-12 
 1.34000000e+00  1.81000000e-12 
 1.33000000e+00  1.81000000e-12 
 1.32000000e+00  1.81000000e-12 
 1.31000000e+00  1.81000000e-12 
 1.30000000e+00  1.81000000e-12 
 1.29000000e+00  1.81000000e-12 
 1.28000000e+00  2.58319396e-08 
 1.27000000e+00  1.66269470e-07 
 1.26000000e+00  4.28766275e-07 
 1.25000000e+00  8.13322352e-07 
 1.24000000e+00  1.31993770e-06 
 1.23000000e+00  1.94861233e-06 
 1.22000000e+00  2.69934622e-06 
 1.21000000e+00  3.57213939e-06 
 1.20000000e+00  4.56699184e-06 
 1.19000000e+00  5.68390355e-06 
 1.18000000e+00  6.92287454e-06 
 1.17000000e+00  8.28390481e-06 
 1.16000000e+00  9.76699434e-06 
 1.15000000e+00  1.13721432e-05 
 1.14000000e+00  1.30993512e-05 
 1.13000000e+00  1.49486186e-05 
 1.12000000e+00  1.69199452e-05 
 1.11000000e+00  1.90133311e-05 
 1.10000000e+00  2.12287763e-05 
 1.09000000e+00  2.35662807e-05 
 1.08000000e+00  2.60258445e-05 
 1.07000000e+00  2.86074675e-05 
 1.06000000e+00  3.13111497e-05 
 1.05000000e+00  3.41368913e-05 
 1.04000000e+00  3.70846921e-05 
 1.03000000e+00  4.01545522e-05 
 1.02000000e+00  4.33464715e-05 
 1.01000000e+00  4.66604502e-05 
 1.00000000e+00  5.00964881e-05 
 9.90000000e-01  5.36545853e-05 
 9.80000000e-01  5.73347417e-05 
 9.70000000e-01  6.10759278e-05 
 9.60000000e-01  6.50002028e-05 
 9.50000000e-01  6.90465371e-05 
 9.40000000e-01  7.32149306e-05 
 9.30000000e-01  7.75053834e-05 
 9.20000000e-01  8.19178955e-05 
 9.10000000e-01  8.64524669e-05 
 9.00000000e-01  9.11090975e-05 
 8.90000000e-01  9.58877874e-05 
 8.80000000e-01  1.00788537e-04 
 8.70000000e-01  1.05811345e-04 
 8.60000000e-01  1.10956213e-04 
 8.50000000e-01  1.16223140e-04 
 8.40000000e-01  1.21612126e-04 
 8.30000000e-01  1.27123172e-04 
 8.20000000e-01  1.32756276e-04 
 8.10000000e-01  1.38511441e-04 
 8.00000000e-01  1.44388664e-04 
 7.90000000e-01  1.50387947e-04 
 7.80000000e-01  1.56509289e-04 
 7.70000000e-01  1.62752690e-04 
 7.60000000e-01  1.69118150e-04 
 7.50000000e-01  1.75605670e-04 
 7.40000000e-01  1.82215249e-04 
 7.30000000e-01  1.88946887e-04 
 7.20000000e-01  1.95800585e-04 
 7.10000000e-01  2.02776342e-04 
 7.00000000e-01  2.09874158e-04 
 6.90000000e-01  2.17094033e-04 
 6.80000000e-01  2.24435968e-04 
 6.70000000e-01  2.31899962e-04 
 6.60000000e-01  2.39486015e-04 
 6.50000000e-01  2.47194127e-04 
 6.40000000e-01  2.55024299e-04 
 6.30000000e-01  2.62976530e-04 
 6.20000000e-01  2.71050820e-04 
 6.10000000e-01  2.79247170e-04 
 6.00000000e-01  2.87565579e-04 
 5.90000000e-01  2.96006047e-04 
 5.80000000e-01  3.04568574e-04 
 5.70000000e-01  3.13253161e-04 
 5.60000000e-01  3.22059807e-04 
 5.50000000e-01  3.30988512e-04 
 5.40000000e-01  3.40039276e-04 
 5.30000000e-01  3.49212100e-04 
 5.20000000e-01  3.58506983e-04 
 5.10000000e-01  3.67923926e-04 
 5.00000000e-01  3.77462927e-04 
 4.90000000e-01  3.87123988e-04 
 4.80000000e-01  3.96907108e-04 
 4.70000000e-01  4.06812287e-04 
 4.60000000e-01  4.16839526e-04 
 4.50000000e-01  4.26988824e-04 
 4.40000000e-01  4.37260181e-04 
 4.30000000e-01  4.47653598e-04 
 4.20000000e-01  4.58169073e-04 
 4.10000000e-01  4.68806609e-04 
 4.00000000e-01  4.79566203e-04 
 3.90000000e-01  4.90447856e-04 
 3.80000000e-01  5.01451569e-04 
 3.70000000e-01  5.12577341e-04 
 3.60000000e-01  5.23825173e-04 
 3.50000000e-01  5.35195063e-04 
 3.40000000e-01  5.46687013e-04 
 3.30000000e-01  5.58301023e-04 
 3.20000000e-01  5.70037091e-04 
 3.10000000e-01  5.81895219e-04 
 3.00000000e-01  5.93875406e-04 
 2.90000000e-01  6.05977652e-04 
 2.80000000e-01  6.18201958e-04 
 2.70000000e-01  6.30548323e-04 
 2.60000000e-01  6.43016747e-04 
 2.50000000e-01  6.55607230e-04 
 2.40000000e-01  6.68319773e-04 
 2.30000000e-01  6.81154375e-04 
 2.20000000e-01  6.94111036e-04 
 2.10000000e-01  7.07189756e-04 
 2.00000000e-01  7.20390536e-04 
 1.90000000e-01  7.33713375e-04 
 1.80000000e-01  7.47158274e-04 
 1.70000000e-01  7.60725231e-04 
 1.60000000e-01  7.74414248e-04 
 1.50000000e-01  7.88225324e-04 
 1.40000000e-01  8.02158459e-04 
 1.30000000e-01  8.16213654e-04 
 1.20000000e-01  8.30390908e-04 
 1.10000000e-01  8.44690221e-04 
 1.00000000e-01  8.59111594e-04 
 9.00000000e-02  8.73655026e-04 
 8.00000000e-02  8.88320517e-04 
 7.00000000e-02  9.03108067e-04 
 6.00000000e-02  9.18017677e-04 
 5.00000000e-02  9.33049345e-04 
 4.00000000e-02  9.48203074e-04 
 3.00000000e-02  9.63478861e-04 
 2.00000000e-02  9.78876708e-04 
 1.00000000e-02  9.94396614e-04 
-1.41900380e-15  1.01003858e-03 
