 1.80000000e+00  1.81000000e-12 
 1.79000000e+00  1.81000000e-12 
 1.78000000e+00  1.81000000e-12 
 1.77000000e+00  1.81000000e-12 
 1.76000000e+00  1.81000000e-12 
 1.75000000e+00  1.81000000e-12 
 1.74000000e+00  1.81000000e-12 
 1.73000000e+00  1.81000000e-12 
 1.72000000e+00  1.81000000e-12 
 1.71000000e+00  1.81000000e-12 
 1.70000000e+00  1.81000000e-12 
 1.69000000e+00  1.81000000e-12 
 1.68000000e+00  1.81000000e-12 
 1.67000000e+00  1.81000000e-12 
 1.66000000e+00  1.81000000e-12 
 1.65000000e+00  1.81000000e-12 
 1.64000000e+00  1.81000000e-12 
 1.63000000e+00  1.81000000e-12 
 1.62000000e+00  1.81000000e-12 
 1.61000000e+00  1.81000000e-12 
 1.60000000e+00  1.81000000e-12 
 1.59000000e+00  1.81000000e-12 
 1.58000000e+00  1.81000000e-12 
 1.57000000e+00  1.81000000e-12 
 1.56000000e+00  1.81000000e-12 
 1.55000000e+00  1.81000000e-12 
 1.54000000e+00  1.81000000e-12 
 1.53000000e+00  1.81000000e-12 
 1.52000000e+00  1.81000000e-12 
 1.51000000e+00  1.81000000e-12 
 1.50000000e+00  1.81000000e-12 
 1.49000000e+00  1.81000000e-12 
 1.48000000e+00  1.81000000e-12 
 1.47000000e+00  1.81000000e-12 
 1.46000000e+00  1.81000000e-12 
 1.45000000e+00  1.81000000e-12 
 1.44000000e+00  1.81000000e-12 
 1.43000000e+00  1.81000000e-12 
 1.42000000e+00  1.81000000e-12 
 1.41000000e+00  1.81000000e-12 
 1.40000000e+00  1.81000000e-12 
 1.39000000e+00  1.81000000e-12 
 1.38000000e+00  1.81000000e-12 
 1.37000000e+00  1.81000000e-12 
 1.36000000e+00  1.81000000e-12 
 1.35000000e+00  1.81000000e-12 
 1.34000000e+00  1.81000000e-12 
 1.33000000e+00  1.81000000e-12 
 1.32000000e+00  1.81000000e-12 
 1.31000000e+00  1.73243584e-08 
 1.30000000e+00  1.39603860e-07 
 1.29000000e+00  3.79029196e-07 
 1.28000000e+00  7.35600367e-07 
 1.27000000e+00  1.20931737e-06 
 1.26000000e+00  1.80018021e-06 
 1.25000000e+00  2.50818889e-06 
 1.24000000e+00  3.33334340e-06 
 1.23000000e+00  4.27564375e-06 
 1.22000000e+00  5.33508993e-06 
 1.21000000e+00  6.51168195e-06 
 1.20000000e+00  7.80541980e-06 
 1.19000000e+00  9.21630348e-06 
 1.18000000e+00  1.07443330e-05 
 1.17000000e+00  1.23895084e-05 
 1.16000000e+00  1.41518296e-05 
 1.15000000e+00  1.60312966e-05 
 1.14000000e+00  1.80279094e-05 
 1.13000000e+00  2.01416681e-05 
 1.12000000e+00  2.23725727e-05 
 1.11000000e+00  2.47206230e-05 
 1.10000000e+00  2.71858192e-05 
 1.09000000e+00  2.97681613e-05 
 1.08000000e+00  3.24676491e-05 
 1.07000000e+00  3.52842829e-05 
 1.06000000e+00  3.82180624e-05 
 1.05000000e+00  4.12689878e-05 
 1.04000000e+00  4.44370590e-05 
 1.03000000e+00  4.77222760e-05 
 1.02000000e+00  5.11246389e-05 
 1.01000000e+00  5.46441476e-05 
 1.00000000e+00  5.82808022e-05 
 9.90000000e-01  6.19760297e-05 
 9.80000000e-01  6.58469759e-05 
 9.70000000e-01  6.98350679e-05 
 9.60000000e-01  7.39403058e-05 
 9.50000000e-01  7.81626896e-05 
 9.40000000e-01  8.25022191e-05 
 9.30000000e-01  8.69588945e-05 
 9.20000000e-01  9.15327157e-05 
 9.10000000e-01  9.62236828e-05 
 9.00000000e-01  1.01031796e-04 
 8.90000000e-01  1.05957054e-04 
 8.80000000e-01  1.10999459e-04 
 8.70000000e-01  1.16159009e-04 
 8.60000000e-01  1.21435706e-04 
 8.50000000e-01  1.26829548e-04 
 8.40000000e-01  1.32340536e-04 
 8.30000000e-01  1.37968669e-04 
 8.20000000e-01  1.43713949e-04 
 8.10000000e-01  1.49576374e-04 
 8.00000000e-01  1.55555946e-04 
 7.90000000e-01  1.61652663e-04 
 7.80000000e-01  1.67866526e-04 
 7.70000000e-01  1.74197534e-04 
 7.60000000e-01  1.80645689e-04 
 7.50000000e-01  1.87210989e-04 
 7.40000000e-01  1.93893436e-04 
 7.30000000e-01  2.00693028e-04 
 7.20000000e-01  2.07609766e-04 
 7.10000000e-01  2.14643650e-04 
 7.00000000e-01  2.21794679e-04 
 6.90000000e-01  2.29062855e-04 
 6.80000000e-01  2.36448176e-04 
 6.70000000e-01  2.43950643e-04 
 6.60000000e-01  2.51570256e-04 
 6.50000000e-01  2.59307015e-04 
 6.40000000e-01  2.67160919e-04 
 6.30000000e-01  2.75131970e-04 
 6.20000000e-01  2.83220166e-04 
 6.10000000e-01  2.91425508e-04 
 6.00000000e-01  2.99747996e-04 
 5.90000000e-01  3.08187630e-04 
 5.80000000e-01  3.16744410e-04 
 5.70000000e-01  3.25418335e-04 
 5.60000000e-01  3.34209406e-04 
 5.50000000e-01  3.43117623e-04 
 5.40000000e-01  3.52142986e-04 
 5.30000000e-01  3.61285495e-04 
 5.20000000e-01  3.70545150e-04 
 5.10000000e-01  3.79921950e-04 
 5.00000000e-01  3.89415897e-04 
 4.90000000e-01  3.99026989e-04 
 4.80000000e-01  4.08755227e-04 
 4.70000000e-01  4.18600610e-04 
 4.60000000e-01  4.28563140e-04 
 4.50000000e-01  4.38642816e-04 
 4.40000000e-01  4.48839637e-04 
 4.30000000e-01  4.59153604e-04 
 4.20000000e-01  4.69584717e-04 
 4.10000000e-01  4.80132976e-04 
 4.00000000e-01  4.90798381e-04 
 3.90000000e-01  5.01580931e-04 
 3.80000000e-01  5.12480627e-04 
 3.70000000e-01  5.23497470e-04 
 3.60000000e-01  5.34631457e-04 
 3.50000000e-01  5.45882591e-04 
 3.40000000e-01  5.57250871e-04 
 3.30000000e-01  5.68736296e-04 
 3.20000000e-01  5.80338868e-04 
 3.10000000e-01  5.92058585e-04 
 3.00000000e-01  6.03895448e-04 
 2.90000000e-01  6.15849457e-04 
 2.80000000e-01  6.27920612e-04 
 2.70000000e-01  6.40108912e-04 
 2.60000000e-01  6.52414358e-04 
 2.50000000e-01  6.64836951e-04 
 2.40000000e-01  6.77376689e-04 
 2.30000000e-01  6.90033572e-04 
 2.20000000e-01  7.02807602e-04 
 2.10000000e-01  7.15698778e-04 
 2.00000000e-01  7.28707099e-04 
 1.90000000e-01  7.41832566e-04 
 1.80000000e-01  7.55075179e-04 
 1.70000000e-01  7.68434938e-04 
 1.60000000e-01  7.81911843e-04 
 1.50000000e-01  7.95505893e-04 
 1.40000000e-01  8.09217090e-04 
 1.30000000e-01  8.23045432e-04 
 1.20000000e-01  8.36990920e-04 
 1.10000000e-01  8.51053554e-04 
 1.00000000e-01  8.65233333e-04 
 9.00000000e-02  8.79530259e-04 
 8.00000000e-02  8.93944330e-04 
 7.00000000e-02  9.08475548e-04 
 6.00000000e-02  9.23123911e-04 
 5.00000000e-02  9.37889420e-04 
 4.00000000e-02  9.52772074e-04 
 3.00000000e-02  9.67771875e-04 
 2.00000000e-02  9.82888821e-04 
 1.00000000e-02  9.98122913e-04 
-1.41900380e-15  1.01347415e-03 
