 1.80000000e+00  1.81000000e-12 
 1.79000000e+00  1.81000000e-12 
 1.78000000e+00  1.81000000e-12 
 1.77000000e+00  1.81000000e-12 
 1.76000000e+00  1.81000000e-12 
 1.75000000e+00  1.81000000e-12 
 1.74000000e+00  1.81000000e-12 
 1.73000000e+00  1.81000000e-12 
 1.72000000e+00  1.81000000e-12 
 1.71000000e+00  1.81000000e-12 
 1.70000000e+00  1.81000000e-12 
 1.69000000e+00  1.81000000e-12 
 1.68000000e+00  1.81000000e-12 
 1.67000000e+00  1.81000000e-12 
 1.66000000e+00  1.81000000e-12 
 1.65000000e+00  1.81000000e-12 
 1.64000000e+00  1.81000000e-12 
 1.63000000e+00  1.81000000e-12 
 1.62000000e+00  1.81000000e-12 
 1.61000000e+00  1.81000000e-12 
 1.60000000e+00  1.81000000e-12 
 1.59000000e+00  1.81000000e-12 
 1.58000000e+00  1.81000000e-12 
 1.57000000e+00  1.81000000e-12 
 1.56000000e+00  1.81000000e-12 
 1.55000000e+00  1.81000000e-12 
 1.54000000e+00  1.81000000e-12 
 1.53000000e+00  1.81000000e-12 
 1.52000000e+00  1.81000000e-12 
 1.51000000e+00  1.81000000e-12 
 1.50000000e+00  1.81000000e-12 
 1.49000000e+00  1.81000000e-12 
 1.48000000e+00  1.81000000e-12 
 1.47000000e+00  1.81000000e-12 
 1.46000000e+00  1.81000000e-12 
 1.45000000e+00  1.81000000e-12 
 1.44000000e+00  1.81000000e-12 
 1.43000000e+00  1.81000000e-12 
 1.42000000e+00  1.81000000e-12 
 1.41000000e+00  1.81000000e-12 
 1.40000000e+00  1.81000000e-12 
 1.39000000e+00  1.81000000e-12 
 1.38000000e+00  1.81000000e-12 
 1.37000000e+00  1.81000000e-12 
 1.36000000e+00  1.81000000e-12 
 1.35000000e+00  1.81000000e-12 
 1.34000000e+00  1.81000000e-12 
 1.33000000e+00  1.81000000e-12 
 1.32000000e+00  1.81000000e-12 
 1.31000000e+00  1.81000000e-12 
 1.30000000e+00  1.81000000e-12 
 1.29000000e+00  5.76135493e-08 
 1.28000000e+00  2.37234020e-07 
 1.27000000e+00  5.38912445e-07 
 1.26000000e+00  9.62648826e-07 
 1.25000000e+00  1.50844316e-06 
 1.24000000e+00  2.17629545e-06 
 1.23000000e+00  2.96620570e-06 
 1.22000000e+00  3.87817390e-06 
 1.21000000e+00  4.91220006e-06 
 1.20000000e+00  6.06828417e-06 
 1.19000000e+00  7.34642623e-06 
 1.18000000e+00  8.74662625e-06 
 1.17000000e+00  1.02688842e-05 
 1.16000000e+00  1.19132002e-05 
 1.15000000e+00  1.36795740e-05 
 1.14000000e+00  1.55680059e-05 
 1.13000000e+00  1.75784957e-05 
 1.12000000e+00  1.97110434e-05 
 1.11000000e+00  2.19656491e-05 
 1.10000000e+00  2.43423128e-05 
 1.09000000e+00  2.68410344e-05 
 1.08000000e+00  2.94618140e-05 
 1.07000000e+00  3.22046515e-05 
 1.06000000e+00  3.50695470e-05 
 1.05000000e+00  3.80565004e-05 
 1.04000000e+00  4.11655118e-05 
 1.03000000e+00  4.43965812e-05 
 1.02000000e+00  4.77497085e-05 
 1.01000000e+00  5.12248938e-05 
 1.00000000e+00  5.48221370e-05 
 9.90000000e-01  5.85414381e-05 
 9.80000000e-01  6.23217683e-05 
 9.70000000e-01  6.62851854e-05 
 9.60000000e-01  7.03706604e-05 
 9.50000000e-01  7.45781934e-05 
 9.40000000e-01  7.89077843e-05 
 9.30000000e-01  8.33594332e-05 
 9.20000000e-01  8.79331401e-05 
 9.10000000e-01  9.26289049e-05 
 9.00000000e-01  9.74467277e-05 
 8.90000000e-01  1.02386608e-04 
 8.80000000e-01  1.07448547e-04 
 8.70000000e-01  1.12632544e-04 
 8.60000000e-01  1.17938598e-04 
 8.50000000e-01  1.23366711e-04 
 8.40000000e-01  1.28916881e-04 
 8.30000000e-01  1.34589110e-04 
 8.20000000e-01  1.40383396e-04 
 8.10000000e-01  1.46299741e-04 
 8.00000000e-01  1.52338143e-04 
 7.90000000e-01  1.58498603e-04 
 7.80000000e-01  1.64781121e-04 
 7.70000000e-01  1.71185698e-04 
 7.60000000e-01  1.77712332e-04 
 7.50000000e-01  1.84361024e-04 
 7.40000000e-01  1.91131774e-04 
 7.30000000e-01  1.98024582e-04 
 7.20000000e-01  2.05039448e-04 
 7.10000000e-01  2.12176372e-04 
 7.00000000e-01  2.19435354e-04 
 6.90000000e-01  2.26816393e-04 
 6.80000000e-01  2.34319491e-04 
 6.70000000e-01  2.41944647e-04 
 6.60000000e-01  2.49691861e-04 
 6.50000000e-01  2.57561132e-04 
 6.40000000e-01  2.65552462e-04 
 6.30000000e-01  2.73665849e-04 
 6.20000000e-01  2.81901295e-04 
 6.10000000e-01  2.90258798e-04 
 6.00000000e-01  2.98738360e-04 
 5.90000000e-01  3.07339979e-04 
 5.80000000e-01  3.16063656e-04 
 5.70000000e-01  3.24909392e-04 
 5.60000000e-01  3.33877185e-04 
 5.50000000e-01  3.42967036e-04 
 5.40000000e-01  3.52178945e-04 
 5.30000000e-01  3.61512912e-04 
 5.20000000e-01  3.70968937e-04 
 5.10000000e-01  3.80547020e-04 
 5.00000000e-01  3.90247161e-04 
 4.90000000e-01  4.00069360e-04 
 4.80000000e-01  4.10013617e-04 
 4.70000000e-01  4.20079932e-04 
 4.60000000e-01  4.30268305e-04 
 4.50000000e-01  4.40578736e-04 
 4.40000000e-01  4.51011224e-04 
 4.30000000e-01  4.61565771e-04 
 4.20000000e-01  4.72242376e-04 
 4.10000000e-01  4.83041038e-04 
 4.00000000e-01  4.93961759e-04 
 3.90000000e-01  5.05004537e-04 
 3.80000000e-01  5.16169374e-04 
 3.70000000e-01  5.27456268e-04 
 3.60000000e-01  5.38865220e-04 
 3.50000000e-01  5.50396231e-04 
 3.40000000e-01  5.62049299e-04 
 3.30000000e-01  5.73824425e-04 
 3.20000000e-01  5.85721609e-04 
 3.10000000e-01  5.97740851e-04 
 3.00000000e-01  6.09882151e-04 
 2.90000000e-01  6.22145509e-04 
 2.80000000e-01  6.34530925e-04 
 2.70000000e-01  6.47038399e-04 
 2.60000000e-01  6.59667931e-04 
 2.50000000e-01  6.72419521e-04 
 2.40000000e-01  6.85293169e-04 
 2.30000000e-01  6.98288875e-04 
 2.20000000e-01  7.11406638e-04 
 2.10000000e-01  7.24646460e-04 
 2.00000000e-01  7.38008340e-04 
 1.90000000e-01  7.51492277e-04 
 1.80000000e-01  7.65098273e-04 
 1.70000000e-01  7.78826326e-04 
 1.60000000e-01  7.92676438e-04 
 1.50000000e-01  8.06648607e-04 
 1.40000000e-01  8.20742834e-04 
 1.30000000e-01  8.34959120e-04 
 1.20000000e-01  8.49297463e-04 
 1.10000000e-01  8.63757864e-04 
 1.00000000e-01  8.78340323e-04 
 9.00000000e-02  8.93044841e-04 
 8.00000000e-02  9.07871416e-04 
 7.00000000e-02  9.22820049e-04 
 6.00000000e-02  9.37890740e-04 
 5.00000000e-02  9.53083489e-04 
 4.00000000e-02  9.68398295e-04 
 3.00000000e-02  9.83835160e-04 
 2.00000000e-02  9.99394083e-04 
 1.00000000e-02  1.01507506e-03 
-1.41900380e-15  1.03087810e-03 
