 0.00000000e+00  1.81000000e-12 
 1.00000000e-02  1.81000000e-12 
 2.00000000e-02  1.81000000e-12 
 3.00000000e-02  1.81000000e-12 
 4.00000000e-02  1.81000000e-12 
 5.00000000e-02  1.81000000e-12 
 6.00000000e-02  1.81000000e-12 
 7.00000000e-02  1.81000000e-12 
 8.00000000e-02  1.81000000e-12 
 9.00000000e-02  1.81000000e-12 
 1.00000000e-01  1.81000000e-12 
 1.10000000e-01  1.81000000e-12 
 1.20000000e-01  1.81000000e-12 
 1.30000000e-01  1.81000000e-12 
 1.40000000e-01  1.81000000e-12 
 1.50000000e-01  1.81000000e-12 
 1.60000000e-01  1.81000000e-12 
 1.70000000e-01  1.81000000e-12 
 1.80000000e-01  1.81000000e-12 
 1.90000000e-01  1.81000000e-12 
 2.00000000e-01  1.81000000e-12 
 2.10000000e-01  1.81000000e-12 
 2.20000000e-01  1.81000000e-12 
 2.30000000e-01  1.81000000e-12 
 2.40000000e-01  1.81000000e-12 
 2.50000000e-01  1.81000000e-12 
 2.60000000e-01  1.81000000e-12 
 2.70000000e-01  1.81000000e-12 
 2.80000000e-01  1.81000000e-12 
 2.90000000e-01  1.81000000e-12 
 3.00000000e-01  1.81000000e-12 
 3.10000000e-01  1.81000000e-12 
 3.20000000e-01  1.81000000e-12 
 3.30000000e-01  1.81000000e-12 
 3.40000000e-01  1.81000000e-12 
 3.50000000e-01  1.81000000e-12 
 3.60000000e-01  1.81000000e-12 
 3.70000000e-01  1.81000000e-12 
 3.80000000e-01  1.81000000e-12 
 3.90000000e-01  1.81000000e-12 
 4.00000000e-01  1.81000000e-12 
 4.10000000e-01  1.81000000e-12 
 4.20000000e-01  1.81000000e-12 
 4.30000000e-01  1.81000000e-12 
 4.40000000e-01  1.81000000e-12 
 4.50000000e-01  1.81000000e-12 
 4.60000000e-01  1.81000000e-12 
 4.70000000e-01  5.25638022e-08 
 4.80000000e-01  2.21402346e-07 
 4.90000000e-01  5.06661540e-07 
 5.00000000e-01  9.08341384e-07 
 5.10000000e-01  1.42644188e-06 
 5.20000000e-01  2.06096303e-06 
 5.30000000e-01  2.81190482e-06 
 5.40000000e-01  3.67926727e-06 
 5.50000000e-01  4.66305037e-06 
 5.60000000e-01  5.76325412e-06 
 5.70000000e-01  6.97987851e-06 
 5.80000000e-01  8.31292356e-06 
 5.90000000e-01  9.76238926e-06 
 6.00000000e-01  1.13282756e-05 
 6.10000000e-01  1.30105826e-05 
 6.20000000e-01  1.48093103e-05 
 6.30000000e-01  1.67244586e-05 
 6.40000000e-01  1.87560275e-05 
 6.50000000e-01  2.09040171e-05 
 6.60000000e-01  2.31684274e-05 
 6.70000000e-01  2.55492583e-05 
 6.80000000e-01  2.80465098e-05 
 6.90000000e-01  3.06601820e-05 
 7.00000000e-01  3.33902749e-05 
 7.10000000e-01  3.62367884e-05 
 7.20000000e-01  3.91997226e-05 
 7.30000000e-01  4.22790774e-05 
 7.40000000e-01  4.54748528e-05 
 7.50000000e-01  4.87870489e-05 
 7.60000000e-01  5.22156657e-05 
 7.70000000e-01  5.57607031e-05 
 7.80000000e-01  5.93639509e-05 
 7.90000000e-01  6.31418296e-05 
 8.00000000e-01  6.70361289e-05 
 8.10000000e-01  7.10468489e-05 
 8.20000000e-01  7.51739896e-05 
 8.30000000e-01  7.94175509e-05 
 8.40000000e-01  8.37775329e-05 
 8.50000000e-01  8.82539355e-05 
 8.60000000e-01  9.28467588e-05 
 8.70000000e-01  9.75560027e-05 
 8.80000000e-01  1.02381667e-04 
 8.90000000e-01  1.07323752e-04 
 9.00000000e-01  1.12382258e-04 
 9.10000000e-01  1.17557185e-04 
 9.20000000e-01  1.22848532e-04 
 9.30000000e-01  1.28256300e-04 
 9.40000000e-01  1.33780488e-04 
 9.50000000e-01  1.39421097e-04 
 9.60000000e-01  1.45178127e-04 
 9.70000000e-01  1.51051578e-04 
 9.80000000e-01  1.57041449e-04 
 9.90000000e-01  1.63147740e-04 
 1.00000000e+00  1.69370453e-04 
 1.01000000e+00  1.75709586e-04 
 1.02000000e+00  1.82165140e-04 
 1.03000000e+00  1.88737114e-04 
 1.04000000e+00  1.95425509e-04 
 1.05000000e+00  2.02230324e-04 
 1.06000000e+00  2.09151561e-04 
 1.07000000e+00  2.16189218e-04 
 1.08000000e+00  2.23343295e-04 
 1.09000000e+00  2.30613793e-04 
 1.10000000e+00  2.38000712e-04 
 1.11000000e+00  2.45504052e-04 
 1.12000000e+00  2.53123812e-04 
 1.13000000e+00  2.60859993e-04 
 1.14000000e+00  2.68712594e-04 
 1.15000000e+00  2.76681617e-04 
 1.16000000e+00  2.84767059e-04 
 1.17000000e+00  2.92968923e-04 
 1.18000000e+00  3.01287207e-04 
 1.19000000e+00  3.09721912e-04 
 1.20000000e+00  3.18273037e-04 
 1.21000000e+00  3.26940583e-04 
 1.22000000e+00  3.35724550e-04 
 1.23000000e+00  3.44624937e-04 
 1.24000000e+00  3.53641745e-04 
 1.25000000e+00  3.62774974e-04 
 1.26000000e+00  3.72024623e-04 
 1.27000000e+00  3.81390693e-04 
 1.28000000e+00  3.90873183e-04 
 1.29000000e+00  4.00472095e-04 
 1.30000000e+00  4.10187427e-04 
 1.31000000e+00  4.20019179e-04 
 1.32000000e+00  4.29967352e-04 
 1.33000000e+00  4.40031946e-04 
 1.34000000e+00  4.50212961e-04 
 1.35000000e+00  4.60510396e-04 
 1.36000000e+00  4.70924252e-04 
 1.37000000e+00  4.81454528e-04 
 1.38000000e+00  4.92101225e-04 
 1.39000000e+00  5.02864343e-04 
 1.40000000e+00  5.13743881e-04 
 1.41000000e+00  5.24739840e-04 
 1.42000000e+00  5.35852220e-04 
 1.43000000e+00  5.47081020e-04 
 1.44000000e+00  5.58426241e-04 
 1.45000000e+00  5.69887883e-04 
 1.46000000e+00  5.81465945e-04 
 1.47000000e+00  5.93160428e-04 
 1.48000000e+00  6.04971332e-04 
 1.49000000e+00  6.16898656e-04 
 1.50000000e+00  6.28942401e-04 
 1.51000000e+00  6.41102567e-04 
 1.52000000e+00  6.53379153e-04 
 1.53000000e+00  6.65772160e-04 
 1.54000000e+00  6.78281587e-04 
 1.55000000e+00  6.90907435e-04 
 1.56000000e+00  7.03649704e-04 
 1.57000000e+00  7.16508394e-04 
 1.58000000e+00  7.29483504e-04 
 1.59000000e+00  7.42575035e-04 
 1.60000000e+00  7.55782986e-04 
 1.61000000e+00  7.69107358e-04 
 1.62000000e+00  7.82548151e-04 
 1.63000000e+00  7.96105364e-04 
 1.64000000e+00  8.09778998e-04 
 1.65000000e+00  8.23569053e-04 
 1.66000000e+00  8.37475528e-04 
 1.67000000e+00  8.51498424e-04 
 1.68000000e+00  8.65637741e-04 
 1.69000000e+00  8.79893478e-04 
 1.70000000e+00  8.94265636e-04 
 1.71000000e+00  9.08754214e-04 
 1.72000000e+00  9.23359214e-04 
 1.73000000e+00  9.38080633e-04 
 1.74000000e+00  9.52918474e-04 
 1.75000000e+00  9.67872735e-04 
 1.76000000e+00  9.82943417e-04 
 1.77000000e+00  9.98130519e-04 
 1.78000000e+00  1.01343404e-03 
 1.79000000e+00  1.02885399e-03 
 1.80000000e+00  1.04439035e-03 
