 0.00000000e+00  1.81000000e-12 
 1.00000000e-02  1.81000000e-12 
 2.00000000e-02  1.81000000e-12 
 3.00000000e-02  1.81000000e-12 
 4.00000000e-02  1.81000000e-12 
 5.00000000e-02  1.81000000e-12 
 6.00000000e-02  1.81000000e-12 
 7.00000000e-02  1.81000000e-12 
 8.00000000e-02  1.81000000e-12 
 9.00000000e-02  1.81000000e-12 
 1.00000000e-01  1.81000000e-12 
 1.10000000e-01  1.81000000e-12 
 1.20000000e-01  1.81000000e-12 
 1.30000000e-01  1.81000000e-12 
 1.40000000e-01  1.81000000e-12 
 1.50000000e-01  1.81000000e-12 
 1.60000000e-01  1.81000000e-12 
 1.70000000e-01  1.81000000e-12 
 1.80000000e-01  1.81000000e-12 
 1.90000000e-01  1.81000000e-12 
 2.00000000e-01  1.81000000e-12 
 2.10000000e-01  1.81000000e-12 
 2.20000000e-01  1.81000000e-12 
 2.30000000e-01  1.81000000e-12 
 2.40000000e-01  1.81000000e-12 
 2.50000000e-01  1.81000000e-12 
 2.60000000e-01  1.81000000e-12 
 2.70000000e-01  1.81000000e-12 
 2.80000000e-01  1.81000000e-12 
 2.90000000e-01  1.81000000e-12 
 3.00000000e-01  1.81000000e-12 
 3.10000000e-01  1.81000000e-12 
 3.20000000e-01  1.81000000e-12 
 3.30000000e-01  1.81000000e-12 
 3.40000000e-01  1.81000000e-12 
 3.50000000e-01  1.81000000e-12 
 3.60000000e-01  1.81000000e-12 
 3.70000000e-01  1.81000000e-12 
 3.80000000e-01  1.81000000e-12 
 3.90000000e-01  1.81000000e-12 
 4.00000000e-01  1.81000000e-12 
 4.10000000e-01  1.81000000e-12 
 4.20000000e-01  1.81000000e-12 
 4.30000000e-01  1.81000000e-12 
 4.40000000e-01  1.81000000e-12 
 4.50000000e-01  1.81000000e-12 
 4.60000000e-01  1.81000000e-12 
 4.70000000e-01  1.81000000e-12 
 4.80000000e-01  3.33620698e-09 
 4.90000000e-01  9.24850071e-08 
 5.00000000e-01  3.03026479e-07 
 5.10000000e-01  6.34960623e-07 
 5.20000000e-01  1.08828744e-06 
 5.30000000e-01  1.66300693e-06 
 5.40000000e-01  2.35911909e-06 
 5.50000000e-01  3.17662392e-06 
 5.60000000e-01  4.11552142e-06 
 5.70000000e-01  5.17581160e-06 
 5.80000000e-01  6.35749444e-06 
 5.90000000e-01  7.66056996e-06 
 6.00000000e-01  9.08503816e-06 
 6.10000000e-01  1.06308990e-05 
 6.20000000e-01  1.22981526e-05 
 6.30000000e-01  1.40867988e-05 
 6.40000000e-01  1.59968376e-05 
 6.50000000e-01  1.80282692e-05 
 6.60000000e-01  2.01810934e-05 
 6.70000000e-01  2.24553103e-05 
 6.80000000e-01  2.48509199e-05 
 6.90000000e-01  2.73679221e-05 
 7.00000000e-01  3.00063170e-05 
 7.10000000e-01  3.27661046e-05 
 7.20000000e-01  3.56472849e-05 
 7.30000000e-01  3.86498578e-05 
 7.40000000e-01  4.17738234e-05 
 7.50000000e-01  4.50191817e-05 
 7.60000000e-01  4.83859326e-05 
 7.70000000e-01  5.18740762e-05 
 7.80000000e-01  5.54836125e-05 
 7.90000000e-01  5.92145415e-05 
 8.00000000e-01  6.30061667e-05 
 8.10000000e-01  6.69798811e-05 
 8.20000000e-01  7.10749880e-05 
 8.30000000e-01  7.52914877e-05 
 8.40000000e-01  7.96293800e-05 
 8.50000000e-01  8.40886650e-05 
 8.60000000e-01  8.86693426e-05 
 8.70000000e-01  9.33714130e-05 
 8.80000000e-01  9.81948760e-05 
 8.90000000e-01  1.03139732e-04 
 9.00000000e-01  1.08205980e-04 
 9.10000000e-01  1.13393621e-04 
 9.20000000e-01  1.18702655e-04 
 9.30000000e-01  1.24133081e-04 
 9.40000000e-01  1.29684900e-04 
 9.50000000e-01  1.35358112e-04 
 9.60000000e-01  1.41152716e-04 
 9.70000000e-01  1.47068713e-04 
 9.80000000e-01  1.53106103e-04 
 9.90000000e-01  1.59264885e-04 
 1.00000000e+00  1.65545060e-04 
 1.01000000e+00  1.71946628e-04 
 1.02000000e+00  1.78469589e-04 
 1.03000000e+00  1.85113942e-04 
 1.04000000e+00  1.91879687e-04 
 1.05000000e+00  1.98766826e-04 
 1.06000000e+00  2.05775357e-04 
 1.07000000e+00  2.12905281e-04 
 1.08000000e+00  2.20156597e-04 
 1.09000000e+00  2.27529306e-04 
 1.10000000e+00  2.35023408e-04 
 1.11000000e+00  2.42638903e-04 
 1.12000000e+00  2.50375790e-04 
 1.13000000e+00  2.58234069e-04 
 1.14000000e+00  2.66213742e-04 
 1.15000000e+00  2.74314807e-04 
 1.16000000e+00  2.82537265e-04 
 1.17000000e+00  2.90881115e-04 
 1.18000000e+00  2.99346359e-04 
 1.19000000e+00  3.07932994e-04 
 1.20000000e+00  3.16641023e-04 
 1.21000000e+00  3.25470444e-04 
 1.22000000e+00  3.34421258e-04 
 1.23000000e+00  3.43493464e-04 
 1.24000000e+00  3.52687064e-04 
 1.25000000e+00  3.62002056e-04 
 1.26000000e+00  3.71438440e-04 
 1.27000000e+00  3.80996217e-04 
 1.28000000e+00  3.90675387e-04 
 1.29000000e+00  4.00475950e-04 
 1.30000000e+00  4.10397905e-04 
 1.31000000e+00  4.20441253e-04 
 1.32000000e+00  4.30605993e-04 
 1.33000000e+00  4.40892127e-04 
 1.34000000e+00  4.51299653e-04 
 1.35000000e+00  4.61828571e-04 
 1.36000000e+00  4.72478882e-04 
 1.37000000e+00  4.83250586e-04 
 1.38000000e+00  4.94143683e-04 
 1.39000000e+00  5.05158172e-04 
 1.40000000e+00  5.16294054e-04 
 1.41000000e+00  5.27551329e-04 
 1.42000000e+00  5.38929996e-04 
 1.43000000e+00  5.50430056e-04 
 1.44000000e+00  5.62051509e-04 
 1.45000000e+00  5.73794354e-04 
 1.46000000e+00  5.85658592e-04 
 1.47000000e+00  5.97644223e-04 
 1.48000000e+00  6.09751246e-04 
 1.49000000e+00  6.21979662e-04 
 1.50000000e+00  6.34329471e-04 
 1.51000000e+00  6.46800672e-04 
 1.52000000e+00  6.59393266e-04 
 1.53000000e+00  6.72107253e-04 
 1.54000000e+00  6.84942632e-04 
 1.55000000e+00  6.97899404e-04 
 1.56000000e+00  7.10977569e-04 
 1.57000000e+00  7.24177126e-04 
 1.58000000e+00  7.37498076e-04 
 1.59000000e+00  7.50940419e-04 
 1.60000000e+00  7.64504154e-04 
 1.61000000e+00  7.78189282e-04 
 1.62000000e+00  7.91995803e-04 
 1.63000000e+00  8.05923716e-04 
 1.64000000e+00  8.19973022e-04 
 1.65000000e+00  8.34143721e-04 
 1.66000000e+00  8.48435813e-04 
 1.67000000e+00  8.62849297e-04 
 1.68000000e+00  8.77384173e-04 
 1.69000000e+00  8.92040443e-04 
 1.70000000e+00  9.06818105e-04 
 1.71000000e+00  9.21717160e-04 
 1.72000000e+00  9.36737607e-04 
 1.73000000e+00  9.51879447e-04 
 1.74000000e+00  9.67142680e-04 
 1.75000000e+00  9.82527306e-04 
 1.76000000e+00  9.98033324e-04 
 1.77000000e+00  1.01366073e-03 
 1.78000000e+00  1.02940954e-03 
 1.79000000e+00  1.04527973e-03 
 1.80000000e+00  1.06127132e-03 
