 0.00000000e+00  1.81000000e-12 
 1.00000000e-02  1.81000000e-12 
 2.00000000e-02  1.81000000e-12 
 3.00000000e-02  1.81000000e-12 
 4.00000000e-02  1.81000000e-12 
 5.00000000e-02  1.81000000e-12 
 6.00000000e-02  1.81000000e-12 
 7.00000000e-02  1.81000000e-12 
 8.00000000e-02  1.81000000e-12 
 9.00000000e-02  1.81000000e-12 
 1.00000000e-01  1.81000000e-12 
 1.10000000e-01  1.81000000e-12 
 1.20000000e-01  1.81000000e-12 
 1.30000000e-01  1.81000000e-12 
 1.40000000e-01  1.81000000e-12 
 1.50000000e-01  1.81000000e-12 
 1.60000000e-01  1.81000000e-12 
 1.70000000e-01  1.81000000e-12 
 1.80000000e-01  1.81000000e-12 
 1.90000000e-01  1.81000000e-12 
 2.00000000e-01  1.81000000e-12 
 2.10000000e-01  1.81000000e-12 
 2.20000000e-01  1.81000000e-12 
 2.30000000e-01  1.81000000e-12 
 2.40000000e-01  1.81000000e-12 
 2.50000000e-01  1.81000000e-12 
 2.60000000e-01  1.81000000e-12 
 2.70000000e-01  1.81000000e-12 
 2.80000000e-01  1.81000000e-12 
 2.90000000e-01  1.81000000e-12 
 3.00000000e-01  1.81000000e-12 
 3.10000000e-01  1.81000000e-12 
 3.20000000e-01  1.81000000e-12 
 3.30000000e-01  1.81000000e-12 
 3.40000000e-01  1.81000000e-12 
 3.50000000e-01  1.81000000e-12 
 3.60000000e-01  1.81000000e-12 
 3.70000000e-01  1.81000000e-12 
 3.80000000e-01  1.81000000e-12 
 3.90000000e-01  1.81000000e-12 
 4.00000000e-01  1.81000000e-12 
 4.10000000e-01  1.81000000e-12 
 4.20000000e-01  1.81000000e-12 
 4.30000000e-01  1.81000000e-12 
 4.40000000e-01  1.81000000e-12 
 4.50000000e-01  1.81000000e-12 
 4.60000000e-01  1.81000000e-12 
 4.70000000e-01  1.81000000e-12 
 4.80000000e-01  1.81000000e-12 
 4.90000000e-01  1.81000000e-12 
 5.00000000e-01  1.81000000e-12 
 5.10000000e-01  1.81000000e-12 
 5.20000000e-01  4.24933271e-08 
 5.30000000e-01  2.02958899e-07 
 5.40000000e-01  4.82860685e-07 
 5.50000000e-01  8.82198683e-07 
 5.60000000e-01  1.40097290e-06 
 5.70000000e-01  2.03918332e-06 
 5.80000000e-01  2.79682996e-06 
 5.90000000e-01  3.67391281e-06 
 6.00000000e-01  4.67043188e-06 
 6.10000000e-01  5.78638715e-06 
 6.20000000e-01  7.02177864e-06 
 6.30000000e-01  8.37660635e-06 
 6.40000000e-01  9.85087027e-06 
 6.50000000e-01  1.14445704e-05 
 6.60000000e-01  1.31577067e-05 
 6.70000000e-01  1.49902793e-05 
 6.80000000e-01  1.69422881e-05 
 6.90000000e-01  1.90137331e-05 
 7.00000000e-01  2.12046143e-05 
 7.10000000e-01  2.35149317e-05 
 7.20000000e-01  2.59446853e-05 
 7.30000000e-01  2.84938751e-05 
 7.40000000e-01  3.11625012e-05 
 7.50000000e-01  3.39505634e-05 
 7.60000000e-01  3.68580619e-05 
 7.70000000e-01  3.98849966e-05 
 7.80000000e-01  4.30313675e-05 
 7.90000000e-01  4.62971746e-05 
 8.00000000e-01  4.96824180e-05 
 8.10000000e-01  5.31870975e-05 
 8.20000000e-01  5.68112133e-05 
 8.30000000e-01  6.04950471e-05 
 8.40000000e-01  6.43580353e-05 
 8.50000000e-01  6.83404597e-05 
 8.60000000e-01  7.24423203e-05 
 8.70000000e-01  7.66636171e-05 
 8.80000000e-01  8.10043502e-05 
 8.90000000e-01  8.54645194e-05 
 9.00000000e-01  9.00441249e-05 
 9.10000000e-01  9.47431666e-05 
 9.20000000e-01  9.95616444e-05 
 9.30000000e-01  1.04499559e-04 
 9.40000000e-01  1.09556909e-04 
 9.50000000e-01  1.14733695e-04 
 9.60000000e-01  1.20029918e-04 
 9.70000000e-01  1.25445577e-04 
 9.80000000e-01  1.30980672e-04 
 9.90000000e-01  1.36635204e-04 
 1.00000000e+00  1.42409171e-04 
 1.01000000e+00  1.48302575e-04 
 1.02000000e+00  1.54315415e-04 
 1.03000000e+00  1.60447691e-04 
 1.04000000e+00  1.66699404e-04 
 1.05000000e+00  1.73070552e-04 
 1.06000000e+00  1.79561137e-04 
 1.07000000e+00  1.86171158e-04 
 1.08000000e+00  1.92900616e-04 
 1.09000000e+00  1.99749509e-04 
 1.10000000e+00  2.06717839e-04 
 1.11000000e+00  2.13805605e-04 
 1.12000000e+00  2.21012807e-04 
 1.13000000e+00  2.28339445e-04 
 1.14000000e+00  2.35785520e-04 
 1.15000000e+00  2.43351031e-04 
 1.16000000e+00  2.51035978e-04 
 1.17000000e+00  2.58840361e-04 
 1.18000000e+00  2.66764180e-04 
 1.19000000e+00  2.74807436e-04 
 1.20000000e+00  2.82970128e-04 
 1.21000000e+00  2.91252256e-04 
 1.22000000e+00  2.99653820e-04 
 1.23000000e+00  3.08174821e-04 
 1.24000000e+00  3.16815257e-04 
 1.25000000e+00  3.25575130e-04 
 1.26000000e+00  3.34454440e-04 
 1.27000000e+00  3.43453185e-04 
 1.28000000e+00  3.52571366e-04 
 1.29000000e+00  3.61808984e-04 
 1.30000000e+00  3.71166038e-04 
 1.31000000e+00  3.80642528e-04 
 1.32000000e+00  3.90238455e-04 
 1.33000000e+00  3.99953817e-04 
 1.34000000e+00  4.09788616e-04 
 1.35000000e+00  4.19742851e-04 
 1.36000000e+00  4.29816523e-04 
 1.37000000e+00  4.40009630e-04 
 1.38000000e+00  4.50322174e-04 
 1.39000000e+00  4.60754154e-04 
 1.40000000e+00  4.71305570e-04 
 1.41000000e+00  4.81976422e-04 
 1.42000000e+00  4.92766711e-04 
 1.43000000e+00  5.03676436e-04 
 1.44000000e+00  5.14705597e-04 
 1.45000000e+00  5.25854194e-04 
 1.46000000e+00  5.37122227e-04 
 1.47000000e+00  5.48509697e-04 
 1.48000000e+00  5.60016603e-04 
 1.49000000e+00  5.71642945e-04 
 1.50000000e+00  5.83388723e-04 
 1.51000000e+00  5.95253937e-04 
 1.52000000e+00  6.07238588e-04 
 1.53000000e+00  6.19342675e-04 
 1.54000000e+00  6.31566198e-04 
 1.55000000e+00  6.43909157e-04 
 1.56000000e+00  6.56371553e-04 
 1.57000000e+00  6.68953385e-04 
 1.58000000e+00  6.81654653e-04 
 1.59000000e+00  6.94475357e-04 
 1.60000000e+00  7.07415497e-04 
 1.61000000e+00  7.20475074e-04 
 1.62000000e+00  7.33654087e-04 
 1.63000000e+00  7.46952536e-04 
 1.64000000e+00  7.60370421e-04 
 1.65000000e+00  7.73907742e-04 
 1.66000000e+00  7.87564500e-04 
 1.67000000e+00  8.01340694e-04 
 1.68000000e+00  8.15236324e-04 
 1.69000000e+00  8.29251390e-04 
 1.70000000e+00  8.43385893e-04 
 1.71000000e+00  8.57639832e-04 
 1.72000000e+00  8.72013206e-04 
 1.73000000e+00  8.86506018e-04 
 1.74000000e+00  9.01118265e-04 
 1.75000000e+00  9.15849949e-04 
 1.76000000e+00  9.30701068e-04 
 1.77000000e+00  9.45671624e-04 
 1.78000000e+00  9.60761617e-04 
 1.79000000e+00  9.75971045e-04 
 1.80000000e+00  9.91299910e-04 
