 1.80000000e+00  1.81000000e-12 
 1.79000000e+00  1.81000000e-12 
 1.78000000e+00  1.81000000e-12 
 1.77000000e+00  1.81000000e-12 
 1.76000000e+00  1.81000000e-12 
 1.75000000e+00  1.81000000e-12 
 1.74000000e+00  1.81000000e-12 
 1.73000000e+00  1.81000000e-12 
 1.72000000e+00  1.81000000e-12 
 1.71000000e+00  1.81000000e-12 
 1.70000000e+00  1.81000000e-12 
 1.69000000e+00  1.81000000e-12 
 1.68000000e+00  1.81000000e-12 
 1.67000000e+00  1.81000000e-12 
 1.66000000e+00  1.81000000e-12 
 1.65000000e+00  1.81000000e-12 
 1.64000000e+00  1.81000000e-12 
 1.63000000e+00  1.81000000e-12 
 1.62000000e+00  1.81000000e-12 
 1.61000000e+00  1.81000000e-12 
 1.60000000e+00  1.81000000e-12 
 1.59000000e+00  1.81000000e-12 
 1.58000000e+00  1.81000000e-12 
 1.57000000e+00  1.81000000e-12 
 1.56000000e+00  1.81000000e-12 
 1.55000000e+00  1.81000000e-12 
 1.54000000e+00  1.81000000e-12 
 1.53000000e+00  1.81000000e-12 
 1.52000000e+00  1.81000000e-12 
 1.51000000e+00  1.81000000e-12 
 1.50000000e+00  1.81000000e-12 
 1.49000000e+00  1.81000000e-12 
 1.48000000e+00  1.81000000e-12 
 1.47000000e+00  1.81000000e-12 
 1.46000000e+00  1.81000000e-12 
 1.45000000e+00  1.81000000e-12 
 1.44000000e+00  1.81000000e-12 
 1.43000000e+00  1.81000000e-12 
 1.42000000e+00  1.81000000e-12 
 1.41000000e+00  1.81000000e-12 
 1.40000000e+00  1.81000000e-12 
 1.39000000e+00  1.81000000e-12 
 1.38000000e+00  1.81000000e-12 
 1.37000000e+00  1.81000000e-12 
 1.36000000e+00  1.81000000e-12 
 1.35000000e+00  1.81000000e-12 
 1.34000000e+00  1.81000000e-12 
 1.33000000e+00  1.81000000e-12 
 1.32000000e+00  1.81000000e-12 
 1.31000000e+00  1.81000000e-12 
 1.30000000e+00  1.81000000e-12 
 1.29000000e+00  3.38343247e-08 
 1.28000000e+00  1.85024446e-07 
 1.27000000e+00  4.57449756e-07 
 1.26000000e+00  8.51110256e-07 
 1.25000000e+00  1.36600594e-06 
 1.24000000e+00  2.00213682e-06 
 1.23000000e+00  2.75950289e-06 
 1.22000000e+00  3.63810414e-06 
 1.21000000e+00  4.63794059e-06 
 1.20000000e+00  5.75901222e-06 
 1.19000000e+00  7.00131904e-06 
 1.18000000e+00  8.36486105e-06 
 1.17000000e+00  9.84963825e-06 
 1.16000000e+00  1.14556506e-05 
 1.15000000e+00  1.31828982e-05 
 1.14000000e+00  1.50313810e-05 
 1.13000000e+00  1.70010989e-05 
 1.12000000e+00  1.90920521e-05 
 1.11000000e+00  2.13042404e-05 
 1.10000000e+00  2.36376639e-05 
 1.09000000e+00  2.60923227e-05 
 1.08000000e+00  2.86682166e-05 
 1.07000000e+00  3.13653457e-05 
 1.06000000e+00  3.41837099e-05 
 1.05000000e+00  3.71233094e-05 
 1.04000000e+00  4.01841441e-05 
 1.03000000e+00  4.33662139e-05 
 1.02000000e+00  4.66695189e-05 
 1.01000000e+00  5.00940592e-05 
 1.00000000e+00  5.36398346e-05 
 9.90000000e-01  5.73068452e-05 
 9.80000000e-01  6.10344734e-05 
 9.70000000e-01  6.49439544e-05 
 9.60000000e-01  6.89746705e-05 
 9.50000000e-01  7.31266219e-05 
 9.40000000e-01  7.73998084e-05 
 9.30000000e-01  8.17942302e-05 
 9.20000000e-01  8.63098871e-05 
 9.10000000e-01  9.09467792e-05 
 9.00000000e-01  9.57049065e-05 
 8.90000000e-01  1.00584269e-04 
 8.80000000e-01  1.05584867e-04 
 8.70000000e-01  1.10706700e-04 
 8.60000000e-01  1.15949768e-04 
 8.50000000e-01  1.21314071e-04 
 8.40000000e-01  1.26799609e-04 
 8.30000000e-01  1.32406383e-04 
 8.20000000e-01  1.38134392e-04 
 8.10000000e-01  1.43983636e-04 
 8.00000000e-01  1.49954115e-04 
 7.90000000e-01  1.56045829e-04 
 7.80000000e-01  1.62258779e-04 
 7.70000000e-01  1.68592964e-04 
 7.60000000e-01  1.75048384e-04 
 7.50000000e-01  1.81625039e-04 
 7.40000000e-01  1.88322929e-04 
 7.30000000e-01  1.95142055e-04 
 7.20000000e-01  2.02082415e-04 
 7.10000000e-01  2.09144011e-04 
 7.00000000e-01  2.16326842e-04 
 6.90000000e-01  2.23630909e-04 
 6.80000000e-01  2.31056210e-04 
 6.70000000e-01  2.38602747e-04 
 6.60000000e-01  2.46270518e-04 
 6.50000000e-01  2.54059526e-04 
 6.40000000e-01  2.61969768e-04 
 6.30000000e-01  2.70001245e-04 
 6.20000000e-01  2.78153958e-04 
 6.10000000e-01  2.86427906e-04 
 6.00000000e-01  2.94823088e-04 
 5.90000000e-01  3.03339507e-04 
 5.80000000e-01  3.11977160e-04 
 5.70000000e-01  3.20736049e-04 
 5.60000000e-01  3.29616172e-04 
 5.50000000e-01  3.38617531e-04 
 5.40000000e-01  3.47740125e-04 
 5.30000000e-01  3.56983955e-04 
 5.20000000e-01  3.66349019e-04 
 5.10000000e-01  3.75835319e-04 
 5.00000000e-01  3.85442854e-04 
 4.90000000e-01  3.95171624e-04 
 4.80000000e-01  4.05021629e-04 
 4.70000000e-01  4.14992869e-04 
 4.60000000e-01  4.25085345e-04 
 4.50000000e-01  4.35299056e-04 
 4.40000000e-01  4.45634002e-04 
 4.30000000e-01  4.56090183e-04 
 4.20000000e-01  4.66667599e-04 
 4.10000000e-01  4.77366251e-04 
 4.00000000e-01  4.88186138e-04 
 3.90000000e-01  4.99127260e-04 
 3.80000000e-01  5.10189617e-04 
 3.70000000e-01  5.21373209e-04 
 3.60000000e-01  5.32678037e-04 
 3.50000000e-01  5.44104099e-04 
 3.40000000e-01  5.55651397e-04 
 3.30000000e-01  5.67319930e-04 
 3.20000000e-01  5.79109698e-04 
 3.10000000e-01  5.91020702e-04 
 3.00000000e-01  6.03052941e-04 
 2.90000000e-01  6.15206414e-04 
 2.80000000e-01  6.27481123e-04 
 2.70000000e-01  6.39877068e-04 
 2.60000000e-01  6.52394247e-04 
 2.50000000e-01  6.65032662e-04 
 2.40000000e-01  6.77792311e-04 
 2.30000000e-01  6.90673196e-04 
 2.20000000e-01  7.03675317e-04 
 2.10000000e-01  7.16798672e-04 
 2.00000000e-01  7.30043262e-04 
 1.90000000e-01  7.43409088e-04 
 1.80000000e-01  7.56896149e-04 
 1.70000000e-01  7.70504445e-04 
 1.60000000e-01  7.84233976e-04 
 1.50000000e-01  7.98084743e-04 
 1.40000000e-01  8.12056745e-04 
 1.30000000e-01  8.26149981e-04 
 1.20000000e-01  8.40364453e-04 
 1.10000000e-01  8.54700161e-04 
 1.00000000e-01  8.69157103e-04 
 9.00000000e-02  8.83735281e-04 
 8.00000000e-02  8.98434694e-04 
 7.00000000e-02  9.13255342e-04 
 6.00000000e-02  9.28197225e-04 
 5.00000000e-02  9.43260343e-04 
 4.00000000e-02  9.58444697e-04 
 3.00000000e-02  9.73750285e-04 
 2.00000000e-02  9.89177109e-04 
 1.00000000e-02  1.00472517e-03 
-1.41900380e-15  1.02039446e-03 
