 1.80000000e+00  1.81000000e-12 
 1.79000000e+00  1.81000000e-12 
 1.78000000e+00  1.81000000e-12 
 1.77000000e+00  1.81000000e-12 
 1.76000000e+00  1.81000000e-12 
 1.75000000e+00  1.81000000e-12 
 1.74000000e+00  1.81000000e-12 
 1.73000000e+00  1.81000000e-12 
 1.72000000e+00  1.81000000e-12 
 1.71000000e+00  1.81000000e-12 
 1.70000000e+00  1.81000000e-12 
 1.69000000e+00  1.81000000e-12 
 1.68000000e+00  1.81000000e-12 
 1.67000000e+00  1.81000000e-12 
 1.66000000e+00  1.81000000e-12 
 1.65000000e+00  1.81000000e-12 
 1.64000000e+00  1.81000000e-12 
 1.63000000e+00  1.81000000e-12 
 1.62000000e+00  1.81000000e-12 
 1.61000000e+00  1.81000000e-12 
 1.60000000e+00  1.81000000e-12 
 1.59000000e+00  1.81000000e-12 
 1.58000000e+00  1.81000000e-12 
 1.57000000e+00  1.81000000e-12 
 1.56000000e+00  1.81000000e-12 
 1.55000000e+00  1.81000000e-12 
 1.54000000e+00  1.81000000e-12 
 1.53000000e+00  1.81000000e-12 
 1.52000000e+00  1.81000000e-12 
 1.51000000e+00  1.81000000e-12 
 1.50000000e+00  1.81000000e-12 
 1.49000000e+00  1.81000000e-12 
 1.48000000e+00  1.81000000e-12 
 1.47000000e+00  1.81000000e-12 
 1.46000000e+00  1.81000000e-12 
 1.45000000e+00  1.81000000e-12 
 1.44000000e+00  1.81000000e-12 
 1.43000000e+00  1.81000000e-12 
 1.42000000e+00  1.81000000e-12 
 1.41000000e+00  1.81000000e-12 
 1.40000000e+00  1.81000000e-12 
 1.39000000e+00  1.81000000e-12 
 1.38000000e+00  1.81000000e-12 
 1.37000000e+00  1.81000000e-12 
 1.36000000e+00  1.81000000e-12 
 1.35000000e+00  1.81000000e-12 
 1.34000000e+00  1.81000000e-12 
 1.33000000e+00  1.81000000e-12 
 1.32000000e+00  1.81000000e-12 
 1.31000000e+00  1.81000000e-12 
 1.30000000e+00  1.81000000e-12 
 1.29000000e+00  4.01728731e-09 
 1.28000000e+00  9.60986919e-08 
 1.27000000e+00  3.09830025e-07 
 1.26000000e+00  6.45211287e-07 
 1.25000000e+00  1.10224248e-06 
 1.24000000e+00  1.68092360e-06 
 1.23000000e+00  2.38125465e-06 
 1.22000000e+00  3.20323562e-06 
 1.21000000e+00  4.14686653e-06 
 1.20000000e+00  5.21214736e-06 
 1.19000000e+00  6.39907813e-06 
 1.18000000e+00  7.70765882e-06 
 1.17000000e+00  9.13788944e-06 
 1.16000000e+00  1.06897700e-05 
 1.15000000e+00  1.23633005e-05 
 1.14000000e+00  1.41584809e-05 
 1.13000000e+00  1.60753112e-05 
 1.12000000e+00  1.81137915e-05 
 1.11000000e+00  2.02739217e-05 
 1.10000000e+00  2.25557018e-05 
 1.09000000e+00  2.49591318e-05 
 1.08000000e+00  2.74842118e-05 
 1.07000000e+00  3.01309417e-05 
 1.06000000e+00  3.28993216e-05 
 1.05000000e+00  3.57893513e-05 
 1.04000000e+00  3.88010310e-05 
 1.03000000e+00  4.19343606e-05 
 1.02000000e+00  4.51893402e-05 
 1.01000000e+00  4.85659697e-05 
 1.00000000e+00  5.20642491e-05 
 9.90000000e-01  5.56841784e-05 
 9.80000000e-01  5.94257577e-05 
 9.70000000e-01  6.32281619e-05 
 9.60000000e-01  6.72130410e-05 
 9.50000000e-01  7.13195701e-05 
 9.40000000e-01  7.55477491e-05 
 9.30000000e-01  7.98975780e-05 
 9.20000000e-01  8.43690568e-05 
 9.10000000e-01  8.89621856e-05 
 9.00000000e-01  9.36769643e-05 
 8.90000000e-01  9.85133929e-05 
 8.80000000e-01  1.03471471e-04 
 8.70000000e-01  1.08551200e-04 
 8.60000000e-01  1.13752578e-04 
 8.50000000e-01  1.19075607e-04 
 8.40000000e-01  1.24520285e-04 
 8.30000000e-01  1.30086613e-04 
 8.20000000e-01  1.35774591e-04 
 8.10000000e-01  1.41584219e-04 
 8.00000000e-01  1.47515497e-04 
 7.90000000e-01  1.53568425e-04 
 7.80000000e-01  1.59743003e-04 
 7.70000000e-01  1.66039231e-04 
 7.60000000e-01  1.72457109e-04 
 7.50000000e-01  1.78996636e-04 
 7.40000000e-01  1.85657814e-04 
 7.30000000e-01  1.92440641e-04 
 7.20000000e-01  1.99345119e-04 
 7.10000000e-01  2.06371246e-04 
 7.00000000e-01  2.13519023e-04 
 6.90000000e-01  2.20788450e-04 
 6.80000000e-01  2.28179528e-04 
 6.70000000e-01  2.35692255e-04 
 6.60000000e-01  2.43326632e-04 
 6.50000000e-01  2.51082658e-04 
 6.40000000e-01  2.58960335e-04 
 6.30000000e-01  2.66959662e-04 
 6.20000000e-01  2.75080639e-04 
 6.10000000e-01  2.83323265e-04 
 6.00000000e-01  2.91687542e-04 
 5.90000000e-01  3.00173468e-04 
 5.80000000e-01  3.08781045e-04 
 5.70000000e-01  3.17510271e-04 
 5.60000000e-01  3.26361147e-04 
 5.50000000e-01  3.35333674e-04 
 5.40000000e-01  3.44427850e-04 
 5.30000000e-01  3.53643676e-04 
 5.20000000e-01  3.62981152e-04 
 5.10000000e-01  3.72440278e-04 
 5.00000000e-01  3.82021054e-04 
 4.90000000e-01  3.91723479e-04 
 4.80000000e-01  4.01547555e-04 
 4.70000000e-01  4.11493281e-04 
 4.60000000e-01  4.21560656e-04 
 4.50000000e-01  4.31749682e-04 
 4.40000000e-01  4.42060357e-04 
 4.30000000e-01  4.52492683e-04 
 4.20000000e-01  4.63046658e-04 
 4.10000000e-01  4.73722283e-04 
 4.00000000e-01  4.84519558e-04 
 3.90000000e-01  4.95438483e-04 
 3.80000000e-01  5.06479058e-04 
 3.70000000e-01  5.17641283e-04 
 3.60000000e-01  5.28925158e-04 
 3.50000000e-01  5.40330683e-04 
 3.40000000e-01  5.51857857e-04 
 3.30000000e-01  5.63506682e-04 
 3.20000000e-01  5.75277157e-04 
 3.10000000e-01  5.87169281e-04 
 3.00000000e-01  5.99183056e-04 
 2.90000000e-01  6.11318480e-04 
 2.80000000e-01  6.23575554e-04 
 2.70000000e-01  6.35954278e-04 
 2.60000000e-01  6.48454652e-04 
 2.50000000e-01  6.61076677e-04 
 2.40000000e-01  6.73820351e-04 
 2.30000000e-01  6.86685674e-04 
 2.20000000e-01  6.99672648e-04 
 2.10000000e-01  7.12781272e-04 
 2.00000000e-01  7.26011546e-04 
 1.90000000e-01  7.39363469e-04 
 1.80000000e-01  7.52837043e-04 
 1.70000000e-01  7.66432266e-04 
 1.60000000e-01  7.80149140e-04 
 1.50000000e-01  7.93987663e-04 
 1.40000000e-01  8.07947837e-04 
 1.30000000e-01  8.22029660e-04 
 1.20000000e-01  8.36233133e-04 
 1.10000000e-01  8.50558256e-04 
 1.00000000e-01  8.65005029e-04 
 9.00000000e-02  8.79573452e-04 
 8.00000000e-02  8.94263525e-04 
 7.00000000e-02  9.09075247e-04 
 6.00000000e-02  9.24008620e-04 
 5.00000000e-02  9.39063643e-04 
 4.00000000e-02  9.54240315e-04 
 3.00000000e-02  9.69538638e-04 
 2.00000000e-02  9.84958610e-04 
 1.00000000e-02  1.00050023e-03 
-1.41900380e-15  1.01616350e-03 
