 0.00000000e+00  1.81000000e-12 
 1.00000000e-02  1.81000000e-12 
 2.00000000e-02  1.81000000e-12 
 3.00000000e-02  1.81000000e-12 
 4.00000000e-02  1.81000000e-12 
 5.00000000e-02  1.81000000e-12 
 6.00000000e-02  1.81000000e-12 
 7.00000000e-02  1.81000000e-12 
 8.00000000e-02  1.81000000e-12 
 9.00000000e-02  1.81000000e-12 
 1.00000000e-01  1.81000000e-12 
 1.10000000e-01  1.81000000e-12 
 1.20000000e-01  1.81000000e-12 
 1.30000000e-01  1.81000000e-12 
 1.40000000e-01  1.81000000e-12 
 1.50000000e-01  1.81000000e-12 
 1.60000000e-01  1.81000000e-12 
 1.70000000e-01  1.81000000e-12 
 1.80000000e-01  1.81000000e-12 
 1.90000000e-01  1.81000000e-12 
 2.00000000e-01  1.81000000e-12 
 2.10000000e-01  1.81000000e-12 
 2.20000000e-01  1.81000000e-12 
 2.30000000e-01  1.81000000e-12 
 2.40000000e-01  1.81000000e-12 
 2.50000000e-01  1.81000000e-12 
 2.60000000e-01  1.81000000e-12 
 2.70000000e-01  1.81000000e-12 
 2.80000000e-01  1.81000000e-12 
 2.90000000e-01  1.81000000e-12 
 3.00000000e-01  1.81000000e-12 
 3.10000000e-01  1.81000000e-12 
 3.20000000e-01  1.81000000e-12 
 3.30000000e-01  1.81000000e-12 
 3.40000000e-01  1.81000000e-12 
 3.50000000e-01  1.81000000e-12 
 3.60000000e-01  1.81000000e-12 
 3.70000000e-01  1.81000000e-12 
 3.80000000e-01  1.81000000e-12 
 3.90000000e-01  1.81000000e-12 
 4.00000000e-01  1.81000000e-12 
 4.10000000e-01  1.81000000e-12 
 4.20000000e-01  1.81000000e-12 
 4.30000000e-01  1.81000000e-12 
 4.40000000e-01  1.81000000e-12 
 4.50000000e-01  1.81000000e-12 
 4.60000000e-01  1.81000000e-12 
 4.70000000e-01  1.81000000e-12 
 4.80000000e-01  1.81000000e-12 
 4.90000000e-01  1.81000000e-12 
 5.00000000e-01  1.81000000e-12 
 5.10000000e-01  3.53683563e-08 
 5.20000000e-01  1.84093011e-07 
 5.30000000e-01  4.48978268e-07 
 5.40000000e-01  8.30024129e-07 
 5.50000000e-01  1.32723059e-06 
 5.60000000e-01  1.94059766e-06 
 5.70000000e-01  2.67012533e-06 
 5.80000000e-01  3.51581360e-06 
 5.90000000e-01  4.47766248e-06 
 6.00000000e-01  5.55567196e-06 
 6.10000000e-01  6.74984204e-06 
 6.20000000e-01  8.06017272e-06 
 6.30000000e-01  9.48666401e-06 
 6.40000000e-01  1.10293159e-05 
 6.50000000e-01  1.26881284e-05 
 6.60000000e-01  1.44631015e-05 
 6.70000000e-01  1.63542352e-05 
 6.80000000e-01  1.83615295e-05 
 6.90000000e-01  2.04849844e-05 
 7.00000000e-01  2.27245999e-05 
 7.10000000e-01  2.50803760e-05 
 7.20000000e-01  2.75523127e-05 
 7.30000000e-01  3.01404101e-05 
 7.40000000e-01  3.28446680e-05 
 7.50000000e-01  3.56650865e-05 
 7.60000000e-01  3.86016656e-05 
 7.70000000e-01  4.16544054e-05 
 7.80000000e-01  4.48233057e-05 
 7.90000000e-01  4.81083666e-05 
 8.00000000e-01  5.15095882e-05 
 8.10000000e-01  5.50269703e-05 
 8.20000000e-01  5.86024328e-05 
 8.30000000e-01  6.23521361e-05 
 8.40000000e-01  6.62180001e-05 
 8.50000000e-01  7.02000246e-05 
 8.60000000e-01  7.42982098e-05 
 8.70000000e-01  7.85125556e-05 
 8.80000000e-01  8.28430619e-05 
 8.90000000e-01  8.72897289e-05 
 9.00000000e-01  9.18525565e-05 
 9.10000000e-01  9.65315446e-05 
 9.20000000e-01  1.01326693e-04 
 9.30000000e-01  1.06238003e-04 
 9.40000000e-01  1.11265473e-04 
 9.50000000e-01  1.16409103e-04 
 9.60000000e-01  1.21668895e-04 
 9.70000000e-01  1.27044846e-04 
 9.80000000e-01  1.32536959e-04 
 9.90000000e-01  1.38145232e-04 
 1.00000000e+00  1.43869665e-04 
 1.01000000e+00  1.49710260e-04 
 1.02000000e+00  1.55667014e-04 
 1.03000000e+00  1.61739930e-04 
 1.04000000e+00  1.67929006e-04 
 1.05000000e+00  1.74234242e-04 
 1.06000000e+00  1.80655640e-04 
 1.07000000e+00  1.87193197e-04 
 1.08000000e+00  1.93846916e-04 
 1.09000000e+00  2.00616795e-04 
 1.10000000e+00  2.07502835e-04 
 1.11000000e+00  2.14505035e-04 
 1.12000000e+00  2.21623396e-04 
 1.13000000e+00  2.28857917e-04 
 1.14000000e+00  2.36208599e-04 
 1.15000000e+00  2.43675442e-04 
 1.16000000e+00  2.51258445e-04 
 1.17000000e+00  2.58957609e-04 
 1.18000000e+00  2.66772933e-04 
 1.19000000e+00  2.74704418e-04 
 1.20000000e+00  2.82752064e-04 
 1.21000000e+00  2.90915870e-04 
 1.22000000e+00  2.99195837e-04 
 1.23000000e+00  3.07591965e-04 
 1.24000000e+00  3.16104253e-04 
 1.25000000e+00  3.24732701e-04 
 1.26000000e+00  3.33477311e-04 
 1.27000000e+00  3.42338081e-04 
 1.28000000e+00  3.51315011e-04 
 1.29000000e+00  3.60408102e-04 
 1.30000000e+00  3.69617354e-04 
 1.31000000e+00  3.78942766e-04 
 1.32000000e+00  3.88384339e-04 
 1.33000000e+00  3.97942073e-04 
 1.34000000e+00  4.07615967e-04 
 1.35000000e+00  4.17406021e-04 
 1.36000000e+00  4.27312237e-04 
 1.37000000e+00  4.37334613e-04 
 1.38000000e+00  4.47473149e-04 
 1.39000000e+00  4.57727846e-04 
 1.40000000e+00  4.68098704e-04 
 1.41000000e+00  4.78585722e-04 
 1.42000000e+00  4.89188901e-04 
 1.43000000e+00  4.99908241e-04 
 1.44000000e+00  5.10743741e-04 
 1.45000000e+00  5.21695402e-04 
 1.46000000e+00  5.32763223e-04 
 1.47000000e+00  5.43947205e-04 
 1.48000000e+00  5.55247347e-04 
 1.49000000e+00  5.66663651e-04 
 1.50000000e+00  5.78196114e-04 
 1.51000000e+00  5.89844739e-04 
 1.52000000e+00  6.01609524e-04 
 1.53000000e+00  6.13490469e-04 
 1.54000000e+00  6.25487575e-04 
 1.55000000e+00  6.37600842e-04 
 1.56000000e+00  6.49830270e-04 
 1.57000000e+00  6.62175858e-04 
 1.58000000e+00  6.74637606e-04 
 1.59000000e+00  6.87215515e-04 
 1.60000000e+00  6.99909585e-04 
 1.61000000e+00  7.12719815e-04 
 1.62000000e+00  7.25646206e-04 
 1.63000000e+00  7.38688758e-04 
 1.64000000e+00  7.51847470e-04 
 1.65000000e+00  7.65122343e-04 
 1.66000000e+00  7.78513376e-04 
 1.67000000e+00  7.92020570e-04 
 1.68000000e+00  8.05643925e-04 
 1.69000000e+00  8.19383440e-04 
 1.70000000e+00  8.33239116e-04 
 1.71000000e+00  8.47210953e-04 
 1.72000000e+00  8.61298950e-04 
 1.73000000e+00  8.75503107e-04 
 1.74000000e+00  8.89823425e-04 
 1.75000000e+00  9.04259904e-04 
 1.76000000e+00  9.18812544e-04 
 1.77000000e+00  9.33481344e-04 
 1.78000000e+00  9.48266304e-04 
 1.79000000e+00  9.63167426e-04 
 1.80000000e+00  9.78184707e-04 
