 1.80000000e+00  1.81000000e-12 
 1.79000000e+00  1.81000000e-12 
 1.78000000e+00  1.81000000e-12 
 1.77000000e+00  1.81000000e-12 
 1.76000000e+00  1.81000000e-12 
 1.75000000e+00  1.81000000e-12 
 1.74000000e+00  1.81000000e-12 
 1.73000000e+00  1.81000000e-12 
 1.72000000e+00  1.81000000e-12 
 1.71000000e+00  1.81000000e-12 
 1.70000000e+00  1.81000000e-12 
 1.69000000e+00  1.81000000e-12 
 1.68000000e+00  1.81000000e-12 
 1.67000000e+00  1.81000000e-12 
 1.66000000e+00  1.81000000e-12 
 1.65000000e+00  1.81000000e-12 
 1.64000000e+00  1.81000000e-12 
 1.63000000e+00  1.81000000e-12 
 1.62000000e+00  1.81000000e-12 
 1.61000000e+00  1.81000000e-12 
 1.60000000e+00  1.81000000e-12 
 1.59000000e+00  1.81000000e-12 
 1.58000000e+00  1.81000000e-12 
 1.57000000e+00  1.81000000e-12 
 1.56000000e+00  1.81000000e-12 
 1.55000000e+00  1.81000000e-12 
 1.54000000e+00  1.81000000e-12 
 1.53000000e+00  1.81000000e-12 
 1.52000000e+00  1.81000000e-12 
 1.51000000e+00  1.81000000e-12 
 1.50000000e+00  1.81000000e-12 
 1.49000000e+00  1.81000000e-12 
 1.48000000e+00  1.81000000e-12 
 1.47000000e+00  1.81000000e-12 
 1.46000000e+00  1.81000000e-12 
 1.45000000e+00  1.81000000e-12 
 1.44000000e+00  1.81000000e-12 
 1.43000000e+00  1.81000000e-12 
 1.42000000e+00  1.81000000e-12 
 1.41000000e+00  1.81000000e-12 
 1.40000000e+00  1.81000000e-12 
 1.39000000e+00  1.81000000e-12 
 1.38000000e+00  1.81000000e-12 
 1.37000000e+00  1.81000000e-12 
 1.36000000e+00  1.81000000e-12 
 1.35000000e+00  1.81000000e-12 
 1.34000000e+00  1.81000000e-12 
 1.33000000e+00  1.81000000e-12 
 1.32000000e+00  1.81000000e-12 
 1.31000000e+00  1.81000000e-12 
 1.30000000e+00  1.81000000e-12 
 1.29000000e+00  1.91554434e-09 
 1.28000000e+00  8.28975485e-08 
 1.27000000e+00  2.83117483e-07 
 1.26000000e+00  6.02575347e-07 
 1.25000000e+00  1.04127114e-06 
 1.24000000e+00  1.59920487e-06 
 1.23000000e+00  2.27637652e-06 
 1.22000000e+00  3.07278610e-06 
 1.21000000e+00  3.98843362e-06 
 1.20000000e+00  5.02331906e-06 
 1.19000000e+00  6.17744244e-06 
 1.18000000e+00  7.45080374e-06 
 1.17000000e+00  8.84340298e-06 
 1.16000000e+00  1.03552401e-05 
 1.15000000e+00  1.19863152e-05 
 1.14000000e+00  1.37366283e-05 
 1.13000000e+00  1.56061792e-05 
 1.12000000e+00  1.75949681e-05 
 1.11000000e+00  1.97029949e-05 
 1.10000000e+00  2.19302597e-05 
 1.09000000e+00  2.42767623e-05 
 1.08000000e+00  2.67425029e-05 
 1.07000000e+00  2.93274815e-05 
 1.06000000e+00  3.20316979e-05 
 1.05000000e+00  3.48551523e-05 
 1.04000000e+00  3.77978447e-05 
 1.03000000e+00  4.08597749e-05 
 1.02000000e+00  4.40409431e-05 
 1.01000000e+00  4.73413492e-05 
 1.00000000e+00  5.07609933e-05 
 9.90000000e-01  5.42998752e-05 
 9.80000000e-01  5.79579951e-05 
 9.70000000e-01  6.16757340e-05 
 9.60000000e-01  6.55723298e-05 
 9.50000000e-01  6.95881635e-05 
 9.40000000e-01  7.37232351e-05 
 9.30000000e-01  7.79775446e-05 
 9.20000000e-01  8.23510921e-05 
 9.10000000e-01  8.68438775e-05 
 9.00000000e-01  9.14559009e-05 
 8.90000000e-01  9.61871622e-05 
 8.80000000e-01  1.01037661e-04 
 8.70000000e-01  1.06007399e-04 
 8.60000000e-01  1.11096374e-04 
 8.50000000e-01  1.16304587e-04 
 8.40000000e-01  1.21632037e-04 
 8.30000000e-01  1.27078726e-04 
 8.20000000e-01  1.32644653e-04 
 8.10000000e-01  1.38329818e-04 
 8.00000000e-01  1.44134220e-04 
 7.90000000e-01  1.50057861e-04 
 7.80000000e-01  1.56100740e-04 
 7.70000000e-01  1.62262856e-04 
 7.60000000e-01  1.68544210e-04 
 7.50000000e-01  1.74944803e-04 
 7.40000000e-01  1.81464633e-04 
 7.30000000e-01  1.88103701e-04 
 7.20000000e-01  1.94862007e-04 
 7.10000000e-01  2.01739551e-04 
 7.00000000e-01  2.08736333e-04 
 6.90000000e-01  2.15852353e-04 
 6.80000000e-01  2.23087611e-04 
 6.70000000e-01  2.30442107e-04 
 6.60000000e-01  2.37915840e-04 
 6.50000000e-01  2.45508812e-04 
 6.40000000e-01  2.53221021e-04 
 6.30000000e-01  2.61052469e-04 
 6.20000000e-01  2.69003154e-04 
 6.10000000e-01  2.77073077e-04 
 6.00000000e-01  2.85262239e-04 
 5.90000000e-01  2.93570638e-04 
 5.80000000e-01  3.01998275e-04 
 5.70000000e-01  3.10545150e-04 
 5.60000000e-01  3.19211263e-04 
 5.50000000e-01  3.27996614e-04 
 5.40000000e-01  3.36901203e-04 
 5.30000000e-01  3.45925029e-04 
 5.20000000e-01  3.55068094e-04 
 5.10000000e-01  3.64330397e-04 
 5.00000000e-01  3.73711937e-04 
 4.90000000e-01  3.83212716e-04 
 4.80000000e-01  3.92832732e-04 
 4.70000000e-01  4.02571987e-04 
 4.60000000e-01  4.12430479e-04 
 4.50000000e-01  4.22408209e-04 
 4.40000000e-01  4.32505177e-04 
 4.30000000e-01  4.42721383e-04 
 4.20000000e-01  4.53056827e-04 
 4.10000000e-01  4.63511509e-04 
 4.00000000e-01  4.74085429e-04 
 3.90000000e-01  4.84778587e-04 
 3.80000000e-01  4.95590982e-04 
 3.70000000e-01  5.06522616e-04 
 3.60000000e-01  5.17573488e-04 
 3.50000000e-01  5.28743597e-04 
 3.40000000e-01  5.40032945e-04 
 3.30000000e-01  5.51441530e-04 
 3.20000000e-01  5.62969353e-04 
 3.10000000e-01  5.74616414e-04 
 3.00000000e-01  5.86382714e-04 
 2.90000000e-01  5.98268251e-04 
 2.80000000e-01  6.10273026e-04 
 2.70000000e-01  6.22397039e-04 
 2.60000000e-01  6.34640289e-04 
 2.50000000e-01  6.47002778e-04 
 2.40000000e-01  6.59484505e-04 
 2.30000000e-01  6.72085470e-04 
 2.20000000e-01  6.84805672e-04 
 2.10000000e-01  6.97645113e-04 
 2.00000000e-01  7.10603791e-04 
 1.90000000e-01  7.23681708e-04 
 1.80000000e-01  7.36878862e-04 
 1.70000000e-01  7.50195254e-04 
 1.60000000e-01  7.63630884e-04 
 1.50000000e-01  7.77185752e-04 
 1.40000000e-01  7.90859858e-04 
 1.30000000e-01  8.04653202e-04 
 1.20000000e-01  8.18565784e-04 
 1.10000000e-01  8.32597604e-04 
 1.00000000e-01  8.46748662e-04 
 9.00000000e-02  8.61018957e-04 
 8.00000000e-02  8.75408491e-04 
 7.00000000e-02  8.89917263e-04 
 6.00000000e-02  9.04545272e-04 
 5.00000000e-02  9.19292519e-04 
 4.00000000e-02  9.34159005e-04 
 3.00000000e-02  9.49144728e-04 
 2.00000000e-02  9.64249689e-04 
 1.00000000e-02  9.79473888e-04 
-1.41900380e-15  9.94817325e-04 
