 0.00000000e+00  1.81000000e-12 
 1.00000000e-02  1.81000000e-12 
 2.00000000e-02  1.81000000e-12 
 3.00000000e-02  1.81000000e-12 
 4.00000000e-02  1.81000000e-12 
 5.00000000e-02  1.81000000e-12 
 6.00000000e-02  1.81000000e-12 
 7.00000000e-02  1.81000000e-12 
 8.00000000e-02  1.81000000e-12 
 9.00000000e-02  1.81000000e-12 
 1.00000000e-01  1.81000000e-12 
 1.10000000e-01  1.81000000e-12 
 1.20000000e-01  1.81000000e-12 
 1.30000000e-01  1.81000000e-12 
 1.40000000e-01  1.81000000e-12 
 1.50000000e-01  1.81000000e-12 
 1.60000000e-01  1.81000000e-12 
 1.70000000e-01  1.81000000e-12 
 1.80000000e-01  1.81000000e-12 
 1.90000000e-01  1.81000000e-12 
 2.00000000e-01  1.81000000e-12 
 2.10000000e-01  1.81000000e-12 
 2.20000000e-01  1.81000000e-12 
 2.30000000e-01  1.81000000e-12 
 2.40000000e-01  1.81000000e-12 
 2.50000000e-01  1.81000000e-12 
 2.60000000e-01  1.81000000e-12 
 2.70000000e-01  1.81000000e-12 
 2.80000000e-01  1.81000000e-12 
 2.90000000e-01  1.81000000e-12 
 3.00000000e-01  1.81000000e-12 
 3.10000000e-01  1.81000000e-12 
 3.20000000e-01  1.81000000e-12 
 3.30000000e-01  1.81000000e-12 
 3.40000000e-01  1.81000000e-12 
 3.50000000e-01  1.81000000e-12 
 3.60000000e-01  1.81000000e-12 
 3.70000000e-01  1.81000000e-12 
 3.80000000e-01  1.81000000e-12 
 3.90000000e-01  1.81000000e-12 
 4.00000000e-01  1.81000000e-12 
 4.10000000e-01  1.81000000e-12 
 4.20000000e-01  1.81000000e-12 
 4.30000000e-01  1.81000000e-12 
 4.40000000e-01  1.81000000e-12 
 4.50000000e-01  1.81000000e-12 
 4.60000000e-01  1.81000000e-12 
 4.70000000e-01  1.81000000e-12 
 4.80000000e-01  4.15412145e-08 
 4.90000000e-01  1.99384743e-07 
 5.00000000e-01  4.75045511e-07 
 5.10000000e-01  8.68523520e-07 
 5.20000000e-01  1.37981877e-06 
 5.30000000e-01  2.00893126e-06 
 5.40000000e-01  2.75586099e-06 
 5.50000000e-01  3.62060796e-06 
 5.60000000e-01  4.60317217e-06 
 5.70000000e-01  5.70355362e-06 
 5.80000000e-01  6.92175232e-06 
 5.90000000e-01  8.25776825e-06 
 6.00000000e-01  9.71160142e-06 
 6.10000000e-01  1.12832518e-05 
 6.20000000e-01  1.29727195e-05 
 6.30000000e-01  1.47800044e-05 
 6.40000000e-01  1.67051065e-05 
 6.50000000e-01  1.87480259e-05 
 6.60000000e-01  2.09087625e-05 
 6.70000000e-01  2.31873164e-05 
 6.80000000e-01  2.55836875e-05 
 6.90000000e-01  2.80978758e-05 
 7.00000000e-01  3.07298814e-05 
 7.10000000e-01  3.34797042e-05 
 7.20000000e-01  3.63473442e-05 
 7.30000000e-01  3.93328015e-05 
 7.40000000e-01  4.24360761e-05 
 7.50000000e-01  4.56571679e-05 
 7.60000000e-01  4.89960769e-05 
 7.70000000e-01  5.24528031e-05 
 7.80000000e-01  5.60273466e-05 
 7.90000000e-01  5.96607988e-05 
 8.00000000e-01  6.34709767e-05 
 8.10000000e-01  6.73989720e-05 
 8.20000000e-01  7.14447844e-05 
 8.30000000e-01  7.56084141e-05 
 8.40000000e-01  7.98898611e-05 
 8.50000000e-01  8.42891253e-05 
 8.60000000e-01  8.88062067e-05 
 8.70000000e-01  9.34411054e-05 
 8.80000000e-01  9.81938213e-05 
 8.90000000e-01  1.03064354e-04 
 9.00000000e-01  1.08052705e-04 
 9.10000000e-01  1.13158872e-04 
 9.20000000e-01  1.18382857e-04 
 9.30000000e-01  1.23724659e-04 
 9.40000000e-01  1.29184279e-04 
 9.50000000e-01  1.34761715e-04 
 9.60000000e-01  1.40456969e-04 
 9.70000000e-01  1.46270040e-04 
 9.80000000e-01  1.52200929e-04 
 9.90000000e-01  1.58249634e-04 
 1.00000000e+00  1.64416157e-04 
 1.01000000e+00  1.70700497e-04 
 1.02000000e+00  1.77102654e-04 
 1.03000000e+00  1.83622629e-04 
 1.04000000e+00  1.90260420e-04 
 1.05000000e+00  1.97016029e-04 
 1.06000000e+00  2.03889456e-04 
 1.07000000e+00  2.10880699e-04 
 1.08000000e+00  2.17989760e-04 
 1.09000000e+00  2.25216638e-04 
 1.10000000e+00  2.32561333e-04 
 1.11000000e+00  2.40023845e-04 
 1.12000000e+00  2.47604175e-04 
 1.13000000e+00  2.55302322e-04 
 1.14000000e+00  2.63118286e-04 
 1.15000000e+00  2.71052068e-04 
 1.16000000e+00  2.79103666e-04 
 1.17000000e+00  2.87273082e-04 
 1.18000000e+00  2.95560315e-04 
 1.19000000e+00  3.03965366e-04 
 1.20000000e+00  3.12488233e-04 
 1.21000000e+00  3.21128918e-04 
 1.22000000e+00  3.29887420e-04 
 1.23000000e+00  3.38763739e-04 
 1.24000000e+00  3.47757876e-04 
 1.25000000e+00  3.56869830e-04 
 1.26000000e+00  3.66099601e-04 
 1.27000000e+00  3.75447189e-04 
 1.28000000e+00  3.84912595e-04 
 1.29000000e+00  3.94495817e-04 
 1.30000000e+00  4.04196857e-04 
 1.31000000e+00  4.14015715e-04 
 1.32000000e+00  4.23952389e-04 
 1.33000000e+00  4.34006881e-04 
 1.34000000e+00  4.44179190e-04 
 1.35000000e+00  4.54469316e-04 
 1.36000000e+00  4.64877259e-04 
 1.37000000e+00  4.75403020e-04 
 1.38000000e+00  4.86046598e-04 
 1.39000000e+00  4.96807993e-04 
 1.40000000e+00  5.07687206e-04 
 1.41000000e+00  5.18684235e-04 
 1.42000000e+00  5.29799082e-04 
 1.43000000e+00  5.41031746e-04 
 1.44000000e+00  5.52382228e-04 
 1.45000000e+00  5.63850526e-04 
 1.46000000e+00  5.75436642e-04 
 1.47000000e+00  5.87140575e-04 
 1.48000000e+00  5.98962326e-04 
 1.49000000e+00  6.10901893e-04 
 1.50000000e+00  6.22959278e-04 
 1.51000000e+00  6.35134480e-04 
 1.52000000e+00  6.47427499e-04 
 1.53000000e+00  6.59838336e-04 
 1.54000000e+00  6.72366990e-04 
 1.55000000e+00  6.85013461e-04 
 1.56000000e+00  6.97777749e-04 
 1.57000000e+00  7.10659854e-04 
 1.58000000e+00  7.23659777e-04 
 1.59000000e+00  7.36777517e-04 
 1.60000000e+00  7.50013074e-04 
 1.61000000e+00  7.63366449e-04 
 1.62000000e+00  7.76837640e-04 
 1.63000000e+00  7.90426649e-04 
 1.64000000e+00  8.04133476e-04 
 1.65000000e+00  8.17958119e-04 
 1.66000000e+00  8.31900580e-04 
 1.67000000e+00  8.45960857e-04 
 1.68000000e+00  8.60138953e-04 
 1.69000000e+00  8.74434865e-04 
 1.70000000e+00  8.88848595e-04 
 1.71000000e+00  9.03380141e-04 
 1.72000000e+00  9.18029506e-04 
 1.73000000e+00  9.32796687e-04 
 1.74000000e+00  9.47681686e-04 
 1.75000000e+00  9.62684501e-04 
 1.76000000e+00  9.77805134e-04 
 1.77000000e+00  9.93043585e-04 
 1.78000000e+00  1.00839985e-03 
 1.79000000e+00  1.02387394e-03 
 1.80000000e+00  1.03946584e-03 
