 1.80000000e+00  1.81000000e-12 
 1.79000000e+00  1.81000000e-12 
 1.78000000e+00  1.81000000e-12 
 1.77000000e+00  1.81000000e-12 
 1.76000000e+00  1.81000000e-12 
 1.75000000e+00  1.81000000e-12 
 1.74000000e+00  1.81000000e-12 
 1.73000000e+00  1.81000000e-12 
 1.72000000e+00  1.81000000e-12 
 1.71000000e+00  1.81000000e-12 
 1.70000000e+00  1.81000000e-12 
 1.69000000e+00  1.81000000e-12 
 1.68000000e+00  1.81000000e-12 
 1.67000000e+00  1.81000000e-12 
 1.66000000e+00  1.81000000e-12 
 1.65000000e+00  1.81000000e-12 
 1.64000000e+00  1.81000000e-12 
 1.63000000e+00  1.81000000e-12 
 1.62000000e+00  1.81000000e-12 
 1.61000000e+00  1.81000000e-12 
 1.60000000e+00  1.81000000e-12 
 1.59000000e+00  1.81000000e-12 
 1.58000000e+00  1.81000000e-12 
 1.57000000e+00  1.81000000e-12 
 1.56000000e+00  1.81000000e-12 
 1.55000000e+00  1.81000000e-12 
 1.54000000e+00  1.81000000e-12 
 1.53000000e+00  1.81000000e-12 
 1.52000000e+00  1.81000000e-12 
 1.51000000e+00  1.81000000e-12 
 1.50000000e+00  1.81000000e-12 
 1.49000000e+00  1.81000000e-12 
 1.48000000e+00  1.81000000e-12 
 1.47000000e+00  1.81000000e-12 
 1.46000000e+00  1.81000000e-12 
 1.45000000e+00  1.81000000e-12 
 1.44000000e+00  1.81000000e-12 
 1.43000000e+00  1.81000000e-12 
 1.42000000e+00  1.81000000e-12 
 1.41000000e+00  1.81000000e-12 
 1.40000000e+00  1.81000000e-12 
 1.39000000e+00  1.81000000e-12 
 1.38000000e+00  1.81000000e-12 
 1.37000000e+00  1.81000000e-12 
 1.36000000e+00  1.81000000e-12 
 1.35000000e+00  1.81000000e-12 
 1.34000000e+00  1.81000000e-12 
 1.33000000e+00  1.81000000e-12 
 1.32000000e+00  1.81000000e-12 
 1.31000000e+00  1.81000000e-12 
 1.30000000e+00  1.81000000e-12 
 1.29000000e+00  2.19451257e-09 
 1.28000000e+00  8.21304119e-08 
 1.27000000e+00  2.77030828e-07 
 1.26000000e+00  5.86895762e-07 
 1.25000000e+00  1.01172521e-06 
 1.24000000e+00  1.55151918e-06 
 1.23000000e+00  2.20627766e-06 
 1.22000000e+00  2.97600067e-06 
 1.21000000e+00  3.86068819e-06 
 1.20000000e+00  4.86034022e-06 
 1.19000000e+00  5.97495677e-06 
 1.18000000e+00  7.20453785e-06 
 1.17000000e+00  8.54908343e-06 
 1.16000000e+00  1.00085935e-05 
 1.15000000e+00  1.15830682e-05 
 1.14000000e+00  1.32725073e-05 
 1.13000000e+00  1.50769110e-05 
 1.12000000e+00  1.69962791e-05 
 1.11000000e+00  1.90306118e-05 
 1.10000000e+00  2.11799090e-05 
 1.09000000e+00  2.34441707e-05 
 1.08000000e+00  2.58233970e-05 
 1.07000000e+00  2.83175877e-05 
 1.06000000e+00  3.09267430e-05 
 1.05000000e+00  3.36508628e-05 
 1.04000000e+00  3.64899471e-05 
 1.03000000e+00  3.94439959e-05 
 1.02000000e+00  4.25130093e-05 
 1.01000000e+00  4.56969872e-05 
 1.00000000e+00  4.89959295e-05 
 9.90000000e-01  5.24098364e-05 
 9.80000000e-01  5.59387078e-05 
 9.70000000e-01  5.95250615e-05 
 9.60000000e-01  6.32838620e-05 
 9.50000000e-01  6.71576269e-05 
 9.40000000e-01  7.11463564e-05 
 9.30000000e-01  7.52500504e-05 
 9.20000000e-01  7.94687089e-05 
 9.10000000e-01  8.38023319e-05 
 9.00000000e-01  8.82509195e-05 
 8.90000000e-01  9.28144716e-05 
 8.80000000e-01  9.74929881e-05 
 8.70000000e-01  1.02286469e-04 
 8.60000000e-01  1.07194915e-04 
 8.50000000e-01  1.12218325e-04 
 8.40000000e-01  1.17356700e-04 
 8.30000000e-01  1.22610039e-04 
 8.20000000e-01  1.27978342e-04 
 8.10000000e-01  1.33461611e-04 
 8.00000000e-01  1.39059843e-04 
 7.90000000e-01  1.44773041e-04 
 7.80000000e-01  1.50601202e-04 
 7.70000000e-01  1.56544329e-04 
 7.60000000e-01  1.62602419e-04 
 7.50000000e-01  1.68775475e-04 
 7.40000000e-01  1.75063495e-04 
 7.30000000e-01  1.81466479e-04 
 7.20000000e-01  1.87984428e-04 
 7.10000000e-01  1.94617341e-04 
 7.00000000e-01  2.01365219e-04 
 6.90000000e-01  2.08228061e-04 
 6.80000000e-01  2.15205868e-04 
 6.70000000e-01  2.22298640e-04 
 6.60000000e-01  2.29506376e-04 
 6.50000000e-01  2.36829076e-04 
 6.40000000e-01  2.44266741e-04 
 6.30000000e-01  2.51819371e-04 
 6.20000000e-01  2.59486965e-04 
 6.10000000e-01  2.67269523e-04 
 6.00000000e-01  2.75167046e-04 
 5.90000000e-01  2.83179534e-04 
 5.80000000e-01  2.91306986e-04 
 5.70000000e-01  2.99549403e-04 
 5.60000000e-01  3.07906784e-04 
 5.50000000e-01  3.16379129e-04 
 5.40000000e-01  3.24966440e-04 
 5.30000000e-01  3.33668714e-04 
 5.20000000e-01  3.42485954e-04 
 5.10000000e-01  3.51418157e-04 
 5.00000000e-01  3.60465325e-04 
 4.90000000e-01  3.69627458e-04 
 4.80000000e-01  3.78904555e-04 
 4.70000000e-01  3.88296617e-04 
 4.60000000e-01  3.97803644e-04 
 4.50000000e-01  4.07425634e-04 
 4.40000000e-01  4.17162590e-04 
 4.30000000e-01  4.27014510e-04 
 4.20000000e-01  4.36981394e-04 
 4.10000000e-01  4.47063243e-04 
 4.00000000e-01  4.57260056e-04 
 3.90000000e-01  4.67571834e-04 
 3.80000000e-01  4.77998577e-04 
 3.70000000e-01  4.88540284e-04 
 3.60000000e-01  4.99196955e-04 
 3.50000000e-01  5.09968591e-04 
 3.40000000e-01  5.20855191e-04 
 3.30000000e-01  5.31856757e-04 
 3.20000000e-01  5.42973286e-04 
 3.10000000e-01  5.54204780e-04 
 3.00000000e-01  5.65551239e-04 
 2.90000000e-01  5.77012662e-04 
 2.80000000e-01  5.88589049e-04 
 2.70000000e-01  6.00280402e-04 
 2.60000000e-01  6.12086718e-04 
 2.50000000e-01  6.24007999e-04 
 2.40000000e-01  6.36044245e-04 
 2.30000000e-01  6.48195455e-04 
 2.20000000e-01  6.60461630e-04 
 2.10000000e-01  6.72842769e-04 
 2.00000000e-01  6.85338873e-04 
 1.90000000e-01  6.97949941e-04 
 1.80000000e-01  7.10675974e-04 
 1.70000000e-01  7.23516971e-04 
 1.60000000e-01  7.36472933e-04 
 1.50000000e-01  7.49543859e-04 
 1.40000000e-01  7.62729750e-04 
 1.30000000e-01  7.76030606e-04 
 1.20000000e-01  7.89446425e-04 
 1.10000000e-01  8.02977210e-04 
 1.00000000e-01  8.16622959e-04 
 9.00000000e-02  8.30383672e-04 
 8.00000000e-02  8.44259350e-04 
 7.00000000e-02  8.58249993e-04 
 6.00000000e-02  8.72355600e-04 
 5.00000000e-02  8.86576171e-04 
 4.00000000e-02  9.00911707e-04 
 3.00000000e-02  9.15362208e-04 
 2.00000000e-02  9.29927673e-04 
 1.00000000e-02  9.44608102e-04 
-1.41900380e-15  9.59403496e-04 
