 1.80000000e+00  1.81000000e-12 
 1.79000000e+00  1.81000000e-12 
 1.78000000e+00  1.81000000e-12 
 1.77000000e+00  1.81000000e-12 
 1.76000000e+00  1.81000000e-12 
 1.75000000e+00  1.81000000e-12 
 1.74000000e+00  1.81000000e-12 
 1.73000000e+00  1.81000000e-12 
 1.72000000e+00  1.81000000e-12 
 1.71000000e+00  1.81000000e-12 
 1.70000000e+00  1.81000000e-12 
 1.69000000e+00  1.81000000e-12 
 1.68000000e+00  1.81000000e-12 
 1.67000000e+00  1.81000000e-12 
 1.66000000e+00  1.81000000e-12 
 1.65000000e+00  1.81000000e-12 
 1.64000000e+00  1.81000000e-12 
 1.63000000e+00  1.81000000e-12 
 1.62000000e+00  1.81000000e-12 
 1.61000000e+00  1.81000000e-12 
 1.60000000e+00  1.81000000e-12 
 1.59000000e+00  1.81000000e-12 
 1.58000000e+00  1.81000000e-12 
 1.57000000e+00  1.81000000e-12 
 1.56000000e+00  1.81000000e-12 
 1.55000000e+00  1.81000000e-12 
 1.54000000e+00  1.81000000e-12 
 1.53000000e+00  1.81000000e-12 
 1.52000000e+00  1.81000000e-12 
 1.51000000e+00  1.81000000e-12 
 1.50000000e+00  1.81000000e-12 
 1.49000000e+00  1.81000000e-12 
 1.48000000e+00  1.81000000e-12 
 1.47000000e+00  1.81000000e-12 
 1.46000000e+00  1.81000000e-12 
 1.45000000e+00  1.81000000e-12 
 1.44000000e+00  1.81000000e-12 
 1.43000000e+00  1.81000000e-12 
 1.42000000e+00  1.81000000e-12 
 1.41000000e+00  1.81000000e-12 
 1.40000000e+00  1.81000000e-12 
 1.39000000e+00  1.81000000e-12 
 1.38000000e+00  1.81000000e-12 
 1.37000000e+00  1.81000000e-12 
 1.36000000e+00  1.81000000e-12 
 1.35000000e+00  1.81000000e-12 
 1.34000000e+00  1.81000000e-12 
 1.33000000e+00  1.81000000e-12 
 1.32000000e+00  1.81000000e-12 
 1.31000000e+00  1.81000000e-12 
 1.30000000e+00  1.81000000e-12 
 1.29000000e+00  5.09146308e-10 
 1.28000000e+00  7.02351660e-08 
 1.27000000e+00  2.57565575e-07 
 1.26000000e+00  5.62500373e-07 
 1.25000000e+00  9.85039561e-07 
 1.24000000e+00  1.52518314e-06 
 1.23000000e+00  2.18293110e-06 
 1.22000000e+00  2.95828346e-06 
 1.21000000e+00  3.85124021e-06 
 1.20000000e+00  4.86180134e-06 
 1.19000000e+00  5.98996686e-06 
 1.18000000e+00  7.23573678e-06 
 1.17000000e+00  8.59911108e-06 
 1.16000000e+00  1.00800898e-05 
 1.15000000e+00  1.16786729e-05 
 1.14000000e+00  1.33948603e-05 
 1.13000000e+00  1.52286522e-05 
 1.12000000e+00  1.71800484e-05 
 1.11000000e+00  1.92490491e-05 
 1.10000000e+00  2.14356541e-05 
 1.09000000e+00  2.37398635e-05 
 1.08000000e+00  2.61616773e-05 
 1.07000000e+00  2.87010955e-05 
 1.06000000e+00  3.13581181e-05 
 1.05000000e+00  3.41327451e-05 
 1.04000000e+00  3.70249764e-05 
 1.03000000e+00  4.00348122e-05 
 1.02000000e+00  4.31622523e-05 
 1.01000000e+00  4.64072969e-05 
 1.00000000e+00  4.97699458e-05 
 9.90000000e-01  5.32501991e-05 
 9.80000000e-01  5.68480568e-05 
 9.70000000e-01  6.05047167e-05 
 9.60000000e-01  6.43377832e-05 
 9.50000000e-01  6.82884540e-05 
 9.40000000e-01  7.23567293e-05 
 9.30000000e-01  7.65426089e-05 
 9.20000000e-01  8.08460930e-05 
 9.10000000e-01  8.52671814e-05 
 9.00000000e-01  8.98058742e-05 
 8.90000000e-01  9.44621714e-05 
 8.80000000e-01  9.92360730e-05 
 8.70000000e-01  1.04127579e-04 
 8.60000000e-01  1.09136689e-04 
 8.50000000e-01  1.14263404e-04 
 8.40000000e-01  1.19507723e-04 
 8.30000000e-01  1.24869647e-04 
 8.20000000e-01  1.30349175e-04 
 8.10000000e-01  1.35946307e-04 
 8.00000000e-01  1.41661044e-04 
 7.90000000e-01  1.47493385e-04 
 7.80000000e-01  1.53443330e-04 
 7.70000000e-01  1.59510880e-04 
 7.60000000e-01  1.65696034e-04 
 7.50000000e-01  1.71998793e-04 
 7.40000000e-01  1.78419156e-04 
 7.30000000e-01  1.84957124e-04 
 7.20000000e-01  1.91612695e-04 
 7.10000000e-01  1.98385872e-04 
 7.00000000e-01  2.05276652e-04 
 6.90000000e-01  2.12285037e-04 
 6.80000000e-01  2.19411027e-04 
 6.70000000e-01  2.26654620e-04 
 6.60000000e-01  2.34015819e-04 
 6.50000000e-01  2.41494621e-04 
 6.40000000e-01  2.49091028e-04 
 6.30000000e-01  2.56805039e-04 
 6.20000000e-01  2.64636655e-04 
 6.10000000e-01  2.72585875e-04 
 6.00000000e-01  2.80652700e-04 
 5.90000000e-01  2.88837129e-04 
 5.80000000e-01  2.97139162e-04 
 5.70000000e-01  3.05558799e-04 
 5.60000000e-01  3.14096042e-04 
 5.50000000e-01  3.22750888e-04 
 5.40000000e-01  3.31523339e-04 
 5.30000000e-01  3.40413394e-04 
 5.20000000e-01  3.49421054e-04 
 5.10000000e-01  3.58546318e-04 
 5.00000000e-01  3.67789186e-04 
 4.90000000e-01  3.77149659e-04 
 4.80000000e-01  3.86627736e-04 
 4.70000000e-01  3.96223418e-04 
 4.60000000e-01  4.05936703e-04 
 4.50000000e-01  4.15767594e-04 
 4.40000000e-01  4.25716089e-04 
 4.30000000e-01  4.35782188e-04 
 4.20000000e-01  4.45965891e-04 
 4.10000000e-01  4.56267199e-04 
 4.00000000e-01  4.66686111e-04 
 3.90000000e-01  4.77222628e-04 
 3.80000000e-01  4.87876749e-04 
 3.70000000e-01  4.98648475e-04 
 3.60000000e-01  5.09537804e-04 
 3.50000000e-01  5.20544739e-04 
 3.40000000e-01  5.31669277e-04 
 3.30000000e-01  5.42911420e-04 
 3.20000000e-01  5.54271168e-04 
 3.10000000e-01  5.65748519e-04 
 3.00000000e-01  5.77343476e-04 
 2.90000000e-01  5.89056036e-04 
 2.80000000e-01  6.00886201e-04 
 2.70000000e-01  6.12833970e-04 
 2.60000000e-01  6.24899344e-04 
 2.50000000e-01  6.37082322e-04 
 2.40000000e-01  6.49382905e-04 
 2.30000000e-01  6.61801092e-04 
 2.20000000e-01  6.74336883e-04 
 2.10000000e-01  6.86990279e-04 
 2.00000000e-01  6.99761279e-04 
 1.90000000e-01  7.12649883e-04 
 1.80000000e-01  7.25656092e-04 
 1.70000000e-01  7.38779905e-04 
 1.60000000e-01  7.52021323e-04 
 1.50000000e-01  7.65380345e-04 
 1.40000000e-01  7.78856971e-04 
 1.30000000e-01  7.92451202e-04 
 1.20000000e-01  8.06163037e-04 
 1.10000000e-01  8.19992477e-04 
 1.00000000e-01  8.33939521e-04 
 9.00000000e-02  8.48004169e-04 
 8.00000000e-02  8.62186422e-04 
 7.00000000e-02  8.76486279e-04 
 6.00000000e-02  8.90903741e-04 
 5.00000000e-02  9.05438806e-04 
 4.00000000e-02  9.20091477e-04 
 3.00000000e-02  9.34861751e-04 
 2.00000000e-02  9.49749630e-04 
 1.00000000e-02  9.64755114e-04 
-1.41900380e-15  9.79878202e-04 
