 0.00000000e+00  1.81000000e-12 
 1.00000000e-02  1.81000000e-12 
 2.00000000e-02  1.81000000e-12 
 3.00000000e-02  1.81000000e-12 
 4.00000000e-02  1.81000000e-12 
 5.00000000e-02  1.81000000e-12 
 6.00000000e-02  1.81000000e-12 
 7.00000000e-02  1.81000000e-12 
 8.00000000e-02  1.81000000e-12 
 9.00000000e-02  1.81000000e-12 
 1.00000000e-01  1.81000000e-12 
 1.10000000e-01  1.81000000e-12 
 1.20000000e-01  1.81000000e-12 
 1.30000000e-01  1.81000000e-12 
 1.40000000e-01  1.81000000e-12 
 1.50000000e-01  1.81000000e-12 
 1.60000000e-01  1.81000000e-12 
 1.70000000e-01  1.81000000e-12 
 1.80000000e-01  1.81000000e-12 
 1.90000000e-01  1.81000000e-12 
 2.00000000e-01  1.81000000e-12 
 2.10000000e-01  1.81000000e-12 
 2.20000000e-01  1.81000000e-12 
 2.30000000e-01  1.81000000e-12 
 2.40000000e-01  1.81000000e-12 
 2.50000000e-01  1.81000000e-12 
 2.60000000e-01  1.81000000e-12 
 2.70000000e-01  1.81000000e-12 
 2.80000000e-01  1.81000000e-12 
 2.90000000e-01  1.81000000e-12 
 3.00000000e-01  1.81000000e-12 
 3.10000000e-01  1.81000000e-12 
 3.20000000e-01  1.81000000e-12 
 3.30000000e-01  1.81000000e-12 
 3.40000000e-01  1.81000000e-12 
 3.50000000e-01  1.81000000e-12 
 3.60000000e-01  1.81000000e-12 
 3.70000000e-01  1.81000000e-12 
 3.80000000e-01  1.81000000e-12 
 3.90000000e-01  1.81000000e-12 
 4.00000000e-01  1.81000000e-12 
 4.10000000e-01  1.81000000e-12 
 4.20000000e-01  1.81000000e-12 
 4.30000000e-01  1.81000000e-12 
 4.40000000e-01  1.81000000e-12 
 4.50000000e-01  1.81000000e-12 
 4.60000000e-01  1.81000000e-12 
 4.70000000e-01  1.81000000e-12 
 4.80000000e-01  1.81000000e-12 
 4.90000000e-01  1.81000000e-12 
 5.00000000e-01  1.81000000e-12 
 5.10000000e-01  1.81000000e-12 
 5.20000000e-01  1.81000000e-12 
 5.30000000e-01  6.10256035e-10 
 5.40000000e-01  7.21643873e-08 
 5.50000000e-01  2.62755612e-07 
 5.60000000e-01  5.72383930e-07 
 5.70000000e-01  1.00104934e-06 
 5.80000000e-01  1.54875185e-06 
 5.90000000e-01  2.21549144e-06 
 6.00000000e-01  3.00126814e-06 
 6.10000000e-01  3.90608192e-06 
 6.20000000e-01  4.92993280e-06 
 6.30000000e-01  6.07282077e-06 
 6.40000000e-01  7.33474583e-06 
 6.50000000e-01  8.71570799e-06 
 6.60000000e-01  1.02157072e-05 
 6.70000000e-01  1.18347436e-05 
 6.80000000e-01  1.35728170e-05 
 6.90000000e-01  1.54299276e-05 
 7.00000000e-01  1.74060752e-05 
 7.10000000e-01  1.95012599e-05 
 7.20000000e-01  2.17154817e-05 
 7.30000000e-01  2.40487406e-05 
 7.40000000e-01  2.65010366e-05 
 7.50000000e-01  2.90723697e-05 
 7.60000000e-01  3.17627399e-05 
 7.70000000e-01  3.45721472e-05 
 7.80000000e-01  3.75005915e-05 
 7.90000000e-01  4.05480730e-05 
 8.00000000e-01  4.37145916e-05 
 8.10000000e-01  4.70001472e-05 
 8.20000000e-01  5.04047400e-05 
 8.30000000e-01  5.39283698e-05 
 8.40000000e-01  5.75710367e-05 
 8.50000000e-01  6.12732222e-05 
 8.60000000e-01  6.51539633e-05 
 8.70000000e-01  6.91537415e-05 
 8.80000000e-01  7.32725569e-05 
 8.90000000e-01  7.75104093e-05 
 9.00000000e-01  8.18672987e-05 
 9.10000000e-01  8.63432253e-05 
 9.20000000e-01  9.09381890e-05 
 9.30000000e-01  9.56521898e-05 
 9.40000000e-01  1.00485228e-04 
 9.50000000e-01  1.05437303e-04 
 9.60000000e-01  1.10508415e-04 
 9.70000000e-01  1.15698564e-04 
 9.80000000e-01  1.21007750e-04 
 9.90000000e-01  1.26435973e-04 
 1.00000000e+00  1.31983234e-04 
 1.01000000e+00  1.37649531e-04 
 1.02000000e+00  1.43434866e-04 
 1.03000000e+00  1.49339238e-04 
 1.04000000e+00  1.55362646e-04 
 1.05000000e+00  1.61505092e-04 
 1.06000000e+00  1.67766575e-04 
 1.07000000e+00  1.74147095e-04 
 1.08000000e+00  1.80646653e-04 
 1.09000000e+00  1.87265247e-04 
 1.10000000e+00  1.94002878e-04 
 1.11000000e+00  2.00859547e-04 
 1.12000000e+00  2.07835252e-04 
 1.13000000e+00  2.14929995e-04 
 1.14000000e+00  2.22143775e-04 
 1.15000000e+00  2.29476591e-04 
 1.16000000e+00  2.36928445e-04 
 1.17000000e+00  2.44499336e-04 
 1.18000000e+00  2.52189264e-04 
 1.19000000e+00  2.59998230e-04 
 1.20000000e+00  2.67926232e-04 
 1.21000000e+00  2.75973271e-04 
 1.22000000e+00  2.84139348e-04 
 1.23000000e+00  2.92424461e-04 
 1.24000000e+00  3.00828612e-04 
 1.25000000e+00  3.09351800e-04 
 1.26000000e+00  3.17994025e-04 
 1.27000000e+00  3.26755287e-04 
 1.28000000e+00  3.35635586e-04 
 1.29000000e+00  3.44634922e-04 
 1.30000000e+00  3.53753295e-04 
 1.31000000e+00  3.62990705e-04 
 1.32000000e+00  3.72347153e-04 
 1.33000000e+00  3.81822637e-04 
 1.34000000e+00  3.91417159e-04 
 1.35000000e+00  4.01130718e-04 
 1.36000000e+00  4.10963313e-04 
 1.37000000e+00  4.20914946e-04 
 1.38000000e+00  4.30985616e-04 
 1.39000000e+00  4.41175323e-04 
 1.40000000e+00  4.51484067e-04 
 1.41000000e+00  4.61911849e-04 
 1.42000000e+00  4.72458667e-04 
 1.43000000e+00  4.83124522e-04 
 1.44000000e+00  4.93909415e-04 
 1.45000000e+00  5.04813345e-04 
 1.46000000e+00  5.15836311e-04 
 1.47000000e+00  5.26978315e-04 
 1.48000000e+00  5.38239356e-04 
 1.49000000e+00  5.49619434e-04 
 1.50000000e+00  5.61118549e-04 
 1.51000000e+00  5.72736701e-04 
 1.52000000e+00  5.84473891e-04 
 1.53000000e+00  5.96330117e-04 
 1.54000000e+00  6.08305380e-04 
 1.55000000e+00  6.20399681e-04 
 1.56000000e+00  6.32613019e-04 
 1.57000000e+00  6.44945393e-04 
 1.58000000e+00  6.57396805e-04 
 1.59000000e+00  6.69967254e-04 
 1.60000000e+00  6.82656740e-04 
 1.61000000e+00  6.95465263e-04 
 1.62000000e+00  7.08392824e-04 
 1.63000000e+00  7.21439421e-04 
 1.64000000e+00  7.34605055e-04 
 1.65000000e+00  7.47889727e-04 
 1.66000000e+00  7.61293435e-04 
 1.67000000e+00  7.74816181e-04 
 1.68000000e+00  7.88457964e-04 
 1.69000000e+00  8.02218784e-04 
 1.70000000e+00  8.16098641e-04 
 1.71000000e+00  8.30097535e-04 
 1.72000000e+00  8.44215466e-04 
 1.73000000e+00  8.58452434e-04 
 1.74000000e+00  8.72808439e-04 
 1.75000000e+00  8.87283482e-04 
 1.76000000e+00  9.01877561e-04 
 1.77000000e+00  9.16590678e-04 
 1.78000000e+00  9.31422832e-04 
 1.79000000e+00  9.46374023e-04 
 1.80000000e+00  9.61444250e-04 
