 1.80000000e+00  1.81000000e-12 
 1.79000000e+00  1.81000000e-12 
 1.78000000e+00  1.81000000e-12 
 1.77000000e+00  1.81000000e-12 
 1.76000000e+00  1.81000000e-12 
 1.75000000e+00  1.81000000e-12 
 1.74000000e+00  1.81000000e-12 
 1.73000000e+00  1.81000000e-12 
 1.72000000e+00  1.81000000e-12 
 1.71000000e+00  1.81000000e-12 
 1.70000000e+00  1.81000000e-12 
 1.69000000e+00  1.81000000e-12 
 1.68000000e+00  1.81000000e-12 
 1.67000000e+00  1.81000000e-12 
 1.66000000e+00  1.81000000e-12 
 1.65000000e+00  1.81000000e-12 
 1.64000000e+00  1.81000000e-12 
 1.63000000e+00  1.81000000e-12 
 1.62000000e+00  1.81000000e-12 
 1.61000000e+00  1.81000000e-12 
 1.60000000e+00  1.81000000e-12 
 1.59000000e+00  1.81000000e-12 
 1.58000000e+00  1.81000000e-12 
 1.57000000e+00  1.81000000e-12 
 1.56000000e+00  1.81000000e-12 
 1.55000000e+00  1.81000000e-12 
 1.54000000e+00  1.81000000e-12 
 1.53000000e+00  1.81000000e-12 
 1.52000000e+00  1.81000000e-12 
 1.51000000e+00  1.81000000e-12 
 1.50000000e+00  1.81000000e-12 
 1.49000000e+00  1.81000000e-12 
 1.48000000e+00  1.81000000e-12 
 1.47000000e+00  1.81000000e-12 
 1.46000000e+00  1.81000000e-12 
 1.45000000e+00  1.81000000e-12 
 1.44000000e+00  1.81000000e-12 
 1.43000000e+00  1.81000000e-12 
 1.42000000e+00  1.81000000e-12 
 1.41000000e+00  1.81000000e-12 
 1.40000000e+00  1.81000000e-12 
 1.39000000e+00  1.81000000e-12 
 1.38000000e+00  1.81000000e-12 
 1.37000000e+00  1.81000000e-12 
 1.36000000e+00  1.81000000e-12 
 1.35000000e+00  1.81000000e-12 
 1.34000000e+00  1.81000000e-12 
 1.33000000e+00  1.81000000e-12 
 1.32000000e+00  1.81000000e-12 
 1.31000000e+00  1.81000000e-12 
 1.30000000e+00  1.81000000e-12 
 1.29000000e+00  9.13992380e-09 
 1.28000000e+00  1.07231323e-07 
 1.27000000e+00  3.12846125e-07 
 1.26000000e+00  6.25984328e-07 
 1.25000000e+00  1.04664593e-06 
 1.24000000e+00  1.57483094e-06 
 1.23000000e+00  2.21053935e-06 
 1.22000000e+00  2.95377116e-06 
 1.21000000e+00  3.80452637e-06 
 1.20000000e+00  4.76280499e-06 
 1.19000000e+00  5.82860700e-06 
 1.18000000e+00  7.00193242e-06 
 1.17000000e+00  8.28278124e-06 
 1.16000000e+00  9.67115347e-06 
 1.15000000e+00  1.11670491e-05 
 1.14000000e+00  1.27704681e-05 
 1.13000000e+00  1.44814105e-05 
 1.12000000e+00  1.62998764e-05 
 1.11000000e+00  1.82258656e-05 
 1.10000000e+00  2.02593782e-05 
 1.09000000e+00  2.24004143e-05 
 1.08000000e+00  2.46489737e-05 
 1.07000000e+00  2.70050566e-05 
 1.06000000e+00  2.94686628e-05 
 1.05000000e+00  3.20397924e-05 
 1.04000000e+00  3.47184455e-05 
 1.03000000e+00  3.75046219e-05 
 1.02000000e+00  4.03983218e-05 
 1.01000000e+00  4.33995450e-05 
 1.00000000e+00  4.65082917e-05 
 9.90000000e-01  4.97245617e-05 
 9.80000000e-01  5.30483552e-05 
 9.70000000e-01  5.64259104e-05 
 9.60000000e-01  5.99647506e-05 
 9.50000000e-01  6.36111143e-05 
 9.40000000e-01  6.73650013e-05 
 9.30000000e-01  7.12264118e-05 
 9.20000000e-01  7.51953457e-05 
 9.10000000e-01  7.92718030e-05 
 9.00000000e-01  8.34557836e-05 
 8.90000000e-01  8.77472877e-05 
 8.80000000e-01  9.21463152e-05 
 8.70000000e-01  9.66528661e-05 
 8.60000000e-01  1.01266940e-04 
 8.50000000e-01  1.05988538e-04 
 8.40000000e-01  1.10817659e-04 
 8.30000000e-01  1.15754304e-04 
 8.20000000e-01  1.20798471e-04 
 8.10000000e-01  1.25950163e-04 
 8.00000000e-01  1.31209377e-04 
 7.90000000e-01  1.36576116e-04 
 7.80000000e-01  1.42050377e-04 
 7.70000000e-01  1.47632162e-04 
 7.60000000e-01  1.53321470e-04 
 7.50000000e-01  1.59118302e-04 
 7.40000000e-01  1.65022657e-04 
 7.30000000e-01  1.71034536e-04 
 7.20000000e-01  1.77153937e-04 
 7.10000000e-01  1.83380863e-04 
 7.00000000e-01  1.89715311e-04 
 6.90000000e-01  1.96157284e-04 
 6.80000000e-01  2.02706779e-04 
 6.70000000e-01  2.09363798e-04 
 6.60000000e-01  2.16128340e-04 
 6.50000000e-01  2.23000406e-04 
 6.40000000e-01  2.29979995e-04 
 6.30000000e-01  2.37067108e-04 
 6.20000000e-01  2.44261744e-04 
 6.10000000e-01  2.51563903e-04 
 6.00000000e-01  2.58973586e-04 
 5.90000000e-01  2.66490792e-04 
 5.80000000e-01  2.74115521e-04 
 5.70000000e-01  2.81847774e-04 
 5.60000000e-01  2.89687551e-04 
 5.50000000e-01  2.97634850e-04 
 5.40000000e-01  3.05689674e-04 
 5.30000000e-01  3.13852020e-04 
 5.20000000e-01  3.22121890e-04 
 5.10000000e-01  3.30499283e-04 
 5.00000000e-01  3.38984200e-04 
 4.90000000e-01  3.47576640e-04 
 4.80000000e-01  3.56276604e-04 
 4.70000000e-01  3.65084091e-04 
 4.60000000e-01  3.73999101e-04 
 4.50000000e-01  3.83021635e-04 
 4.40000000e-01  3.92151692e-04 
 4.30000000e-01  4.01389273e-04 
 4.20000000e-01  4.10734377e-04 
 4.10000000e-01  4.20187004e-04 
 4.00000000e-01  4.29747155e-04 
 3.90000000e-01  4.39414829e-04 
 3.80000000e-01  4.49190026e-04 
 3.70000000e-01  4.59072747e-04 
 3.60000000e-01  4.69062992e-04 
 3.50000000e-01  4.79160760e-04 
 3.40000000e-01  4.89366051e-04 
 3.30000000e-01  4.99678865e-04 
 3.20000000e-01  5.10099203e-04 
 3.10000000e-01  5.20627065e-04 
 3.00000000e-01  5.31262449e-04 
 2.90000000e-01  5.42005358e-04 
 2.80000000e-01  5.52855789e-04 
 2.70000000e-01  5.63813744e-04 
 2.60000000e-01  5.74879223e-04 
 2.50000000e-01  5.86052224e-04 
 2.40000000e-01  5.97332750e-04 
 2.30000000e-01  6.08720798e-04 
 2.20000000e-01  6.20216370e-04 
 2.10000000e-01  6.31819466e-04 
 2.00000000e-01  6.43530084e-04 
 1.90000000e-01  6.55348227e-04 
 1.80000000e-01  6.67273892e-04 
 1.70000000e-01  6.79307081e-04 
 1.60000000e-01  6.91447794e-04 
 1.50000000e-01  7.03696030e-04 
 1.40000000e-01  7.16051789e-04 
 1.30000000e-01  7.28515071e-04 
 1.20000000e-01  7.41085877e-04 
 1.10000000e-01  7.53764207e-04 
 1.00000000e-01  7.66550060e-04 
 9.00000000e-02  7.79443436e-04 
 8.00000000e-02  7.92444336e-04 
 7.00000000e-02  8.05552759e-04 
 6.00000000e-02  8.18768705e-04 
 5.00000000e-02  8.32092175e-04 
 4.00000000e-02  8.45523168e-04 
 3.00000000e-02  8.59061685e-04 
 2.00000000e-02  8.72707725e-04 
 1.00000000e-02  8.86461288e-04 
-1.41900380e-15  9.00322375e-04 
