 0.00000000e+00  1.81000000e-12 
 1.00000000e-02  1.81000000e-12 
 2.00000000e-02  1.81000000e-12 
 3.00000000e-02  1.81000000e-12 
 4.00000000e-02  1.81000000e-12 
 5.00000000e-02  1.81000000e-12 
 6.00000000e-02  1.81000000e-12 
 7.00000000e-02  1.81000000e-12 
 8.00000000e-02  1.81000000e-12 
 9.00000000e-02  1.81000000e-12 
 1.00000000e-01  1.81000000e-12 
 1.10000000e-01  1.81000000e-12 
 1.20000000e-01  1.81000000e-12 
 1.30000000e-01  1.81000000e-12 
 1.40000000e-01  1.81000000e-12 
 1.50000000e-01  1.81000000e-12 
 1.60000000e-01  1.81000000e-12 
 1.70000000e-01  1.81000000e-12 
 1.80000000e-01  1.81000000e-12 
 1.90000000e-01  1.81000000e-12 
 2.00000000e-01  1.81000000e-12 
 2.10000000e-01  1.81000000e-12 
 2.20000000e-01  1.81000000e-12 
 2.30000000e-01  1.81000000e-12 
 2.40000000e-01  1.81000000e-12 
 2.50000000e-01  1.81000000e-12 
 2.60000000e-01  1.81000000e-12 
 2.70000000e-01  1.81000000e-12 
 2.80000000e-01  1.81000000e-12 
 2.90000000e-01  1.81000000e-12 
 3.00000000e-01  1.81000000e-12 
 3.10000000e-01  1.81000000e-12 
 3.20000000e-01  1.81000000e-12 
 3.30000000e-01  1.81000000e-12 
 3.40000000e-01  1.81000000e-12 
 3.50000000e-01  1.81000000e-12 
 3.60000000e-01  1.81000000e-12 
 3.70000000e-01  1.81000000e-12 
 3.80000000e-01  1.81000000e-12 
 3.90000000e-01  1.81000000e-12 
 4.00000000e-01  1.81000000e-12 
 4.10000000e-01  1.81000000e-12 
 4.20000000e-01  1.81000000e-12 
 4.30000000e-01  1.81000000e-12 
 4.40000000e-01  1.81000000e-12 
 4.50000000e-01  1.81000000e-12 
 4.60000000e-01  1.81000000e-12 
 4.70000000e-01  1.81000000e-12 
 4.80000000e-01  1.81000000e-12 
 4.90000000e-01  9.92597868e-10 
 5.00000000e-01  7.86594891e-08 
 5.10000000e-01  2.80311430e-07 
 5.20000000e-01  6.05948420e-07 
 5.30000000e-01  1.05557046e-06 
 5.40000000e-01  1.62917755e-06 
 5.50000000e-01  2.32676969e-06 
 5.60000000e-01  3.14834688e-06 
 5.70000000e-01  4.09390911e-06 
 5.80000000e-01  5.16345640e-06 
 5.90000000e-01  6.35698874e-06 
 6.00000000e-01  7.67450612e-06 
 6.10000000e-01  9.11600856e-06 
 6.20000000e-01  1.06814960e-05 
 6.30000000e-01  1.23709686e-05 
 6.40000000e-01  1.41844262e-05 
 6.50000000e-01  1.61218688e-05 
 6.60000000e-01  1.81832965e-05 
 6.70000000e-01  2.03687092e-05 
 6.80000000e-01  2.26781070e-05 
 6.90000000e-01  2.51114898e-05 
 7.00000000e-01  2.76688577e-05 
 7.10000000e-01  3.03502106e-05 
 7.20000000e-01  3.31555486e-05 
 7.30000000e-01  3.60848717e-05 
 7.40000000e-01  3.91381797e-05 
 7.50000000e-01  4.23154729e-05 
 7.60000000e-01  4.56167510e-05 
 7.70000000e-01  4.90420143e-05 
 7.80000000e-01  5.25912625e-05 
 7.90000000e-01  5.62644959e-05 
 8.00000000e-01  6.00617142e-05 
 8.10000000e-01  6.39209251e-05 
 8.20000000e-01  6.79661136e-05 
 8.30000000e-01  7.21352871e-05 
 8.40000000e-01  7.64284457e-05 
 8.50000000e-01  8.08455893e-05 
 8.60000000e-01  8.53867180e-05 
 8.70000000e-01  9.00518317e-05 
 8.80000000e-01  9.48409305e-05 
 8.90000000e-01  9.97540143e-05 
 9.00000000e-01  1.04791083e-04 
 9.10000000e-01  1.09952137e-04 
 9.20000000e-01  1.15237176e-04 
 9.30000000e-01  1.20646200e-04 
 9.40000000e-01  1.26179209e-04 
 9.50000000e-01  1.31836203e-04 
 9.60000000e-01  1.37617182e-04 
 9.70000000e-01  1.43522147e-04 
 9.80000000e-01  1.49551096e-04 
 9.90000000e-01  1.55704030e-04 
 1.00000000e+00  1.61980950e-04 
 1.01000000e+00  1.68381854e-04 
 1.02000000e+00  1.74906744e-04 
 1.03000000e+00  1.81555618e-04 
 1.04000000e+00  1.88328478e-04 
 1.05000000e+00  1.95225322e-04 
 1.06000000e+00  2.02246152e-04 
 1.07000000e+00  2.09390967e-04 
 1.08000000e+00  2.16659766e-04 
 1.09000000e+00  2.24052551e-04 
 1.10000000e+00  2.31569321e-04 
 1.11000000e+00  2.39210076e-04 
 1.12000000e+00  2.46974816e-04 
 1.13000000e+00  2.54863541e-04 
 1.14000000e+00  2.62876251e-04 
 1.15000000e+00  2.71012946e-04 
 1.16000000e+00  2.79273626e-04 
 1.17000000e+00  2.87658291e-04 
 1.18000000e+00  2.96166942e-04 
 1.19000000e+00  3.04799577e-04 
 1.20000000e+00  3.13556197e-04 
 1.21000000e+00  3.22436803e-04 
 1.22000000e+00  3.31441393e-04 
 1.23000000e+00  3.40569969e-04 
 1.24000000e+00  3.49822529e-04 
 1.25000000e+00  3.59199075e-04 
 1.26000000e+00  3.68699606e-04 
 1.27000000e+00  3.78324121e-04 
 1.28000000e+00  3.88072622e-04 
 1.29000000e+00  3.97945108e-04 
 1.30000000e+00  4.07941579e-04 
 1.31000000e+00  4.18062035e-04 
 1.32000000e+00  4.28306476e-04 
 1.33000000e+00  4.38674902e-04 
 1.34000000e+00  4.49167313e-04 
 1.35000000e+00  4.59783709e-04 
 1.36000000e+00  4.70524090e-04 
 1.37000000e+00  4.81388456e-04 
 1.38000000e+00  4.92376807e-04 
 1.39000000e+00  5.03489144e-04 
 1.40000000e+00  5.14725465e-04 
 1.41000000e+00  5.26085771e-04 
 1.42000000e+00  5.37570063e-04 
 1.43000000e+00  5.49178339e-04 
 1.44000000e+00  5.60910601e-04 
 1.45000000e+00  5.72766847e-04 
 1.46000000e+00  5.84747079e-04 
 1.47000000e+00  5.96851296e-04 
 1.48000000e+00  6.09079497e-04 
 1.49000000e+00  6.21431684e-04 
 1.50000000e+00  6.33907856e-04 
 1.51000000e+00  6.46508013e-04 
 1.52000000e+00  6.59232155e-04 
 1.53000000e+00  6.72080282e-04 
 1.54000000e+00  6.85052394e-04 
 1.55000000e+00  6.98148491e-04 
 1.56000000e+00  7.11368573e-04 
 1.57000000e+00  7.24712640e-04 
 1.58000000e+00  7.38180693e-04 
 1.59000000e+00  7.51772730e-04 
 1.60000000e+00  7.65488752e-04 
 1.61000000e+00  7.79328760e-04 
 1.62000000e+00  7.93292752e-04 
 1.63000000e+00  8.07380730e-04 
 1.64000000e+00  8.21592692e-04 
 1.65000000e+00  8.35928640e-04 
 1.66000000e+00  8.50388572e-04 
 1.67000000e+00  8.64972490e-04 
 1.68000000e+00  8.79680393e-04 
 1.69000000e+00  8.94512280e-04 
 1.70000000e+00  9.09468153e-04 
 1.71000000e+00  9.24548011e-04 
 1.72000000e+00  9.39751854e-04 
 1.73000000e+00  9.55079682e-04 
 1.74000000e+00  9.70531495e-04 
 1.75000000e+00  9.86107293e-04 
 1.76000000e+00  1.00180708e-03 
 1.77000000e+00  1.01763084e-03 
 1.78000000e+00  1.03357860e-03 
 1.79000000e+00  1.04965034e-03 
 1.80000000e+00  1.06584606e-03 
