 0.00000000e+00  1.81000000e-12 
 1.00000000e-02  1.81000000e-12 
 2.00000000e-02  1.81000000e-12 
 3.00000000e-02  1.81000000e-12 
 4.00000000e-02  1.81000000e-12 
 5.00000000e-02  1.81000000e-12 
 6.00000000e-02  1.81000000e-12 
 7.00000000e-02  1.81000000e-12 
 8.00000000e-02  1.81000000e-12 
 9.00000000e-02  1.81000000e-12 
 1.00000000e-01  1.81000000e-12 
 1.10000000e-01  1.81000000e-12 
 1.20000000e-01  1.81000000e-12 
 1.30000000e-01  1.81000000e-12 
 1.40000000e-01  1.81000000e-12 
 1.50000000e-01  1.81000000e-12 
 1.60000000e-01  1.81000000e-12 
 1.70000000e-01  1.81000000e-12 
 1.80000000e-01  1.81000000e-12 
 1.90000000e-01  1.81000000e-12 
 2.00000000e-01  1.81000000e-12 
 2.10000000e-01  1.81000000e-12 
 2.20000000e-01  1.81000000e-12 
 2.30000000e-01  1.81000000e-12 
 2.40000000e-01  1.81000000e-12 
 2.50000000e-01  1.81000000e-12 
 2.60000000e-01  1.81000000e-12 
 2.70000000e-01  1.81000000e-12 
 2.80000000e-01  1.81000000e-12 
 2.90000000e-01  1.81000000e-12 
 3.00000000e-01  1.81000000e-12 
 3.10000000e-01  1.81000000e-12 
 3.20000000e-01  1.81000000e-12 
 3.30000000e-01  1.81000000e-12 
 3.40000000e-01  1.81000000e-12 
 3.50000000e-01  1.81000000e-12 
 3.60000000e-01  1.81000000e-12 
 3.70000000e-01  1.81000000e-12 
 3.80000000e-01  1.81000000e-12 
 3.90000000e-01  1.81000000e-12 
 4.00000000e-01  1.81000000e-12 
 4.10000000e-01  1.81000000e-12 
 4.20000000e-01  1.81000000e-12 
 4.30000000e-01  1.81000000e-12 
 4.40000000e-01  1.81000000e-12 
 4.50000000e-01  1.81000000e-12 
 4.60000000e-01  1.81000000e-12 
 4.70000000e-01  1.81000000e-12 
 4.80000000e-01  1.78962745e-08 
 4.90000000e-01  1.50420955e-07 
 5.00000000e-01  4.12047626e-07 
 5.10000000e-01  8.02776286e-07 
 5.20000000e-01  1.32260694e-06 
 5.30000000e-01  1.97153958e-06 
 5.40000000e-01  2.74957421e-06 
 5.50000000e-01  3.65671083e-06 
 5.60000000e-01  4.69294943e-06 
 5.70000000e-01  5.85829003e-06 
 5.80000000e-01  7.15273262e-06 
 5.90000000e-01  8.57627720e-06 
 6.00000000e-01  1.01289238e-05 
 6.10000000e-01  1.18106723e-05 
 6.20000000e-01  1.36215229e-05 
 6.30000000e-01  1.55614754e-05 
 6.40000000e-01  1.76305299e-05 
 6.50000000e-01  1.98286865e-05 
 6.60000000e-01  2.21559450e-05 
 6.70000000e-01  2.46123055e-05 
 6.80000000e-01  2.71977680e-05 
 6.90000000e-01  2.99123324e-05 
 7.00000000e-01  3.27559989e-05 
 7.10000000e-01  3.57287674e-05 
 7.20000000e-01  3.88306378e-05 
 7.30000000e-01  4.20616102e-05 
 7.40000000e-01  4.54216847e-05 
 7.50000000e-01  4.89108611e-05 
 7.60000000e-01  5.25291395e-05 
 7.70000000e-01  5.62765199e-05 
 7.80000000e-01  6.01530023e-05 
 7.90000000e-01  6.41585866e-05 
 8.00000000e-01  6.82287220e-05 
 8.10000000e-01  7.24925104e-05 
 8.20000000e-01  7.68854007e-05 
 8.30000000e-01  8.14073930e-05 
 8.40000000e-01  8.60584874e-05 
 8.50000000e-01  9.08386837e-05 
 8.60000000e-01  9.57479820e-05 
 8.70000000e-01  1.00786382e-04 
 8.80000000e-01  1.05953885e-04 
 8.90000000e-01  1.11250489e-04 
 9.00000000e-01  1.16676195e-04 
 9.10000000e-01  1.22231003e-04 
 9.20000000e-01  1.27914914e-04 
 9.30000000e-01  1.33727926e-04 
 9.40000000e-01  1.39670040e-04 
 9.50000000e-01  1.45741256e-04 
 9.60000000e-01  1.51941574e-04 
 9.70000000e-01  1.58270995e-04 
 9.80000000e-01  1.64729517e-04 
 9.90000000e-01  1.71317141e-04 
 1.00000000e+00  1.78033867e-04 
 1.01000000e+00  1.84879695e-04 
 1.02000000e+00  1.91854625e-04 
 1.03000000e+00  1.98958658e-04 
 1.04000000e+00  2.06191792e-04 
 1.05000000e+00  2.13554028e-04 
 1.06000000e+00  2.21045366e-04 
 1.07000000e+00  2.28665806e-04 
 1.08000000e+00  2.36415348e-04 
 1.09000000e+00  2.44293992e-04 
 1.10000000e+00  2.52301738e-04 
 1.11000000e+00  2.60438586e-04 
 1.12000000e+00  2.68704536e-04 
 1.13000000e+00  2.77099588e-04 
 1.14000000e+00  2.85623742e-04 
 1.15000000e+00  2.94276998e-04 
 1.16000000e+00  3.03059356e-04 
 1.17000000e+00  3.11970816e-04 
 1.18000000e+00  3.21011378e-04 
 1.19000000e+00  3.30181042e-04 
 1.20000000e+00  3.39479808e-04 
 1.21000000e+00  3.48907676e-04 
 1.22000000e+00  3.58464646e-04 
 1.23000000e+00  3.68150718e-04 
 1.24000000e+00  3.77965892e-04 
 1.25000000e+00  3.87910168e-04 
 1.26000000e+00  3.97983546e-04 
 1.27000000e+00  4.08186026e-04 
 1.28000000e+00  4.18517608e-04 
 1.29000000e+00  4.28978291e-04 
 1.30000000e+00  4.39568077e-04 
 1.31000000e+00  4.50286965e-04 
 1.32000000e+00  4.61134955e-04 
 1.33000000e+00  4.72112047e-04 
 1.34000000e+00  4.83218241e-04 
 1.35000000e+00  4.94453536e-04 
 1.36000000e+00  5.05817934e-04 
 1.37000000e+00  5.17311434e-04 
 1.38000000e+00  5.28934036e-04 
 1.39000000e+00  5.40685739e-04 
 1.40000000e+00  5.52566545e-04 
 1.41000000e+00  5.64576453e-04 
 1.42000000e+00  5.76715463e-04 
 1.43000000e+00  5.88983574e-04 
 1.44000000e+00  6.01380788e-04 
 1.45000000e+00  6.13907104e-04 
 1.46000000e+00  6.26562522e-04 
 1.47000000e+00  6.39347041e-04 
 1.48000000e+00  6.52260663e-04 
 1.49000000e+00  6.65303387e-04 
 1.50000000e+00  6.78475212e-04 
 1.51000000e+00  6.91776140e-04 
 1.52000000e+00  7.05206169e-04 
 1.53000000e+00  7.18765301e-04 
 1.54000000e+00  7.32453535e-04 
 1.55000000e+00  7.46270870e-04 
 1.56000000e+00  7.60217308e-04 
 1.57000000e+00  7.74292847e-04 
 1.58000000e+00  7.88497489e-04 
 1.59000000e+00  8.02831233e-04 
 1.60000000e+00  8.17294078e-04 
 1.61000000e+00  8.31886026e-04 
 1.62000000e+00  8.46607075e-04 
 1.63000000e+00  8.61457227e-04 
 1.64000000e+00  8.76436480e-04 
 1.65000000e+00  8.91544836e-04 
 1.66000000e+00  9.06782293e-04 
 1.67000000e+00  9.22148853e-04 
 1.68000000e+00  9.37644514e-04 
 1.69000000e+00  9.53269278e-04 
 1.70000000e+00  9.69023143e-04 
 1.71000000e+00  9.84906111e-04 
 1.72000000e+00  1.00091818e-03 
 1.73000000e+00  1.01705935e-03 
 1.74000000e+00  1.03332962e-03 
 1.75000000e+00  1.04972900e-03 
 1.76000000e+00  1.06625748e-03 
 1.77000000e+00  1.08291506e-03 
 1.78000000e+00  1.09970174e-03 
 1.79000000e+00  1.11661752e-03 
 1.80000000e+00  1.13366241e-03 
