 0.00000000e+00  1.81000000e-12 
 1.00000000e-02  1.81000000e-12 
 2.00000000e-02  1.81000000e-12 
 3.00000000e-02  1.81000000e-12 
 4.00000000e-02  1.81000000e-12 
 5.00000000e-02  1.81000000e-12 
 6.00000000e-02  1.81000000e-12 
 7.00000000e-02  1.81000000e-12 
 8.00000000e-02  1.81000000e-12 
 9.00000000e-02  1.81000000e-12 
 1.00000000e-01  1.81000000e-12 
 1.10000000e-01  1.81000000e-12 
 1.20000000e-01  1.81000000e-12 
 1.30000000e-01  1.81000000e-12 
 1.40000000e-01  1.81000000e-12 
 1.50000000e-01  1.81000000e-12 
 1.60000000e-01  1.81000000e-12 
 1.70000000e-01  1.81000000e-12 
 1.80000000e-01  1.81000000e-12 
 1.90000000e-01  1.81000000e-12 
 2.00000000e-01  1.81000000e-12 
 2.10000000e-01  1.81000000e-12 
 2.20000000e-01  1.81000000e-12 
 2.30000000e-01  1.81000000e-12 
 2.40000000e-01  1.81000000e-12 
 2.50000000e-01  1.81000000e-12 
 2.60000000e-01  1.81000000e-12 
 2.70000000e-01  1.81000000e-12 
 2.80000000e-01  1.81000000e-12 
 2.90000000e-01  1.81000000e-12 
 3.00000000e-01  1.81000000e-12 
 3.10000000e-01  1.81000000e-12 
 3.20000000e-01  1.81000000e-12 
 3.30000000e-01  1.81000000e-12 
 3.40000000e-01  1.81000000e-12 
 3.50000000e-01  1.81000000e-12 
 3.60000000e-01  1.81000000e-12 
 3.70000000e-01  1.81000000e-12 
 3.80000000e-01  1.81000000e-12 
 3.90000000e-01  1.81000000e-12 
 4.00000000e-01  1.81000000e-12 
 4.10000000e-01  1.81000000e-12 
 4.20000000e-01  1.81000000e-12 
 4.30000000e-01  1.81000000e-12 
 4.40000000e-01  1.81000000e-12 
 4.50000000e-01  1.81000000e-12 
 4.60000000e-01  1.81000000e-12 
 4.70000000e-01  1.81000000e-12 
 4.80000000e-01  1.81000000e-12 
 4.90000000e-01  1.81000000e-12 
 5.00000000e-01  1.81000000e-12 
 5.10000000e-01  1.81000000e-12 
 5.20000000e-01  5.60649202e-09 
 5.30000000e-01  1.05748777e-07 
 5.40000000e-01  3.31214434e-07 
 5.50000000e-01  6.82003464e-07 
 5.60000000e-01  1.15811587e-06 
 5.70000000e-01  1.75955164e-06 
 5.80000000e-01  2.48631079e-06 
 5.90000000e-01  3.33839330e-06 
 6.00000000e-01  4.31579920e-06 
 6.10000000e-01  5.41852846e-06 
 6.20000000e-01  6.64658109e-06 
 6.30000000e-01  7.99995710e-06 
 6.40000000e-01  9.47865648e-06 
 6.50000000e-01  1.10826792e-05 
 6.60000000e-01  1.28120254e-05 
 6.70000000e-01  1.46666949e-05 
 6.80000000e-01  1.66466877e-05 
 6.90000000e-01  1.87520040e-05 
 7.00000000e-01  2.09826436e-05 
 7.10000000e-01  2.33386066e-05 
 7.20000000e-01  2.58198929e-05 
 7.30000000e-01  2.84265026e-05 
 7.40000000e-01  3.11584358e-05 
 7.50000000e-01  3.40156922e-05 
 7.60000000e-01  3.69982721e-05 
 7.70000000e-01  4.01061753e-05 
 7.80000000e-01  4.33394019e-05 
 7.90000000e-01  4.66979518e-05 
 8.00000000e-01  5.01818252e-05 
 8.10000000e-01  5.37910219e-05 
 8.20000000e-01  5.75255420e-05 
 8.30000000e-01  6.13853854e-05 
 8.40000000e-01  6.53078906e-05 
 8.50000000e-01  6.94183808e-05 
 8.60000000e-01  7.36541943e-05 
 8.70000000e-01  7.80153313e-05 
 8.80000000e-01  8.25017916e-05 
 8.90000000e-01  8.71135753e-05 
 9.00000000e-01  9.18506823e-05 
 9.10000000e-01  9.67131128e-05 
 9.20000000e-01  1.01700867e-04 
 9.30000000e-01  1.06813944e-04 
 9.40000000e-01  1.12052344e-04 
 9.50000000e-01  1.17416068e-04 
 9.60000000e-01  1.22905115e-04 
 9.70000000e-01  1.28519486e-04 
 9.80000000e-01  1.34259180e-04 
 9.90000000e-01  1.40124198e-04 
 1.00000000e+00  1.46114538e-04 
 1.01000000e+00  1.52230203e-04 
 1.02000000e+00  1.58471190e-04 
 1.03000000e+00  1.64837501e-04 
 1.04000000e+00  1.71329135e-04 
 1.05000000e+00  1.77946093e-04 
 1.06000000e+00  1.84688374e-04 
 1.07000000e+00  1.91555978e-04 
 1.08000000e+00  1.98548906e-04 
 1.09000000e+00  2.05667157e-04 
 1.10000000e+00  2.12910732e-04 
 1.11000000e+00  2.20279630e-04 
 1.12000000e+00  2.27773851e-04 
 1.13000000e+00  2.35393395e-04 
 1.14000000e+00  2.43138263e-04 
 1.15000000e+00  2.51008455e-04 
 1.16000000e+00  2.59003969e-04 
 1.17000000e+00  2.67124808e-04 
 1.18000000e+00  2.75370969e-04 
 1.19000000e+00  2.83742454e-04 
 1.20000000e+00  2.92239262e-04 
 1.21000000e+00  3.00861394e-04 
 1.22000000e+00  3.09608849e-04 
 1.23000000e+00  3.18481627e-04 
 1.24000000e+00  3.27479729e-04 
 1.25000000e+00  3.36603154e-04 
 1.26000000e+00  3.45851902e-04 
 1.27000000e+00  3.55225974e-04 
 1.28000000e+00  3.64725369e-04 
 1.29000000e+00  3.74350088e-04 
 1.30000000e+00  3.84100130e-04 
 1.31000000e+00  3.93975495e-04 
 1.32000000e+00  4.03976184e-04 
 1.33000000e+00  4.14102196e-04 
 1.34000000e+00  4.24353531e-04 
 1.35000000e+00  4.34730190e-04 
 1.36000000e+00  4.45232172e-04 
 1.37000000e+00  4.55859478e-04 
 1.38000000e+00  4.66612107e-04 
 1.39000000e+00  4.77490059e-04 
 1.40000000e+00  4.88493335e-04 
 1.41000000e+00  4.99621934e-04 
 1.42000000e+00  5.10875856e-04 
 1.43000000e+00  5.22255102e-04 
 1.44000000e+00  5.33759671e-04 
 1.45000000e+00  5.45389564e-04 
 1.46000000e+00  5.57144780e-04 
 1.47000000e+00  5.69025319e-04 
 1.48000000e+00  5.81031182e-04 
 1.49000000e+00  5.93162368e-04 
 1.50000000e+00  6.05418877e-04 
 1.51000000e+00  6.17800710e-04 
 1.52000000e+00  6.30307866e-04 
 1.53000000e+00  6.42940345e-04 
 1.54000000e+00  6.55698148e-04 
 1.55000000e+00  6.68581275e-04 
 1.56000000e+00  6.81589724e-04 
 1.57000000e+00  6.94723497e-04 
 1.58000000e+00  7.07982594e-04 
 1.59000000e+00  7.21367013e-04 
 1.60000000e+00  7.34876756e-04 
 1.61000000e+00  7.48511823e-04 
 1.62000000e+00  7.62272213e-04 
 1.63000000e+00  7.76157926e-04 
 1.64000000e+00  7.90168963e-04 
 1.65000000e+00  8.04305323e-04 
 1.66000000e+00  8.18567006e-04 
 1.67000000e+00  8.32954013e-04 
 1.68000000e+00  8.47466343e-04 
 1.69000000e+00  8.62103996e-04 
 1.70000000e+00  8.76866973e-04 
 1.71000000e+00  8.91755273e-04 
 1.72000000e+00  9.06768897e-04 
 1.73000000e+00  9.21907844e-04 
 1.74000000e+00  9.37172114e-04 
 1.75000000e+00  9.52561708e-04 
 1.76000000e+00  9.68076625e-04 
 1.77000000e+00  9.83716865e-04 
 1.78000000e+00  9.99482429e-04 
 1.79000000e+00  1.01537332e-03 
 1.80000000e+00  1.03138953e-03 
