 0.00000000e+00  1.81000000e-12 
 1.00000000e-02  1.81000000e-12 
 2.00000000e-02  1.81000000e-12 
 3.00000000e-02  1.81000000e-12 
 4.00000000e-02  1.81000000e-12 
 5.00000000e-02  1.81000000e-12 
 6.00000000e-02  1.81000000e-12 
 7.00000000e-02  1.81000000e-12 
 8.00000000e-02  1.81000000e-12 
 9.00000000e-02  1.81000000e-12 
 1.00000000e-01  1.81000000e-12 
 1.10000000e-01  1.81000000e-12 
 1.20000000e-01  1.81000000e-12 
 1.30000000e-01  1.81000000e-12 
 1.40000000e-01  1.81000000e-12 
 1.50000000e-01  1.81000000e-12 
 1.60000000e-01  1.81000000e-12 
 1.70000000e-01  1.81000000e-12 
 1.80000000e-01  1.81000000e-12 
 1.90000000e-01  1.81000000e-12 
 2.00000000e-01  1.81000000e-12 
 2.10000000e-01  1.81000000e-12 
 2.20000000e-01  1.81000000e-12 
 2.30000000e-01  1.81000000e-12 
 2.40000000e-01  1.81000000e-12 
 2.50000000e-01  1.81000000e-12 
 2.60000000e-01  1.81000000e-12 
 2.70000000e-01  1.81000000e-12 
 2.80000000e-01  1.81000000e-12 
 2.90000000e-01  1.81000000e-12 
 3.00000000e-01  1.81000000e-12 
 3.10000000e-01  1.81000000e-12 
 3.20000000e-01  1.81000000e-12 
 3.30000000e-01  1.81000000e-12 
 3.40000000e-01  1.81000000e-12 
 3.50000000e-01  1.81000000e-12 
 3.60000000e-01  1.81000000e-12 
 3.70000000e-01  1.81000000e-12 
 3.80000000e-01  1.81000000e-12 
 3.90000000e-01  1.81000000e-12 
 4.00000000e-01  1.81000000e-12 
 4.10000000e-01  1.81000000e-12 
 4.20000000e-01  1.81000000e-12 
 4.30000000e-01  1.81000000e-12 
 4.40000000e-01  1.81000000e-12 
 4.50000000e-01  1.81000000e-12 
 4.60000000e-01  1.81000000e-12 
 4.70000000e-01  1.81000000e-12 
 4.80000000e-01  1.81000000e-12 
 4.90000000e-01  1.81000000e-12 
 5.00000000e-01  1.81000000e-12 
 5.10000000e-01  1.81000000e-12 
 5.20000000e-01  1.81000000e-12 
 5.30000000e-01  8.79443858e-09 
 5.40000000e-01  1.23718648e-07 
 5.50000000e-01  3.71734767e-07 
 5.60000000e-01  7.52842796e-07 
 5.70000000e-01  1.26704274e-06 
 5.80000000e-01  1.91433459e-06 
 5.90000000e-01  2.69471835e-06 
 6.00000000e-01  3.60819402e-06 
 6.10000000e-01  4.65476160e-06 
 6.20000000e-01  5.83442109e-06 
 6.30000000e-01  7.14717249e-06 
 6.40000000e-01  8.59301580e-06 
 6.50000000e-01  1.01719510e-05 
 6.60000000e-01  1.18839781e-05 
 6.70000000e-01  1.37290972e-05 
 6.80000000e-01  1.57073081e-05 
 6.90000000e-01  1.78186110e-05 
 7.00000000e-01  2.00630058e-05 
 7.10000000e-01  2.24404925e-05 
 7.20000000e-01  2.49510710e-05 
 7.30000000e-01  2.75947415e-05 
 7.40000000e-01  3.03715040e-05 
 7.50000000e-01  3.32813583e-05 
 7.60000000e-01  3.63243045e-05 
 7.70000000e-01  3.95003427e-05 
 7.80000000e-01  4.28094727e-05 
 7.90000000e-01  4.62516947e-05 
 8.00000000e-01  4.98270085e-05 
 8.10000000e-01  5.35354143e-05 
 8.20000000e-01  5.73769120e-05 
 8.30000000e-01  6.13515016e-05 
 8.40000000e-01  6.54591831e-05 
 8.50000000e-01  6.96334106e-05 
 8.60000000e-01  7.40072759e-05 
 8.70000000e-01  7.85142332e-05 
 8.80000000e-01  8.31542823e-05 
 8.90000000e-01  8.79274234e-05 
 9.00000000e-01  9.28336564e-05 
 9.10000000e-01  9.78729813e-05 
 9.20000000e-01  1.03045398e-04 
 9.30000000e-01  1.08350907e-04 
 9.40000000e-01  1.13789507e-04 
 9.50000000e-01  1.19361200e-04 
 9.60000000e-01  1.25065984e-04 
 9.70000000e-01  1.30903861e-04 
 9.80000000e-01  1.36874829e-04 
 9.90000000e-01  1.42978889e-04 
 1.00000000e+00  1.49216041e-04 
 1.01000000e+00  1.55586285e-04 
 1.02000000e+00  1.62089621e-04 
 1.03000000e+00  1.68726049e-04 
 1.04000000e+00  1.75495569e-04 
 1.05000000e+00  1.82398180e-04 
 1.06000000e+00  1.89433884e-04 
 1.07000000e+00  1.96602679e-04 
 1.08000000e+00  2.03904567e-04 
 1.09000000e+00  2.11339546e-04 
 1.10000000e+00  2.18907617e-04 
 1.11000000e+00  2.26608780e-04 
 1.12000000e+00  2.34443035e-04 
 1.13000000e+00  2.42410382e-04 
 1.14000000e+00  2.50510821e-04 
 1.15000000e+00  2.58744352e-04 
 1.16000000e+00  2.67110974e-04 
 1.17000000e+00  2.75610689e-04 
 1.18000000e+00  2.84243495e-04 
 1.19000000e+00  2.93009394e-04 
 1.20000000e+00  3.01908384e-04 
 1.21000000e+00  3.10940466e-04 
 1.22000000e+00  3.20105640e-04 
 1.23000000e+00  3.29403906e-04 
 1.24000000e+00  3.38835264e-04 
 1.25000000e+00  3.48399714e-04 
 1.26000000e+00  3.58097256e-04 
 1.27000000e+00  3.67927889e-04 
 1.28000000e+00  3.77891615e-04 
 1.29000000e+00  3.87988432e-04 
 1.30000000e+00  3.98218342e-04 
 1.31000000e+00  4.08581343e-04 
 1.32000000e+00  4.19077436e-04 
 1.33000000e+00  4.29706621e-04 
 1.34000000e+00  4.40468898e-04 
 1.35000000e+00  4.51364267e-04 
 1.36000000e+00  4.62392728e-04 
 1.37000000e+00  4.73554281e-04 
 1.38000000e+00  4.84848925e-04 
 1.39000000e+00  4.96276662e-04 
 1.40000000e+00  5.07837490e-04 
 1.41000000e+00  5.19531411e-04 
 1.42000000e+00  5.31358423e-04 
 1.43000000e+00  5.43318527e-04 
 1.44000000e+00  5.55411723e-04 
 1.45000000e+00  5.67638012e-04 
 1.46000000e+00  5.79997391e-04 
 1.47000000e+00  5.92489863e-04 
 1.48000000e+00  6.05115427e-04 
 1.49000000e+00  6.17874083e-04 
 1.50000000e+00  6.30765830e-04 
 1.51000000e+00  6.43790670e-04 
 1.52000000e+00  6.56948601e-04 
 1.53000000e+00  6.70239625e-04 
 1.54000000e+00  6.83663740e-04 
 1.55000000e+00  6.97220947e-04 
 1.56000000e+00  7.10911246e-04 
 1.57000000e+00  7.24734637e-04 
 1.58000000e+00  7.38691120e-04 
 1.59000000e+00  7.52780695e-04 
 1.60000000e+00  7.67003361e-04 
 1.61000000e+00  7.81359120e-04 
 1.62000000e+00  7.95847970e-04 
 1.63000000e+00  8.10469913e-04 
 1.64000000e+00  8.25224947e-04 
 1.65000000e+00  8.40113073e-04 
 1.66000000e+00  8.55134291e-04 
 1.67000000e+00  8.70288601e-04 
 1.68000000e+00  8.85576003e-04 
 1.69000000e+00  9.00996497e-04 
 1.70000000e+00  9.16550083e-04 
 1.71000000e+00  9.32236761e-04 
 1.72000000e+00  9.48056530e-04 
 1.73000000e+00  9.64009392e-04 
 1.74000000e+00  9.80095345e-04 
 1.75000000e+00  9.96314391e-04 
 1.76000000e+00  1.01266653e-03 
 1.77000000e+00  1.02915176e-03 
 1.78000000e+00  1.04577008e-03 
 1.79000000e+00  1.06252149e-03 
 1.80000000e+00  1.07940600e-03 
