 1.80000000e+00  1.81000000e-12 
 1.79000000e+00  1.81000000e-12 
 1.78000000e+00  1.81000000e-12 
 1.77000000e+00  1.81000000e-12 
 1.76000000e+00  1.81000000e-12 
 1.75000000e+00  1.81000000e-12 
 1.74000000e+00  1.81000000e-12 
 1.73000000e+00  1.81000000e-12 
 1.72000000e+00  1.81000000e-12 
 1.71000000e+00  1.81000000e-12 
 1.70000000e+00  1.81000000e-12 
 1.69000000e+00  1.81000000e-12 
 1.68000000e+00  1.81000000e-12 
 1.67000000e+00  1.81000000e-12 
 1.66000000e+00  1.81000000e-12 
 1.65000000e+00  1.81000000e-12 
 1.64000000e+00  1.81000000e-12 
 1.63000000e+00  1.81000000e-12 
 1.62000000e+00  1.81000000e-12 
 1.61000000e+00  1.81000000e-12 
 1.60000000e+00  1.81000000e-12 
 1.59000000e+00  1.81000000e-12 
 1.58000000e+00  1.81000000e-12 
 1.57000000e+00  1.81000000e-12 
 1.56000000e+00  1.81000000e-12 
 1.55000000e+00  1.81000000e-12 
 1.54000000e+00  1.81000000e-12 
 1.53000000e+00  1.81000000e-12 
 1.52000000e+00  1.81000000e-12 
 1.51000000e+00  1.81000000e-12 
 1.50000000e+00  1.81000000e-12 
 1.49000000e+00  1.81000000e-12 
 1.48000000e+00  1.81000000e-12 
 1.47000000e+00  1.81000000e-12 
 1.46000000e+00  1.81000000e-12 
 1.45000000e+00  1.81000000e-12 
 1.44000000e+00  1.81000000e-12 
 1.43000000e+00  1.81000000e-12 
 1.42000000e+00  1.81000000e-12 
 1.41000000e+00  1.81000000e-12 
 1.40000000e+00  1.81000000e-12 
 1.39000000e+00  1.81000000e-12 
 1.38000000e+00  1.81000000e-12 
 1.37000000e+00  1.81000000e-12 
 1.36000000e+00  1.81000000e-12 
 1.35000000e+00  1.81000000e-12 
 1.34000000e+00  1.81000000e-12 
 1.33000000e+00  1.81000000e-12 
 1.32000000e+00  1.81000000e-12 
 1.31000000e+00  1.81000000e-12 
 1.30000000e+00  1.81000000e-12 
 1.29000000e+00  3.96083919e-09 
 1.28000000e+00  9.51057646e-08 
 1.27000000e+00  3.06760233e-07 
 1.26000000e+00  6.38924245e-07 
 1.25000000e+00  1.09159780e-06 
 1.24000000e+00  1.66478090e-06 
 1.23000000e+00  2.35847354e-06 
 1.22000000e+00  3.17267573e-06 
 1.21000000e+00  4.10738745e-06 
 1.20000000e+00  5.16260873e-06 
 1.19000000e+00  6.33833954e-06 
 1.18000000e+00  7.63457990e-06 
 1.17000000e+00  9.05132980e-06 
 1.16000000e+00  1.05885892e-05 
 1.15000000e+00  1.22463582e-05 
 1.14000000e+00  1.40246368e-05 
 1.13000000e+00  1.59234248e-05 
 1.12000000e+00  1.79427225e-05 
 1.11000000e+00  2.00825296e-05 
 1.10000000e+00  2.23428463e-05 
 1.09000000e+00  2.47236726e-05 
 1.08000000e+00  2.72250084e-05 
 1.07000000e+00  2.98468537e-05 
 1.06000000e+00  3.25892086e-05 
 1.05000000e+00  3.54520730e-05 
 1.04000000e+00  3.84354470e-05 
 1.03000000e+00  4.15393305e-05 
 1.02000000e+00  4.47637235e-05 
 1.01000000e+00  4.81086261e-05 
 1.00000000e+00  5.15740382e-05 
 9.90000000e-01  5.51599599e-05 
 9.80000000e-01  5.88663911e-05 
 9.70000000e-01  6.26330771e-05 
 9.60000000e-01  6.65805275e-05 
 9.50000000e-01  7.06484873e-05 
 9.40000000e-01  7.48369567e-05 
 9.30000000e-01  7.91459356e-05 
 9.20000000e-01  8.35754241e-05 
 9.10000000e-01  8.81254222e-05 
 9.00000000e-01  9.27959297e-05 
 8.90000000e-01  9.75869468e-05 
 8.80000000e-01  1.02498473e-04 
 8.70000000e-01  1.07530510e-04 
 8.60000000e-01  1.12683055e-04 
 8.50000000e-01  1.17956111e-04 
 8.40000000e-01  1.23349676e-04 
 8.30000000e-01  1.28863750e-04 
 8.20000000e-01  1.34498334e-04 
 8.10000000e-01  1.40253427e-04 
 8.00000000e-01  1.46129030e-04 
 7.90000000e-01  1.52125143e-04 
 7.80000000e-01  1.58241765e-04 
 7.70000000e-01  1.64478897e-04 
 7.60000000e-01  1.70836538e-04 
 7.50000000e-01  1.77314688e-04 
 7.40000000e-01  1.83913349e-04 
 7.30000000e-01  1.90632519e-04 
 7.20000000e-01  1.97472198e-04 
 7.10000000e-01  2.04432387e-04 
 7.00000000e-01  2.11513085e-04 
 6.90000000e-01  2.18714293e-04 
 6.80000000e-01  2.26036011e-04 
 6.70000000e-01  2.33478238e-04 
 6.60000000e-01  2.41040974e-04 
 6.50000000e-01  2.48724221e-04 
 6.40000000e-01  2.56527976e-04 
 6.30000000e-01  2.64452241e-04 
 6.20000000e-01  2.72497016e-04 
 6.10000000e-01  2.80662301e-04 
 6.00000000e-01  2.88948094e-04 
 5.90000000e-01  2.97354398e-04 
 5.80000000e-01  3.05881211e-04 
 5.70000000e-01  3.14528533e-04 
 5.60000000e-01  3.23296365e-04 
 5.50000000e-01  3.32184707e-04 
 5.40000000e-01  3.41193558e-04 
 5.30000000e-01  3.50322919e-04 
 5.20000000e-01  3.59572789e-04 
 5.10000000e-01  3.68943169e-04 
 5.00000000e-01  3.78434058e-04 
 4.90000000e-01  3.88045457e-04 
 4.80000000e-01  3.97777365e-04 
 4.70000000e-01  4.07629783e-04 
 4.60000000e-01  4.17602711e-04 
 4.50000000e-01  4.27696148e-04 
 4.40000000e-01  4.37910094e-04 
 4.30000000e-01  4.48244550e-04 
 4.20000000e-01  4.58699516e-04 
 4.10000000e-01  4.69274991e-04 
 4.00000000e-01  4.79970976e-04 
 3.90000000e-01  4.90787470e-04 
 3.80000000e-01  5.01724474e-04 
 3.70000000e-01  5.12781987e-04 
 3.60000000e-01  5.23960010e-04 
 3.50000000e-01  5.35258543e-04 
 3.40000000e-01  5.46677585e-04 
 3.30000000e-01  5.58217136e-04 
 3.20000000e-01  5.69877197e-04 
 3.10000000e-01  5.81657768e-04 
 3.00000000e-01  5.93558848e-04 
 2.90000000e-01  6.05580438e-04 
 2.80000000e-01  6.17722537e-04 
 2.70000000e-01  6.29985146e-04 
 2.60000000e-01  6.42368264e-04 
 2.50000000e-01  6.54871892e-04 
 2.40000000e-01  6.67496029e-04 
 2.30000000e-01  6.80240676e-04 
 2.20000000e-01  6.93105833e-04 
 2.10000000e-01  7.06091499e-04 
 2.00000000e-01  7.19197675e-04 
 1.90000000e-01  7.32424360e-04 
 1.80000000e-01  7.45771554e-04 
 1.70000000e-01  7.59239259e-04 
 1.60000000e-01  7.72827472e-04 
 1.50000000e-01  7.86536196e-04 
 1.40000000e-01  8.00365429e-04 
 1.30000000e-01  8.14315171e-04 
 1.20000000e-01  8.28385423e-04 
 1.10000000e-01  8.42576184e-04 
 1.00000000e-01  8.56887455e-04 
 9.00000000e-02  8.71319236e-04 
 8.00000000e-02  8.85871526e-04 
 7.00000000e-02  9.00544326e-04 
 6.00000000e-02  9.15337635e-04 
 5.00000000e-02  9.30251454e-04 
 4.00000000e-02  9.45285782e-04 
 3.00000000e-02  9.60440620e-04 
 2.00000000e-02  9.75715967e-04 
 1.00000000e-02  9.91111824e-04 
-1.41900380e-15  1.00662819e-03 
