 0.00000000e+00  1.81000000e-12 
 1.00000000e-02  1.81000000e-12 
 2.00000000e-02  1.81000000e-12 
 3.00000000e-02  1.81000000e-12 
 4.00000000e-02  1.81000000e-12 
 5.00000000e-02  1.81000000e-12 
 6.00000000e-02  1.81000000e-12 
 7.00000000e-02  1.81000000e-12 
 8.00000000e-02  1.81000000e-12 
 9.00000000e-02  1.81000000e-12 
 1.00000000e-01  1.81000000e-12 
 1.10000000e-01  1.81000000e-12 
 1.20000000e-01  1.81000000e-12 
 1.30000000e-01  1.81000000e-12 
 1.40000000e-01  1.81000000e-12 
 1.50000000e-01  1.81000000e-12 
 1.60000000e-01  1.81000000e-12 
 1.70000000e-01  1.81000000e-12 
 1.80000000e-01  1.81000000e-12 
 1.90000000e-01  1.81000000e-12 
 2.00000000e-01  1.81000000e-12 
 2.10000000e-01  1.81000000e-12 
 2.20000000e-01  1.81000000e-12 
 2.30000000e-01  1.81000000e-12 
 2.40000000e-01  1.81000000e-12 
 2.50000000e-01  1.81000000e-12 
 2.60000000e-01  1.81000000e-12 
 2.70000000e-01  1.81000000e-12 
 2.80000000e-01  1.81000000e-12 
 2.90000000e-01  1.81000000e-12 
 3.00000000e-01  1.81000000e-12 
 3.10000000e-01  1.81000000e-12 
 3.20000000e-01  1.81000000e-12 
 3.30000000e-01  1.81000000e-12 
 3.40000000e-01  1.81000000e-12 
 3.50000000e-01  1.81000000e-12 
 3.60000000e-01  1.81000000e-12 
 3.70000000e-01  1.81000000e-12 
 3.80000000e-01  1.81000000e-12 
 3.90000000e-01  1.81000000e-12 
 4.00000000e-01  1.81000000e-12 
 4.10000000e-01  1.81000000e-12 
 4.20000000e-01  1.81000000e-12 
 4.30000000e-01  1.81000000e-12 
 4.40000000e-01  1.81000000e-12 
 4.50000000e-01  1.81000000e-12 
 4.60000000e-01  1.81000000e-12 
 4.70000000e-01  1.81000000e-12 
 4.80000000e-01  1.81000000e-12 
 4.90000000e-01  1.81000000e-12 
 5.00000000e-01  1.81000000e-12 
 5.10000000e-01  2.43241234e-08 
 5.20000000e-01  1.57782550e-07 
 5.30000000e-01  4.07653858e-07 
 5.40000000e-01  7.73938050e-07 
 5.50000000e-01  1.25663512e-06 
 5.60000000e-01  1.85574508e-06 
 5.70000000e-01  2.57126792e-06 
 5.80000000e-01  3.40320364e-06 
 5.90000000e-01  4.35155224e-06 
 6.00000000e-01  5.41631373e-06 
 6.10000000e-01  6.59748810e-06 
 6.20000000e-01  7.89507535e-06 
 6.30000000e-01  9.30907549e-06 
 6.40000000e-01  1.08394885e-05 
 6.50000000e-01  1.24863144e-05 
 6.60000000e-01  1.42495532e-05 
 6.70000000e-01  1.61292048e-05 
 6.80000000e-01  1.81252694e-05 
 6.90000000e-01  2.02377468e-05 
 7.00000000e-01  2.24666371e-05 
 7.10000000e-01  2.48119403e-05 
 7.20000000e-01  2.72736564e-05 
 7.30000000e-01  2.98517854e-05 
 7.40000000e-01  3.25463272e-05 
 7.50000000e-01  3.53572819e-05 
 7.60000000e-01  3.82846495e-05 
 7.70000000e-01  4.13284300e-05 
 7.80000000e-01  4.44886234e-05 
 7.90000000e-01  4.77652297e-05 
 8.00000000e-01  5.11582488e-05 
 8.10000000e-01  5.46676808e-05 
 8.20000000e-01  5.82353193e-05 
 8.30000000e-01  6.19775771e-05 
 8.40000000e-01  6.58362477e-05 
 8.50000000e-01  6.98113313e-05 
 8.60000000e-01  7.39028277e-05 
 8.70000000e-01  7.81107370e-05 
 8.80000000e-01  8.24350592e-05 
 8.90000000e-01  8.68757943e-05 
 9.00000000e-01  9.14329423e-05 
 9.10000000e-01  9.61065031e-05 
 9.20000000e-01  1.00896477e-04 
 9.30000000e-01  1.05802863e-04 
 9.40000000e-01  1.10825663e-04 
 9.50000000e-01  1.15964875e-04 
 9.60000000e-01  1.21220501e-04 
 9.70000000e-01  1.26592539e-04 
 9.80000000e-01  1.32080990e-04 
 9.90000000e-01  1.37685854e-04 
 1.00000000e+00  1.43407130e-04 
 1.01000000e+00  1.49244820e-04 
 1.02000000e+00  1.55198923e-04 
 1.03000000e+00  1.61269438e-04 
 1.04000000e+00  1.67456366e-04 
 1.05000000e+00  1.73759708e-04 
 1.06000000e+00  1.80179462e-04 
 1.07000000e+00  1.86715629e-04 
 1.08000000e+00  1.93368209e-04 
 1.09000000e+00  2.00137201e-04 
 1.10000000e+00  2.07022607e-04 
 1.11000000e+00  2.14024425e-04 
 1.12000000e+00  2.21142657e-04 
 1.13000000e+00  2.28377301e-04 
 1.14000000e+00  2.35728358e-04 
 1.15000000e+00  2.43195828e-04 
 1.16000000e+00  2.50779711e-04 
 1.17000000e+00  2.58480007e-04 
 1.18000000e+00  2.66296716e-04 
 1.19000000e+00  2.74229837e-04 
 1.20000000e+00  2.82279372e-04 
 1.21000000e+00  2.90445319e-04 
 1.22000000e+00  2.98727679e-04 
 1.23000000e+00  3.07126452e-04 
 1.24000000e+00  3.15641638e-04 
 1.25000000e+00  3.24273237e-04 
 1.26000000e+00  3.33021249e-04 
 1.27000000e+00  3.41885673e-04 
 1.28000000e+00  3.50866511e-04 
 1.29000000e+00  3.59963761e-04 
 1.30000000e+00  3.69177424e-04 
 1.31000000e+00  3.78507501e-04 
 1.32000000e+00  3.87953990e-04 
 1.33000000e+00  3.97516892e-04 
 1.34000000e+00  4.07196206e-04 
 1.35000000e+00  4.16991934e-04 
 1.36000000e+00  4.26904075e-04 
 1.37000000e+00  4.36932628e-04 
 1.38000000e+00  4.47077594e-04 
 1.39000000e+00  4.57338974e-04 
 1.40000000e+00  4.67716766e-04 
 1.41000000e+00  4.78210971e-04 
 1.42000000e+00  4.88821588e-04 
 1.43000000e+00  4.99548619e-04 
 1.44000000e+00  5.10392063e-04 
 1.45000000e+00  5.21351919e-04 
 1.46000000e+00  5.32428189e-04 
 1.47000000e+00  5.43620871e-04 
 1.48000000e+00  5.54929966e-04 
 1.49000000e+00  5.66355474e-04 
 1.50000000e+00  5.77897395e-04 
 1.51000000e+00  5.89555729e-04 
 1.52000000e+00  6.01330476e-04 
 1.53000000e+00  6.13221635e-04 
 1.54000000e+00  6.25229208e-04 
 1.55000000e+00  6.37353193e-04 
 1.56000000e+00  6.49593591e-04 
 1.57000000e+00  6.61950402e-04 
 1.58000000e+00  6.74423626e-04 
 1.59000000e+00  6.87013263e-04 
 1.60000000e+00  6.99719313e-04 
 1.61000000e+00  7.12541775e-04 
 1.62000000e+00  7.25480651e-04 
 1.63000000e+00  7.38535939e-04 
 1.64000000e+00  7.51707641e-04 
 1.65000000e+00  7.64995755e-04 
 1.66000000e+00  7.78400282e-04 
 1.67000000e+00  7.91921222e-04 
 1.68000000e+00  8.05558575e-04 
 1.69000000e+00  8.19312340e-04 
 1.70000000e+00  8.33182519e-04 
 1.71000000e+00  8.47169110e-04 
 1.72000000e+00  8.61272115e-04 
 1.73000000e+00  8.75491532e-04 
 1.74000000e+00  8.89827362e-04 
 1.75000000e+00  9.04279605e-04 
 1.76000000e+00  9.18848261e-04 
 1.77000000e+00  9.33533329e-04 
 1.78000000e+00  9.48334811e-04 
 1.79000000e+00  9.63252706e-04 
 1.80000000e+00  9.78287013e-04 
