 0.00000000e+00  1.81000000e-12 
 1.00000000e-02  1.81000000e-12 
 2.00000000e-02  1.81000000e-12 
 3.00000000e-02  1.81000000e-12 
 4.00000000e-02  1.81000000e-12 
 5.00000000e-02  1.81000000e-12 
 6.00000000e-02  1.81000000e-12 
 7.00000000e-02  1.81000000e-12 
 8.00000000e-02  1.81000000e-12 
 9.00000000e-02  1.81000000e-12 
 1.00000000e-01  1.81000000e-12 
 1.10000000e-01  1.81000000e-12 
 1.20000000e-01  1.81000000e-12 
 1.30000000e-01  1.81000000e-12 
 1.40000000e-01  1.81000000e-12 
 1.50000000e-01  1.81000000e-12 
 1.60000000e-01  1.81000000e-12 
 1.70000000e-01  1.81000000e-12 
 1.80000000e-01  1.81000000e-12 
 1.90000000e-01  1.81000000e-12 
 2.00000000e-01  1.81000000e-12 
 2.10000000e-01  1.81000000e-12 
 2.20000000e-01  1.81000000e-12 
 2.30000000e-01  1.81000000e-12 
 2.40000000e-01  1.81000000e-12 
 2.50000000e-01  1.81000000e-12 
 2.60000000e-01  1.81000000e-12 
 2.70000000e-01  1.81000000e-12 
 2.80000000e-01  1.81000000e-12 
 2.90000000e-01  1.81000000e-12 
 3.00000000e-01  1.81000000e-12 
 3.10000000e-01  1.81000000e-12 
 3.20000000e-01  1.81000000e-12 
 3.30000000e-01  1.81000000e-12 
 3.40000000e-01  1.81000000e-12 
 3.50000000e-01  1.81000000e-12 
 3.60000000e-01  1.81000000e-12 
 3.70000000e-01  1.81000000e-12 
 3.80000000e-01  1.81000000e-12 
 3.90000000e-01  1.81000000e-12 
 4.00000000e-01  1.81000000e-12 
 4.10000000e-01  1.81000000e-12 
 4.20000000e-01  1.81000000e-12 
 4.30000000e-01  1.81000000e-12 
 4.40000000e-01  1.81000000e-12 
 4.50000000e-01  1.81000000e-12 
 4.60000000e-01  1.81000000e-12 
 4.70000000e-01  1.81000000e-12 
 4.80000000e-01  1.81000000e-12 
 4.90000000e-01  1.81000000e-12 
 5.00000000e-01  1.81000000e-12 
 5.10000000e-01  1.29715682e-08 
 5.20000000e-01  1.26286760e-07 
 5.30000000e-01  3.56228186e-07 
 5.40000000e-01  7.02795846e-07 
 5.50000000e-01  1.16598974e-06 
 5.60000000e-01  1.74580987e-06 
 5.70000000e-01  2.44225624e-06 
 5.80000000e-01  3.25532884e-06 
 5.90000000e-01  4.18502767e-06 
 6.00000000e-01  5.23135274e-06 
 6.10000000e-01  6.39430404e-06 
 6.20000000e-01  7.67388158e-06 
 6.30000000e-01  9.07008536e-06 
 6.40000000e-01  1.05829154e-05 
 6.50000000e-01  1.22123716e-05 
 6.60000000e-01  1.39584541e-05 
 6.70000000e-01  1.58211628e-05 
 6.80000000e-01  1.78004977e-05 
 6.90000000e-01  1.98964589e-05 
 7.00000000e-01  2.21090463e-05 
 7.10000000e-01  2.44382600e-05 
 7.20000000e-01  2.68840999e-05 
 7.30000000e-01  2.94465660e-05 
 7.40000000e-01  3.21256584e-05 
 7.50000000e-01  3.49213769e-05 
 7.60000000e-01  3.78337218e-05 
 7.70000000e-01  4.08626928e-05 
 7.80000000e-01  4.40082901e-05 
 7.90000000e-01  4.72705137e-05 
 8.00000000e-01  5.06493634e-05 
 8.10000000e-01  5.41448394e-05 
 8.20000000e-01  5.77569416e-05 
 8.30000000e-01  6.14273570e-05 
 8.40000000e-01  6.52727117e-05 
 8.50000000e-01  6.92346926e-05 
 8.60000000e-01  7.33132998e-05 
 8.70000000e-01  7.75085332e-05 
 8.80000000e-01  8.18203929e-05 
 8.90000000e-01  8.62488787e-05 
 9.00000000e-01  9.07939908e-05 
 9.10000000e-01  9.54557292e-05 
 9.20000000e-01  1.00234094e-04 
 9.30000000e-01  1.05129085e-04 
 9.40000000e-01  1.10140702e-04 
 9.50000000e-01  1.15268945e-04 
 9.60000000e-01  1.20513814e-04 
 9.70000000e-01  1.25875310e-04 
 9.80000000e-01  1.31353432e-04 
 9.90000000e-01  1.36948180e-04 
 1.00000000e+00  1.42659555e-04 
 1.01000000e+00  1.48487556e-04 
 1.02000000e+00  1.54432182e-04 
 1.03000000e+00  1.60493436e-04 
 1.04000000e+00  1.66671315e-04 
 1.05000000e+00  1.72965821e-04 
 1.06000000e+00  1.79376953e-04 
 1.07000000e+00  1.85904711e-04 
 1.08000000e+00  1.92549095e-04 
 1.09000000e+00  1.99310106e-04 
 1.10000000e+00  2.06187742e-04 
 1.11000000e+00  2.13182005e-04 
 1.12000000e+00  2.20292895e-04 
 1.13000000e+00  2.27520410e-04 
 1.14000000e+00  2.34864552e-04 
 1.15000000e+00  2.42325320e-04 
 1.16000000e+00  2.49902714e-04 
 1.17000000e+00  2.57596735e-04 
 1.18000000e+00  2.65407381e-04 
 1.19000000e+00  2.73334654e-04 
 1.20000000e+00  2.81378553e-04 
 1.21000000e+00  2.89539079e-04 
 1.22000000e+00  2.97816230e-04 
 1.23000000e+00  3.06210008e-04 
 1.24000000e+00  3.14720412e-04 
 1.25000000e+00  3.23347443e-04 
 1.26000000e+00  3.32091099e-04 
 1.27000000e+00  3.40951382e-04 
 1.28000000e+00  3.49928291e-04 
 1.29000000e+00  3.59021826e-04 
 1.30000000e+00  3.68231988e-04 
 1.31000000e+00  3.77558775e-04 
 1.32000000e+00  3.87002189e-04 
 1.33000000e+00  3.96562230e-04 
 1.34000000e+00  4.06238896e-04 
 1.35000000e+00  4.16032189e-04 
 1.36000000e+00  4.25942108e-04 
 1.37000000e+00  4.35968653e-04 
 1.38000000e+00  4.46111824e-04 
 1.39000000e+00  4.56371622e-04 
 1.40000000e+00  4.66748046e-04 
 1.41000000e+00  4.77241096e-04 
 1.42000000e+00  4.87850772e-04 
 1.43000000e+00  4.98577075e-04 
 1.44000000e+00  5.09420003e-04 
 1.45000000e+00  5.20379558e-04 
 1.46000000e+00  5.31455740e-04 
 1.47000000e+00  5.42648547e-04 
 1.48000000e+00  5.53957981e-04 
 1.49000000e+00  5.65384041e-04 
 1.50000000e+00  5.76926727e-04 
 1.51000000e+00  5.88586039e-04 
 1.52000000e+00  6.00361978e-04 
 1.53000000e+00  6.12254543e-04 
 1.54000000e+00  6.24263734e-04 
 1.55000000e+00  6.36389552e-04 
 1.56000000e+00  6.48631995e-04 
 1.57000000e+00  6.60991065e-04 
 1.58000000e+00  6.73466761e-04 
 1.59000000e+00  6.86059083e-04 
 1.60000000e+00  6.98768032e-04 
 1.61000000e+00  7.11593607e-04 
 1.62000000e+00  7.24535808e-04 
 1.63000000e+00  7.37594635e-04 
 1.64000000e+00  7.50770088e-04 
 1.65000000e+00  7.64062168e-04 
 1.66000000e+00  7.77470874e-04 
 1.67000000e+00  7.90996206e-04 
 1.68000000e+00  8.04638165e-04 
 1.69000000e+00  8.18396749e-04 
 1.70000000e+00  8.32271960e-04 
 1.71000000e+00  8.46263797e-04 
 1.72000000e+00  8.60372261e-04 
 1.73000000e+00  8.74597350e-04 
 1.74000000e+00  8.88939066e-04 
 1.75000000e+00  9.03397408e-04 
 1.76000000e+00  9.17972377e-04 
 1.77000000e+00  9.32663971e-04 
 1.78000000e+00  9.47472192e-04 
 1.79000000e+00  9.62397039e-04 
 1.80000000e+00  9.77438512e-04 
