 0.00000000e+00  1.81000000e-12 
 1.00000000e-02  1.81000000e-12 
 2.00000000e-02  1.81000000e-12 
 3.00000000e-02  1.81000000e-12 
 4.00000000e-02  1.81000000e-12 
 5.00000000e-02  1.81000000e-12 
 6.00000000e-02  1.81000000e-12 
 7.00000000e-02  1.81000000e-12 
 8.00000000e-02  1.81000000e-12 
 9.00000000e-02  1.81000000e-12 
 1.00000000e-01  1.81000000e-12 
 1.10000000e-01  1.81000000e-12 
 1.20000000e-01  1.81000000e-12 
 1.30000000e-01  1.81000000e-12 
 1.40000000e-01  1.81000000e-12 
 1.50000000e-01  1.81000000e-12 
 1.60000000e-01  1.81000000e-12 
 1.70000000e-01  1.81000000e-12 
 1.80000000e-01  1.81000000e-12 
 1.90000000e-01  1.81000000e-12 
 2.00000000e-01  1.81000000e-12 
 2.10000000e-01  1.81000000e-12 
 2.20000000e-01  1.81000000e-12 
 2.30000000e-01  1.81000000e-12 
 2.40000000e-01  1.81000000e-12 
 2.50000000e-01  1.81000000e-12 
 2.60000000e-01  1.81000000e-12 
 2.70000000e-01  1.81000000e-12 
 2.80000000e-01  1.81000000e-12 
 2.90000000e-01  1.81000000e-12 
 3.00000000e-01  1.81000000e-12 
 3.10000000e-01  1.81000000e-12 
 3.20000000e-01  1.81000000e-12 
 3.30000000e-01  1.81000000e-12 
 3.40000000e-01  1.81000000e-12 
 3.50000000e-01  1.81000000e-12 
 3.60000000e-01  1.81000000e-12 
 3.70000000e-01  1.81000000e-12 
 3.80000000e-01  1.81000000e-12 
 3.90000000e-01  1.81000000e-12 
 4.00000000e-01  1.81000000e-12 
 4.10000000e-01  1.81000000e-12 
 4.20000000e-01  1.81000000e-12 
 4.30000000e-01  1.81000000e-12 
 4.40000000e-01  1.81000000e-12 
 4.50000000e-01  1.81000000e-12 
 4.60000000e-01  1.81000000e-12 
 4.70000000e-01  1.81000000e-12 
 4.80000000e-01  1.81000000e-12 
 4.90000000e-01  1.81000000e-12 
 5.00000000e-01  1.81000000e-12 
 5.10000000e-01  1.72594488e-09 
 5.20000000e-01  8.01376469e-08 
 5.30000000e-01  2.75251850e-07 
 5.40000000e-01  5.87068555e-07 
 5.50000000e-01  1.01558776e-06 
 5.60000000e-01  1.56080947e-06 
 5.70000000e-01  2.22273368e-06 
 5.80000000e-01  3.00136039e-06 
 5.90000000e-01  3.89668960e-06 
 6.00000000e-01  4.90872131e-06 
 6.10000000e-01  6.03745553e-06 
 6.20000000e-01  7.28289224e-06 
 6.30000000e-01  8.64503146e-06 
 6.40000000e-01  1.01238732e-05 
 6.50000000e-01  1.17194174e-05 
 6.60000000e-01  1.34316641e-05 
 6.70000000e-01  1.52606133e-05 
 6.80000000e-01  1.72062651e-05 
 6.90000000e-01  1.92686193e-05 
 7.00000000e-01  2.14476760e-05 
 7.10000000e-01  2.37434353e-05 
 7.20000000e-01  2.61558970e-05 
 7.30000000e-01  2.86850612e-05 
 7.40000000e-01  3.13309279e-05 
 7.50000000e-01  3.40934972e-05 
 7.60000000e-01  3.69727689e-05 
 7.70000000e-01  3.99687432e-05 
 7.80000000e-01  4.30814199e-05 
 7.90000000e-01  4.63107991e-05 
 8.00000000e-01  4.96568809e-05 
 8.10000000e-01  5.31196651e-05 
 8.20000000e-01  5.66991519e-05 
 8.30000000e-01  6.03369899e-05 
 8.40000000e-01  6.41498816e-05 
 8.50000000e-01  6.80794759e-05 
 8.60000000e-01  7.21257726e-05 
 8.70000000e-01  7.62887719e-05 
 8.80000000e-01  8.05684736e-05 
 8.90000000e-01  8.49648779e-05 
 9.00000000e-01  8.94779846e-05 
 9.10000000e-01  9.41077939e-05 
 9.20000000e-01  9.88543056e-05 
 9.30000000e-01  1.03717520e-04 
 9.40000000e-01  1.08697437e-04 
 9.50000000e-01  1.13794056e-04 
 9.60000000e-01  1.19007378e-04 
 9.70000000e-01  1.24337402e-04 
 9.80000000e-01  1.29784129e-04 
 9.90000000e-01  1.35347558e-04 
 1.00000000e+00  1.41027690e-04 
 1.01000000e+00  1.46824524e-04 
 1.02000000e+00  1.52738061e-04 
 1.03000000e+00  1.58768300e-04 
 1.04000000e+00  1.64915242e-04 
 1.05000000e+00  1.71178886e-04 
 1.06000000e+00  1.77559233e-04 
 1.07000000e+00  1.84056282e-04 
 1.08000000e+00  1.90670034e-04 
 1.09000000e+00  1.97400488e-04 
 1.10000000e+00  2.04247645e-04 
 1.11000000e+00  2.11211504e-04 
 1.12000000e+00  2.18292066e-04 
 1.13000000e+00  2.25489330e-04 
 1.14000000e+00  2.32803297e-04 
 1.15000000e+00  2.40233966e-04 
 1.16000000e+00  2.47781338e-04 
 1.17000000e+00  2.55445413e-04 
 1.18000000e+00  2.63226189e-04 
 1.19000000e+00  2.71123669e-04 
 1.20000000e+00  2.79137850e-04 
 1.21000000e+00  2.87268735e-04 
 1.22000000e+00  2.95516322e-04 
 1.23000000e+00  3.03880611e-04 
 1.24000000e+00  3.12361603e-04 
 1.25000000e+00  3.20959297e-04 
 1.26000000e+00  3.29673694e-04 
 1.27000000e+00  3.38504793e-04 
 1.28000000e+00  3.47452595e-04 
 1.29000000e+00  3.56517099e-04 
 1.30000000e+00  3.65698306e-04 
 1.31000000e+00  3.74996215e-04 
 1.32000000e+00  3.84410827e-04 
 1.33000000e+00  3.93942141e-04 
 1.34000000e+00  4.03590158e-04 
 1.35000000e+00  4.13354878e-04 
 1.36000000e+00  4.23236299e-04 
 1.37000000e+00  4.33234424e-04 
 1.38000000e+00  4.43349251e-04 
 1.39000000e+00  4.53580780e-04 
 1.40000000e+00  4.63929012e-04 
 1.41000000e+00  4.74393946e-04 
 1.42000000e+00  4.84975583e-04 
 1.43000000e+00  4.95673922e-04 
 1.44000000e+00  5.06488964e-04 
 1.45000000e+00  5.17420708e-04 
 1.46000000e+00  5.28469155e-04 
 1.47000000e+00  5.39634305e-04 
 1.48000000e+00  5.50916156e-04 
 1.49000000e+00  5.62314711e-04 
 1.50000000e+00  5.73829968e-04 
 1.51000000e+00  5.85461927e-04 
 1.52000000e+00  5.97210589e-04 
 1.53000000e+00  6.09075953e-04 
 1.54000000e+00  6.21058020e-04 
 1.55000000e+00  6.33156789e-04 
 1.56000000e+00  6.45372261e-04 
 1.57000000e+00  6.57704435e-04 
 1.58000000e+00  6.70153312e-04 
 1.59000000e+00  6.82718892e-04 
 1.60000000e+00  6.95401174e-04 
 1.61000000e+00  7.08200158e-04 
 1.62000000e+00  7.21115845e-04 
 1.63000000e+00  7.34148234e-04 
 1.64000000e+00  7.47297326e-04 
 1.65000000e+00  7.60563120e-04 
 1.66000000e+00  7.73945617e-04 
 1.67000000e+00  7.87444817e-04 
 1.68000000e+00  8.01060718e-04 
 1.69000000e+00  8.14793323e-04 
 1.70000000e+00  8.28642630e-04 
 1.71000000e+00  8.42608639e-04 
 1.72000000e+00  8.56691351e-04 
 1.73000000e+00  8.70890765e-04 
 1.74000000e+00  8.85206882e-04 
 1.75000000e+00  8.99639701e-04 
 1.76000000e+00  9.14189223e-04 
 1.77000000e+00  9.28855448e-04 
 1.78000000e+00  9.43638375e-04 
 1.79000000e+00  9.58538004e-04 
 1.80000000e+00  9.73554336e-04 
