 1.80000000e+00  1.81000000e-12 
 1.79000000e+00  1.81000000e-12 
 1.78000000e+00  1.81000000e-12 
 1.77000000e+00  1.81000000e-12 
 1.76000000e+00  1.81000000e-12 
 1.75000000e+00  1.81000000e-12 
 1.74000000e+00  1.81000000e-12 
 1.73000000e+00  1.81000000e-12 
 1.72000000e+00  1.81000000e-12 
 1.71000000e+00  1.81000000e-12 
 1.70000000e+00  1.81000000e-12 
 1.69000000e+00  1.81000000e-12 
 1.68000000e+00  1.81000000e-12 
 1.67000000e+00  1.81000000e-12 
 1.66000000e+00  1.81000000e-12 
 1.65000000e+00  1.81000000e-12 
 1.64000000e+00  1.81000000e-12 
 1.63000000e+00  1.81000000e-12 
 1.62000000e+00  1.81000000e-12 
 1.61000000e+00  1.81000000e-12 
 1.60000000e+00  1.81000000e-12 
 1.59000000e+00  1.81000000e-12 
 1.58000000e+00  1.81000000e-12 
 1.57000000e+00  1.81000000e-12 
 1.56000000e+00  1.81000000e-12 
 1.55000000e+00  1.81000000e-12 
 1.54000000e+00  1.81000000e-12 
 1.53000000e+00  1.81000000e-12 
 1.52000000e+00  1.81000000e-12 
 1.51000000e+00  1.81000000e-12 
 1.50000000e+00  1.81000000e-12 
 1.49000000e+00  1.81000000e-12 
 1.48000000e+00  1.81000000e-12 
 1.47000000e+00  1.81000000e-12 
 1.46000000e+00  1.81000000e-12 
 1.45000000e+00  1.81000000e-12 
 1.44000000e+00  1.81000000e-12 
 1.43000000e+00  1.81000000e-12 
 1.42000000e+00  1.81000000e-12 
 1.41000000e+00  1.81000000e-12 
 1.40000000e+00  1.81000000e-12 
 1.39000000e+00  1.81000000e-12 
 1.38000000e+00  1.81000000e-12 
 1.37000000e+00  1.81000000e-12 
 1.36000000e+00  1.81000000e-12 
 1.35000000e+00  1.81000000e-12 
 1.34000000e+00  1.81000000e-12 
 1.33000000e+00  1.07321364e-08 
 1.32000000e+00  1.17740614e-07 
 1.31000000e+00  3.39511359e-07 
 1.30000000e+00  6.76044372e-07 
 1.29000000e+00  1.12733965e-06 
 1.28000000e+00  1.69339720e-06 
 1.27000000e+00  2.37421702e-06 
 1.26000000e+00  3.16979910e-06 
 1.25000000e+00  4.08014345e-06 
 1.24000000e+00  5.10525008e-06 
 1.23000000e+00  6.24511896e-06 
 1.22000000e+00  7.49975012e-06 
 1.21000000e+00  8.86914354e-06 
 1.20000000e+00  1.03532992e-05 
 1.19000000e+00  1.19522172e-05 
 1.18000000e+00  1.36658974e-05 
 1.17000000e+00  1.54943399e-05 
 1.16000000e+00  1.74375447e-05 
 1.15000000e+00  1.94955117e-05 
 1.14000000e+00  2.16682410e-05 
 1.13000000e+00  2.39557326e-05 
 1.12000000e+00  2.63579864e-05 
 1.11000000e+00  2.88750025e-05 
 1.10000000e+00  3.15067809e-05 
 1.09000000e+00  3.42533215e-05 
 1.08000000e+00  3.71146244e-05 
 1.07000000e+00  4.00906896e-05 
 1.06000000e+00  4.31815170e-05 
 1.05000000e+00  4.63871068e-05 
 1.04000000e+00  4.97074587e-05 
 1.03000000e+00  5.31425730e-05 
 1.02000000e+00  5.66924495e-05 
 1.01000000e+00  6.02997071e-05 
 1.00000000e+00  6.40791082e-05 
 9.90000000e-01  6.79732715e-05 
 9.80000000e-01  7.19821971e-05 
 9.70000000e-01  7.61058850e-05 
 9.60000000e-01  8.03443351e-05 
 9.50000000e-01  8.46975475e-05 
 9.40000000e-01  8.91655221e-05 
 9.30000000e-01  9.37482590e-05 
 9.20000000e-01  9.84457582e-05 
 9.10000000e-01  1.03258020e-04 
 9.00000000e-01  1.08185043e-04 
 8.90000000e-01  1.13226829e-04 
 8.80000000e-01  1.18383378e-04 
 8.70000000e-01  1.23654688e-04 
 8.60000000e-01  1.29040761e-04 
 8.50000000e-01  1.34541596e-04 
 8.40000000e-01  1.40157193e-04 
 8.30000000e-01  1.45887553e-04 
 8.20000000e-01  1.51732675e-04 
 8.10000000e-01  1.57692559e-04 
 8.00000000e-01  1.63767205e-04 
 7.90000000e-01  1.69956614e-04 
 7.80000000e-01  1.76260785e-04 
 7.70000000e-01  1.82679718e-04 
 7.60000000e-01  1.89213414e-04 
 7.50000000e-01  1.95861871e-04 
 7.40000000e-01  2.02625092e-04 
 7.30000000e-01  2.09503074e-04 
 7.20000000e-01  2.16495818e-04 
 7.10000000e-01  2.23603325e-04 
 7.00000000e-01  2.30825594e-04 
 6.90000000e-01  2.38162626e-04 
 6.80000000e-01  2.45614419e-04 
 6.70000000e-01  2.53180975e-04 
 6.60000000e-01  2.60862293e-04 
 6.50000000e-01  2.68658374e-04 
 6.40000000e-01  2.76569216e-04 
 6.30000000e-01  2.84594821e-04 
 6.20000000e-01  2.92735189e-04 
 6.10000000e-01  3.00990318e-04 
 6.00000000e-01  3.09360210e-04 
 5.90000000e-01  3.17844864e-04 
 5.80000000e-01  3.26444280e-04 
 5.70000000e-01  3.35158459e-04 
 5.60000000e-01  3.43987400e-04 
 5.50000000e-01  3.52931103e-04 
 5.40000000e-01  3.61989568e-04 
 5.30000000e-01  3.71162796e-04 
 5.20000000e-01  3.80450786e-04 
 5.10000000e-01  3.89853538e-04 
 5.00000000e-01  3.99371052e-04 
 4.90000000e-01  4.09003329e-04 
 4.80000000e-01  4.18750368e-04 
 4.70000000e-01  4.28612169e-04 
 4.60000000e-01  4.38588733e-04 
 4.50000000e-01  4.48680058e-04 
 4.40000000e-01  4.58886147e-04 
 4.30000000e-01  4.69206997e-04 
 4.20000000e-01  4.79642609e-04 
 4.10000000e-01  4.90192984e-04 
 4.00000000e-01  5.00858121e-04 
 3.90000000e-01  5.11638021e-04 
 3.80000000e-01  5.22532682e-04 
 3.70000000e-01  5.33542106e-04 
 3.60000000e-01  5.44666293e-04 
 3.50000000e-01  5.55905241e-04 
 3.40000000e-01  5.67258952e-04 
 3.30000000e-01  5.78727425e-04 
 3.20000000e-01  5.90310660e-04 
 3.10000000e-01  6.02008658e-04 
 3.00000000e-01  6.13821417e-04 
 2.90000000e-01  6.25748939e-04 
 2.80000000e-01  6.37791224e-04 
 2.70000000e-01  6.49948270e-04 
 2.60000000e-01  6.62220079e-04 
 2.50000000e-01  6.74606650e-04 
 2.40000000e-01  6.87107984e-04 
 2.30000000e-01  6.99724079e-04 
 2.20000000e-01  7.12454937e-04 
 2.10000000e-01  7.25300558e-04 
 2.00000000e-01  7.38260940e-04 
 1.90000000e-01  7.51336085e-04 
 1.80000000e-01  7.64525992e-04 
 1.70000000e-01  7.77830661e-04 
 1.60000000e-01  7.91250093e-04 
 1.50000000e-01  8.04784287e-04 
 1.40000000e-01  8.18433243e-04 
 1.30000000e-01  8.32196961e-04 
 1.20000000e-01  8.46075442e-04 
 1.10000000e-01  8.60068685e-04 
 1.00000000e-01  8.74176690e-04 
 9.00000000e-02  8.88399457e-04 
 8.00000000e-02  9.02736987e-04 
 7.00000000e-02  9.17189279e-04 
 6.00000000e-02  9.31756333e-04 
 5.00000000e-02  9.46438149e-04 
 4.00000000e-02  9.61234728e-04 
 3.00000000e-02  9.76146069e-04 
 2.00000000e-02  9.91172173e-04 
 1.00000000e-02  1.00631304e-03 
-1.41900380e-15  1.02156867e-03 
