 1.80000000e+00  1.81000000e-12 
 1.79000000e+00  1.81000000e-12 
 1.78000000e+00  1.81000000e-12 
 1.77000000e+00  1.81000000e-12 
 1.76000000e+00  1.81000000e-12 
 1.75000000e+00  1.81000000e-12 
 1.74000000e+00  1.81000000e-12 
 1.73000000e+00  1.81000000e-12 
 1.72000000e+00  1.81000000e-12 
 1.71000000e+00  1.81000000e-12 
 1.70000000e+00  1.81000000e-12 
 1.69000000e+00  1.81000000e-12 
 1.68000000e+00  1.81000000e-12 
 1.67000000e+00  1.81000000e-12 
 1.66000000e+00  1.81000000e-12 
 1.65000000e+00  1.81000000e-12 
 1.64000000e+00  1.81000000e-12 
 1.63000000e+00  1.81000000e-12 
 1.62000000e+00  1.81000000e-12 
 1.61000000e+00  1.81000000e-12 
 1.60000000e+00  1.81000000e-12 
 1.59000000e+00  1.81000000e-12 
 1.58000000e+00  1.81000000e-12 
 1.57000000e+00  1.81000000e-12 
 1.56000000e+00  1.81000000e-12 
 1.55000000e+00  1.81000000e-12 
 1.54000000e+00  1.81000000e-12 
 1.53000000e+00  1.81000000e-12 
 1.52000000e+00  1.81000000e-12 
 1.51000000e+00  1.81000000e-12 
 1.50000000e+00  1.81000000e-12 
 1.49000000e+00  1.81000000e-12 
 1.48000000e+00  1.81000000e-12 
 1.47000000e+00  1.81000000e-12 
 1.46000000e+00  1.81000000e-12 
 1.45000000e+00  1.81000000e-12 
 1.44000000e+00  1.81000000e-12 
 1.43000000e+00  1.81000000e-12 
 1.42000000e+00  1.81000000e-12 
 1.41000000e+00  1.81000000e-12 
 1.40000000e+00  1.81000000e-12 
 1.39000000e+00  1.81000000e-12 
 1.38000000e+00  1.81000000e-12 
 1.37000000e+00  1.81000000e-12 
 1.36000000e+00  1.81000000e-12 
 1.35000000e+00  1.81000000e-12 
 1.34000000e+00  1.81000000e-12 
 1.33000000e+00  1.81000000e-12 
 1.32000000e+00  1.81000000e-12 
 1.31000000e+00  6.25645601e-09 
 1.30000000e+00  9.92196028e-08 
 1.29000000e+00  3.03482483e-07 
 1.28000000e+00  6.19045097e-07 
 1.27000000e+00  1.04590744e-06 
 1.26000000e+00  1.58406952e-06 
 1.25000000e+00  2.23353134e-06 
 1.24000000e+00  2.99429289e-06 
 1.23000000e+00  3.86635417e-06 
 1.22000000e+00  4.84971518e-06 
 1.21000000e+00  5.94437593e-06 
 1.20000000e+00  7.15033641e-06 
 1.19000000e+00  8.46759663e-06 
 1.18000000e+00  9.89615657e-06 
 1.17000000e+00  1.14360163e-05 
 1.16000000e+00  1.30871757e-05 
 1.15000000e+00  1.48496348e-05 
 1.14000000e+00  1.67233937e-05 
 1.13000000e+00  1.87084523e-05 
 1.12000000e+00  2.08048107e-05 
 1.11000000e+00  2.30124687e-05 
 1.10000000e+00  2.53314266e-05 
 1.09000000e+00  2.77616841e-05 
 1.08000000e+00  3.03032414e-05 
 1.07000000e+00  3.29560984e-05 
 1.06000000e+00  3.57202552e-05 
 1.05000000e+00  3.85957116e-05 
 1.04000000e+00  4.15824679e-05 
 1.03000000e+00  4.46805238e-05 
 1.02000000e+00  4.78898795e-05 
 1.01000000e+00  5.12105349e-05 
 1.00000000e+00  5.46424901e-05 
 9.90000000e-01  5.81300951e-05 
 9.80000000e-01  6.17846497e-05 
 9.70000000e-01  6.55505040e-05 
 9.60000000e-01  6.94276581e-05 
 9.50000000e-01  7.34161119e-05 
 9.40000000e-01  7.75158655e-05 
 9.30000000e-01  8.17269188e-05 
 9.20000000e-01  8.60492718e-05 
 9.10000000e-01  9.04829246e-05 
 9.00000000e-01  9.50278770e-05 
 8.90000000e-01  9.96841293e-05 
 8.80000000e-01  1.04451681e-04 
 8.70000000e-01  1.09330533e-04 
 8.60000000e-01  1.14320684e-04 
 8.50000000e-01  1.19422135e-04 
 8.40000000e-01  1.24634886e-04 
 8.30000000e-01  1.29958937e-04 
 8.20000000e-01  1.35394287e-04 
 8.10000000e-01  1.40940937e-04 
 8.00000000e-01  1.46598887e-04 
 7.90000000e-01  1.52368137e-04 
 7.80000000e-01  1.58248686e-04 
 7.70000000e-01  1.64240535e-04 
 7.60000000e-01  1.70343684e-04 
 7.50000000e-01  1.76558132e-04 
 7.40000000e-01  1.82883881e-04 
 7.30000000e-01  1.89320928e-04 
 7.20000000e-01  1.95869276e-04 
 7.10000000e-01  2.02528924e-04 
 7.00000000e-01  2.09299871e-04 
 6.90000000e-01  2.16182118e-04 
 6.80000000e-01  2.23175664e-04 
 6.70000000e-01  2.30280511e-04 
 6.60000000e-01  2.37496657e-04 
 6.50000000e-01  2.44824103e-04 
 6.40000000e-01  2.52262848e-04 
 6.30000000e-01  2.59812893e-04 
 6.20000000e-01  2.67474238e-04 
 6.10000000e-01  2.75246883e-04 
 6.00000000e-01  2.83130828e-04 
 5.90000000e-01  2.91126072e-04 
 5.80000000e-01  2.99232616e-04 
 5.70000000e-01  3.07450460e-04 
 5.60000000e-01  3.15779603e-04 
 5.50000000e-01  3.24220046e-04 
 5.40000000e-01  3.32771789e-04 
 5.30000000e-01  3.41434832e-04 
 5.20000000e-01  3.50209174e-04 
 5.10000000e-01  3.59094816e-04 
 5.00000000e-01  3.68091758e-04 
 4.90000000e-01  3.77199999e-04 
 4.80000000e-01  3.86419541e-04 
 4.70000000e-01  3.95750382e-04 
 4.60000000e-01  4.05192522e-04 
 4.50000000e-01  4.14745963e-04 
 4.40000000e-01  4.24410703e-04 
 4.30000000e-01  4.34186743e-04 
 4.20000000e-01  4.44074083e-04 
 4.10000000e-01  4.54072722e-04 
 4.00000000e-01  4.64182661e-04 
 3.90000000e-01  4.74403900e-04 
 3.80000000e-01  4.84736439e-04 
 3.70000000e-01  4.95180277e-04 
 3.60000000e-01  5.05735415e-04 
 3.50000000e-01  5.16401853e-04 
 3.40000000e-01  5.27179591e-04 
 3.30000000e-01  5.38068628e-04 
 3.20000000e-01  5.49068965e-04 
 3.10000000e-01  5.60180602e-04 
 3.00000000e-01  5.71403538e-04 
 2.90000000e-01  5.82737775e-04 
 2.80000000e-01  5.94183311e-04 
 2.70000000e-01  6.05740146e-04 
 2.60000000e-01  6.17408282e-04 
 2.50000000e-01  6.29187717e-04 
 2.40000000e-01  6.41078452e-04 
 2.30000000e-01  6.53080486e-04 
 2.20000000e-01  6.65193821e-04 
 2.10000000e-01  6.77418455e-04 
 2.00000000e-01  6.89754389e-04 
 1.90000000e-01  7.02201622e-04 
 1.80000000e-01  7.14760155e-04 
 1.70000000e-01  7.27429988e-04 
 1.60000000e-01  7.40211121e-04 
 1.50000000e-01  7.53103554e-04 
 1.40000000e-01  7.66107286e-04 
 1.30000000e-01  7.79222318e-04 
 1.20000000e-01  7.92448650e-04 
 1.10000000e-01  8.05786281e-04 
 1.00000000e-01  8.19235212e-04 
 9.00000000e-02  8.32795443e-04 
 8.00000000e-02  8.46466974e-04 
 7.00000000e-02  8.60249804e-04 
 6.00000000e-02  8.74143934e-04 
 5.00000000e-02  8.88149364e-04 
 4.00000000e-02  9.02266094e-04 
 3.00000000e-02  9.16494123e-04 
 2.00000000e-02  9.30833452e-04 
 1.00000000e-02  9.45284081e-04 
-1.41900380e-15  9.59846009e-04 
