 0.00000000e+00  1.81000000e-12 
 1.00000000e-02  1.81000000e-12 
 2.00000000e-02  1.81000000e-12 
 3.00000000e-02  1.81000000e-12 
 4.00000000e-02  1.81000000e-12 
 5.00000000e-02  1.81000000e-12 
 6.00000000e-02  1.81000000e-12 
 7.00000000e-02  1.81000000e-12 
 8.00000000e-02  1.81000000e-12 
 9.00000000e-02  1.81000000e-12 
 1.00000000e-01  1.81000000e-12 
 1.10000000e-01  1.81000000e-12 
 1.20000000e-01  1.81000000e-12 
 1.30000000e-01  1.81000000e-12 
 1.40000000e-01  1.81000000e-12 
 1.50000000e-01  1.81000000e-12 
 1.60000000e-01  1.81000000e-12 
 1.70000000e-01  1.81000000e-12 
 1.80000000e-01  1.81000000e-12 
 1.90000000e-01  1.81000000e-12 
 2.00000000e-01  1.81000000e-12 
 2.10000000e-01  1.81000000e-12 
 2.20000000e-01  1.81000000e-12 
 2.30000000e-01  1.81000000e-12 
 2.40000000e-01  1.81000000e-12 
 2.50000000e-01  1.81000000e-12 
 2.60000000e-01  1.81000000e-12 
 2.70000000e-01  1.81000000e-12 
 2.80000000e-01  1.81000000e-12 
 2.90000000e-01  1.81000000e-12 
 3.00000000e-01  1.81000000e-12 
 3.10000000e-01  1.81000000e-12 
 3.20000000e-01  1.81000000e-12 
 3.30000000e-01  1.81000000e-12 
 3.40000000e-01  1.81000000e-12 
 3.50000000e-01  1.81000000e-12 
 3.60000000e-01  1.81000000e-12 
 3.70000000e-01  1.81000000e-12 
 3.80000000e-01  1.81000000e-12 
 3.90000000e-01  1.81000000e-12 
 4.00000000e-01  1.81000000e-12 
 4.10000000e-01  1.81000000e-12 
 4.20000000e-01  1.81000000e-12 
 4.30000000e-01  1.81000000e-12 
 4.40000000e-01  1.81000000e-12 
 4.50000000e-01  1.81000000e-12 
 4.60000000e-01  1.81000000e-12 
 4.70000000e-01  1.81000000e-12 
 4.80000000e-01  1.81000000e-12 
 4.90000000e-01  1.81000000e-12 
 5.00000000e-01  1.81000000e-12 
 5.10000000e-01  1.81000000e-12 
 5.20000000e-01  1.14551089e-09 
 5.30000000e-01  7.29666942e-08 
 5.40000000e-01  2.56464659e-07 
 5.50000000e-01  5.51639404e-07 
 5.60000000e-01  9.58490931e-07 
 5.70000000e-01  1.47701924e-06 
 5.80000000e-01  2.10722433e-06 
 5.90000000e-01  2.84910620e-06 
 6.00000000e-01  3.70266485e-06 
 6.10000000e-01  4.66790028e-06 
 6.20000000e-01  5.74481249e-06 
 6.30000000e-01  6.93340148e-06 
 6.40000000e-01  8.23366726e-06 
 6.50000000e-01  9.64560982e-06 
 6.60000000e-01  1.11692292e-05 
 6.70000000e-01  1.28045253e-05 
 6.80000000e-01  1.45514982e-05 
 6.90000000e-01  1.64101478e-05 
 7.00000000e-01  1.83804743e-05 
 7.10000000e-01  2.04624776e-05 
 7.20000000e-01  2.26561576e-05 
 7.30000000e-01  2.49615144e-05 
 7.40000000e-01  2.73785480e-05 
 7.50000000e-01  2.99072583e-05 
 7.60000000e-01  3.25476455e-05 
 7.70000000e-01  3.52997094e-05 
 7.80000000e-01  3.81634501e-05 
 7.90000000e-01  4.11388676e-05 
 8.00000000e-01  4.42259619e-05 
 8.10000000e-01  4.74247329e-05 
 8.20000000e-01  5.07351808e-05 
 8.30000000e-01  5.41573054e-05 
 8.40000000e-01  5.76352684e-05 
 8.50000000e-01  6.12807466e-05 
 8.60000000e-01  6.50379015e-05 
 8.70000000e-01  6.89067333e-05 
 8.80000000e-01  7.28872418e-05 
 8.90000000e-01  7.69794271e-05 
 9.00000000e-01  8.11832892e-05 
 9.10000000e-01  8.54988280e-05 
 9.20000000e-01  8.99260437e-05 
 9.30000000e-01  9.44649361e-05 
 9.40000000e-01  9.91155053e-05 
 9.50000000e-01  1.03877751e-04 
 9.60000000e-01  1.08751674e-04 
 9.70000000e-01  1.13737274e-04 
 9.80000000e-01  1.18834550e-04 
 9.90000000e-01  1.24043503e-04 
 1.00000000e+00  1.29364133e-04 
 1.01000000e+00  1.34796440e-04 
 1.02000000e+00  1.40340423e-04 
 1.03000000e+00  1.45996083e-04 
 1.04000000e+00  1.51763420e-04 
 1.05000000e+00  1.57642434e-04 
 1.06000000e+00  1.63633125e-04 
 1.07000000e+00  1.69735492e-04 
 1.08000000e+00  1.75949536e-04 
 1.09000000e+00  1.82275257e-04 
 1.10000000e+00  1.88712655e-04 
 1.11000000e+00  1.95261729e-04 
 1.12000000e+00  2.01922481e-04 
 1.13000000e+00  2.08694909e-04 
 1.14000000e+00  2.15579013e-04 
 1.15000000e+00  2.22574795e-04 
 1.16000000e+00  2.29682253e-04 
 1.17000000e+00  2.36901389e-04 
 1.18000000e+00  2.44232201e-04 
 1.19000000e+00  2.51674689e-04 
 1.20000000e+00  2.59228855e-04 
 1.21000000e+00  2.66894697e-04 
 1.22000000e+00  2.74672216e-04 
 1.23000000e+00  2.82561412e-04 
 1.24000000e+00  2.90562285e-04 
 1.25000000e+00  2.98674834e-04 
 1.26000000e+00  3.06899060e-04 
 1.27000000e+00  3.15234963e-04 
 1.28000000e+00  3.23682543e-04 
 1.29000000e+00  3.32241800e-04 
 1.30000000e+00  3.40912733e-04 
 1.31000000e+00  3.49695343e-04 
 1.32000000e+00  3.58589630e-04 
 1.33000000e+00  3.67595594e-04 
 1.34000000e+00  3.76713234e-04 
 1.35000000e+00  3.85942551e-04 
 1.36000000e+00  3.95283545e-04 
 1.37000000e+00  4.04736216e-04 
 1.38000000e+00  4.14300564e-04 
 1.39000000e+00  4.23976588e-04 
 1.40000000e+00  4.33764289e-04 
 1.41000000e+00  4.43663667e-04 
 1.42000000e+00  4.53674722e-04 
 1.43000000e+00  4.63797453e-04 
 1.44000000e+00  4.74031861e-04 
 1.45000000e+00  4.84377946e-04 
 1.46000000e+00  4.94835708e-04 
 1.47000000e+00  5.05405147e-04 
 1.48000000e+00  5.16086262e-04 
 1.49000000e+00  5.26879054e-04 
 1.50000000e+00  5.37783523e-04 
 1.51000000e+00  5.48799669e-04 
 1.52000000e+00  5.59927492e-04 
 1.53000000e+00  5.71166991e-04 
 1.54000000e+00  5.82518167e-04 
 1.55000000e+00  5.93981020e-04 
 1.56000000e+00  6.05555549e-04 
 1.57000000e+00  6.17241756e-04 
 1.58000000e+00  6.29039639e-04 
 1.59000000e+00  6.40949199e-04 
 1.60000000e+00  6.52970436e-04 
 1.61000000e+00  6.65103349e-04 
 1.62000000e+00  6.77347940e-04 
 1.63000000e+00  6.89704207e-04 
 1.64000000e+00  7.02172151e-04 
 1.65000000e+00  7.14751771e-04 
 1.66000000e+00  7.27443069e-04 
 1.67000000e+00  7.40246043e-04 
 1.68000000e+00  7.53160694e-04 
 1.69000000e+00  7.66187022e-04 
 1.70000000e+00  7.79325026e-04 
 1.71000000e+00  7.92574708e-04 
 1.72000000e+00  8.05936066e-04 
 1.73000000e+00  8.19409101e-04 
 1.74000000e+00  8.32993812e-04 
 1.75000000e+00  8.46690201e-04 
 1.76000000e+00  8.60498266e-04 
 1.77000000e+00  8.74418008e-04 
 1.78000000e+00  8.88449427e-04 
 1.79000000e+00  9.02592522e-04 
 1.80000000e+00  9.16847295e-04 
