 1.80000000e+00  1.81000000e-12 
 1.79000000e+00  1.81000000e-12 
 1.78000000e+00  1.81000000e-12 
 1.77000000e+00  1.81000000e-12 
 1.76000000e+00  1.81000000e-12 
 1.75000000e+00  1.81000000e-12 
 1.74000000e+00  1.81000000e-12 
 1.73000000e+00  1.81000000e-12 
 1.72000000e+00  1.81000000e-12 
 1.71000000e+00  1.81000000e-12 
 1.70000000e+00  1.81000000e-12 
 1.69000000e+00  1.81000000e-12 
 1.68000000e+00  1.81000000e-12 
 1.67000000e+00  1.81000000e-12 
 1.66000000e+00  1.81000000e-12 
 1.65000000e+00  1.81000000e-12 
 1.64000000e+00  1.81000000e-12 
 1.63000000e+00  1.81000000e-12 
 1.62000000e+00  1.81000000e-12 
 1.61000000e+00  1.81000000e-12 
 1.60000000e+00  1.81000000e-12 
 1.59000000e+00  1.81000000e-12 
 1.58000000e+00  1.81000000e-12 
 1.57000000e+00  1.81000000e-12 
 1.56000000e+00  1.81000000e-12 
 1.55000000e+00  1.81000000e-12 
 1.54000000e+00  1.81000000e-12 
 1.53000000e+00  1.81000000e-12 
 1.52000000e+00  1.81000000e-12 
 1.51000000e+00  1.81000000e-12 
 1.50000000e+00  1.81000000e-12 
 1.49000000e+00  1.81000000e-12 
 1.48000000e+00  1.81000000e-12 
 1.47000000e+00  1.81000000e-12 
 1.46000000e+00  1.81000000e-12 
 1.45000000e+00  1.81000000e-12 
 1.44000000e+00  1.81000000e-12 
 1.43000000e+00  1.81000000e-12 
 1.42000000e+00  1.81000000e-12 
 1.41000000e+00  1.81000000e-12 
 1.40000000e+00  1.81000000e-12 
 1.39000000e+00  1.81000000e-12 
 1.38000000e+00  1.81000000e-12 
 1.37000000e+00  1.81000000e-12 
 1.36000000e+00  1.81000000e-12 
 1.35000000e+00  1.81000000e-12 
 1.34000000e+00  1.81000000e-12 
 1.33000000e+00  1.81000000e-12 
 1.32000000e+00  1.81000000e-12 
 1.31000000e+00  1.81000000e-12 
 1.30000000e+00  2.94113260e-08 
 1.29000000e+00  1.71176524e-07 
 1.28000000e+00  4.30302770e-07 
 1.27000000e+00  8.06790062e-07 
 1.26000000e+00  1.30063840e-06 
 1.25000000e+00  1.91184779e-06 
 1.24000000e+00  2.64041822e-06 
 1.23000000e+00  3.48634970e-06 
 1.22000000e+00  4.44964223e-06 
 1.21000000e+00  5.53029581e-06 
 1.20000000e+00  6.72831043e-06 
 1.19000000e+00  8.04368610e-06 
 1.18000000e+00  9.47642282e-06 
 1.17000000e+00  1.10265206e-05 
 1.16000000e+00  1.26939794e-05 
 1.15000000e+00  1.44787992e-05 
 1.14000000e+00  1.63809802e-05 
 1.13000000e+00  1.84005221e-05 
 1.12000000e+00  2.05374251e-05 
 1.11000000e+00  2.27916891e-05 
 1.10000000e+00  2.51633142e-05 
 1.09000000e+00  2.76523004e-05 
 1.08000000e+00  3.02586476e-05 
 1.07000000e+00  3.29823558e-05 
 1.06000000e+00  3.58234251e-05 
 1.05000000e+00  3.87818554e-05 
 1.04000000e+00  4.18576468e-05 
 1.03000000e+00  4.50507992e-05 
 1.02000000e+00  4.83613127e-05 
 1.01000000e+00  5.17891872e-05 
 1.00000000e+00  5.53344228e-05 
 9.90000000e-01  5.89383389e-05 
 9.80000000e-01  6.27182965e-05 
 9.70000000e-01  6.66156152e-05 
 9.60000000e-01  7.06302950e-05 
 9.50000000e-01  7.47623358e-05 
 9.40000000e-01  7.90117376e-05 
 9.30000000e-01  8.33785005e-05 
 9.20000000e-01  8.78626245e-05 
 9.10000000e-01  9.24641094e-05 
 9.00000000e-01  9.71829555e-05 
 8.90000000e-01  1.02019163e-04 
 8.80000000e-01  1.06972731e-04 
 8.70000000e-01  1.12043660e-04 
 8.60000000e-01  1.17231950e-04 
 8.50000000e-01  1.22537601e-04 
 8.40000000e-01  1.27960614e-04 
 8.30000000e-01  1.33500987e-04 
 8.20000000e-01  1.39158721e-04 
 8.10000000e-01  1.44933817e-04 
 8.00000000e-01  1.50826273e-04 
 7.90000000e-01  1.56836091e-04 
 7.80000000e-01  1.62963270e-04 
 7.70000000e-01  1.69207809e-04 
 7.60000000e-01  1.75569710e-04 
 7.50000000e-01  1.82048972e-04 
 7.40000000e-01  1.88645594e-04 
 7.30000000e-01  1.95359578e-04 
 7.20000000e-01  2.02190923e-04 
 7.10000000e-01  2.09139629e-04 
 7.00000000e-01  2.16205696e-04 
 6.90000000e-01  2.23389124e-04 
 6.80000000e-01  2.30689913e-04 
 6.70000000e-01  2.38108063e-04 
 6.60000000e-01  2.45643574e-04 
 6.50000000e-01  2.53296447e-04 
 6.40000000e-01  2.61066680e-04 
 6.30000000e-01  2.68954274e-04 
 6.20000000e-01  2.76959230e-04 
 6.10000000e-01  2.85081546e-04 
 6.00000000e-01  2.93321223e-04 
 5.90000000e-01  3.01678262e-04 
 5.80000000e-01  3.10152661e-04 
 5.70000000e-01  3.18744422e-04 
 5.60000000e-01  3.27453544e-04 
 5.50000000e-01  3.36280026e-04 
 5.40000000e-01  3.45223870e-04 
 5.30000000e-01  3.54285075e-04 
 5.20000000e-01  3.63463641e-04 
 5.10000000e-01  3.72759568e-04 
 5.00000000e-01  3.82172856e-04 
 4.90000000e-01  3.91703504e-04 
 4.80000000e-01  4.01351515e-04 
 4.70000000e-01  4.11116886e-04 
 4.60000000e-01  4.20999618e-04 
 4.50000000e-01  4.30999711e-04 
 4.40000000e-01  4.41117165e-04 
 4.30000000e-01  4.51351980e-04 
 4.20000000e-01  4.61704157e-04 
 4.10000000e-01  4.72173694e-04 
 4.00000000e-01  4.82760592e-04 
 3.90000000e-01  4.93464852e-04 
 3.80000000e-01  5.04286472e-04 
 3.70000000e-01  5.15225454e-04 
 3.60000000e-01  5.26281796e-04 
 3.50000000e-01  5.37455500e-04 
 3.40000000e-01  5.48746565e-04 
 3.30000000e-01  5.60154990e-04 
 3.20000000e-01  5.71680777e-04 
 3.10000000e-01  5.83323925e-04 
 3.00000000e-01  5.95084434e-04 
 2.90000000e-01  6.06962304e-04 
 2.80000000e-01  6.18957535e-04 
 2.70000000e-01  6.31070127e-04 
 2.60000000e-01  6.43300080e-04 
 2.50000000e-01  6.55647394e-04 
 2.40000000e-01  6.68112069e-04 
 2.30000000e-01  6.80694105e-04 
 2.20000000e-01  6.93393502e-04 
 2.10000000e-01  7.06210261e-04 
 2.00000000e-01  7.19144380e-04 
 1.90000000e-01  7.32195860e-04 
 1.80000000e-01  7.45364702e-04 
 1.70000000e-01  7.58650904e-04 
 1.60000000e-01  7.72054468e-04 
 1.50000000e-01  7.85575392e-04 
 1.40000000e-01  7.99213678e-04 
 1.30000000e-01  8.12969325e-04 
 1.20000000e-01  8.26842332e-04 
 1.10000000e-01  8.40832701e-04 
 1.00000000e-01  8.54940431e-04 
 9.00000000e-02  8.69165522e-04 
 8.00000000e-02  8.83507974e-04 
 7.00000000e-02  8.97967787e-04 
 6.00000000e-02  9.12544961e-04 
 5.00000000e-02  9.27239496e-04 
 4.00000000e-02  9.42051392e-04 
 3.00000000e-02  9.56980649e-04 
 2.00000000e-02  9.72027267e-04 
 1.00000000e-02  9.87191246e-04 
-1.41900380e-15  1.00247259e-03 
