 1.80000000e+00  1.81000000e-12 
 1.79000000e+00  1.81000000e-12 
 1.78000000e+00  1.81000000e-12 
 1.77000000e+00  1.81000000e-12 
 1.76000000e+00  1.81000000e-12 
 1.75000000e+00  1.81000000e-12 
 1.74000000e+00  1.81000000e-12 
 1.73000000e+00  1.81000000e-12 
 1.72000000e+00  1.81000000e-12 
 1.71000000e+00  1.81000000e-12 
 1.70000000e+00  1.81000000e-12 
 1.69000000e+00  1.81000000e-12 
 1.68000000e+00  1.81000000e-12 
 1.67000000e+00  1.81000000e-12 
 1.66000000e+00  1.81000000e-12 
 1.65000000e+00  1.81000000e-12 
 1.64000000e+00  1.81000000e-12 
 1.63000000e+00  1.81000000e-12 
 1.62000000e+00  1.81000000e-12 
 1.61000000e+00  1.81000000e-12 
 1.60000000e+00  1.81000000e-12 
 1.59000000e+00  1.81000000e-12 
 1.58000000e+00  1.81000000e-12 
 1.57000000e+00  1.81000000e-12 
 1.56000000e+00  1.81000000e-12 
 1.55000000e+00  1.81000000e-12 
 1.54000000e+00  1.81000000e-12 
 1.53000000e+00  1.81000000e-12 
 1.52000000e+00  1.81000000e-12 
 1.51000000e+00  1.81000000e-12 
 1.50000000e+00  1.81000000e-12 
 1.49000000e+00  1.81000000e-12 
 1.48000000e+00  1.81000000e-12 
 1.47000000e+00  1.81000000e-12 
 1.46000000e+00  1.81000000e-12 
 1.45000000e+00  1.81000000e-12 
 1.44000000e+00  1.81000000e-12 
 1.43000000e+00  1.81000000e-12 
 1.42000000e+00  1.81000000e-12 
 1.41000000e+00  1.81000000e-12 
 1.40000000e+00  1.81000000e-12 
 1.39000000e+00  1.81000000e-12 
 1.38000000e+00  1.81000000e-12 
 1.37000000e+00  1.81000000e-12 
 1.36000000e+00  1.81000000e-12 
 1.35000000e+00  1.81000000e-12 
 1.34000000e+00  2.11951479e-09 
 1.33000000e+00  8.20596456e-08 
 1.32000000e+00  2.77621469e-07 
 1.31000000e+00  5.88804986e-07 
 1.30000000e+00  1.01561020e-06 
 1.29000000e+00  1.55803710e-06 
 1.28000000e+00  2.21608569e-06 
 1.27000000e+00  2.98975598e-06 
 1.26000000e+00  3.87904796e-06 
 1.25000000e+00  4.88396164e-06 
 1.24000000e+00  6.00449700e-06 
 1.23000000e+00  7.24065406e-06 
 1.22000000e+00  8.59243281e-06 
 1.21000000e+00  1.00598333e-05 
 1.20000000e+00  1.16428554e-05 
 1.19000000e+00  1.33414992e-05 
 1.18000000e+00  1.51557648e-05 
 1.17000000e+00  1.70856520e-05 
 1.16000000e+00  1.91311609e-05 
 1.15000000e+00  2.12922915e-05 
 1.14000000e+00  2.35690438e-05 
 1.13000000e+00  2.59614178e-05 
 1.12000000e+00  2.84694134e-05 
 1.11000000e+00  3.10930308e-05 
 1.10000000e+00  3.38322699e-05 
 1.09000000e+00  3.66871306e-05 
 1.08000000e+00  3.96576131e-05 
 1.07000000e+00  4.27437172e-05 
 1.06000000e+00  4.59454431e-05 
 1.05000000e+00  4.92627906e-05 
 1.04000000e+00  5.26957598e-05 
 1.03000000e+00  5.62443508e-05 
 1.02000000e+00  5.98507525e-05 
 1.01000000e+00  6.36305868e-05 
 1.00000000e+00  6.75260428e-05 
 9.90000000e-01  7.15371205e-05 
 9.80000000e-01  7.56638199e-05 
 9.70000000e-01  7.99061410e-05 
 9.60000000e-01  8.42640837e-05 
 9.50000000e-01  8.87376482e-05 
 9.40000000e-01  9.33268343e-05 
 9.30000000e-01  9.80316422e-05 
 9.20000000e-01  1.02852072e-04 
 9.10000000e-01  1.07788123e-04 
 9.00000000e-01  1.12839796e-04 
 8.90000000e-01  1.18007090e-04 
 8.80000000e-01  1.23290007e-04 
 8.70000000e-01  1.28688545e-04 
 8.60000000e-01  1.34202705e-04 
 8.50000000e-01  1.39832486e-04 
 8.40000000e-01  1.45577889e-04 
 8.30000000e-01  1.51438914e-04 
 8.20000000e-01  1.57415560e-04 
 8.10000000e-01  1.63507828e-04 
 8.00000000e-01  1.69715718e-04 
 7.90000000e-01  1.76039230e-04 
 7.80000000e-01  1.82478363e-04 
 7.70000000e-01  1.89033118e-04 
 7.60000000e-01  1.95703495e-04 
 7.50000000e-01  2.02489493e-04 
 7.40000000e-01  2.09391113e-04 
 7.30000000e-01  2.16408355e-04 
 7.20000000e-01  2.23541218e-04 
 7.10000000e-01  2.30789703e-04 
 7.00000000e-01  2.38153810e-04 
 6.90000000e-01  2.45633538e-04 
 6.80000000e-01  2.53228889e-04 
 6.70000000e-01  2.60939860e-04 
 6.60000000e-01  2.68766454e-04 
 6.50000000e-01  2.76708669e-04 
 6.40000000e-01  2.84766506e-04 
 6.30000000e-01  2.92939965e-04 
 6.20000000e-01  3.01229045e-04 
 6.10000000e-01  3.09633747e-04 
 6.00000000e-01  3.18154071e-04 
 5.90000000e-01  3.26790016e-04 
 5.80000000e-01  3.35541583e-04 
 5.70000000e-01  3.44408772e-04 
 5.60000000e-01  3.53391583e-04 
 5.50000000e-01  3.62490015e-04 
 5.40000000e-01  3.71704069e-04 
 5.30000000e-01  3.81033744e-04 
 5.20000000e-01  3.90479041e-04 
 5.10000000e-01  4.00039960e-04 
 5.00000000e-01  4.09716501e-04 
 4.90000000e-01  4.19508663e-04 
 4.80000000e-01  4.29416447e-04 
 4.70000000e-01  4.39439853e-04 
 4.60000000e-01  4.49578881e-04 
 4.50000000e-01  4.59833530e-04 
 4.40000000e-01  4.70203800e-04 
 4.30000000e-01  4.80689693e-04 
 4.20000000e-01  4.91291207e-04 
 4.10000000e-01  5.02008343e-04 
 4.00000000e-01  5.12841101e-04 
 3.90000000e-01  5.23789480e-04 
 3.80000000e-01  5.34853481e-04 
 3.70000000e-01  5.46033103e-04 
 3.60000000e-01  5.57328348e-04 
 3.50000000e-01  5.68739214e-04 
 3.40000000e-01  5.80265701e-04 
 3.30000000e-01  5.91907811e-04 
 3.20000000e-01  6.03665542e-04 
 3.10000000e-01  6.15538895e-04 
 3.00000000e-01  6.27527869e-04 
 2.90000000e-01  6.39632465e-04 
 2.80000000e-01  6.51852683e-04 
 2.70000000e-01  6.64188523e-04 
 2.60000000e-01  6.76639984e-04 
 2.50000000e-01  6.89207067e-04 
 2.40000000e-01  7.01889772e-04 
 2.30000000e-01  7.14688098e-04 
 2.20000000e-01  7.27602046e-04 
 2.10000000e-01  7.40631616e-04 
 2.00000000e-01  7.53776807e-04 
 1.90000000e-01  7.67037621e-04 
 1.80000000e-01  7.80414055e-04 
 1.70000000e-01  7.93906112e-04 
 1.60000000e-01  8.07513790e-04 
 1.50000000e-01  8.21237090e-04 
 1.40000000e-01  8.35076011e-04 
 1.30000000e-01  8.49030555e-04 
 1.20000000e-01  8.63100720e-04 
 1.10000000e-01  8.77286506e-04 
 1.00000000e-01  8.91587915e-04 
 9.00000000e-02  9.06004945e-04 
 8.00000000e-02  9.20537597e-04 
 7.00000000e-02  9.35185870e-04 
 6.00000000e-02  9.49949765e-04 
 5.00000000e-02  9.64829282e-04 
 4.00000000e-02  9.79824420e-04 
 3.00000000e-02  9.94935181e-04 
 2.00000000e-02  1.01016156e-03 
 1.00000000e-02  1.02550357e-03 
-1.41900380e-15  1.04096119e-03 
